2979929
5681922
7307841
10946108
13487749
17757151
20899756
20899991
22383045
25394350
28451805
31109053
32896137
34401612
38033804
38045215
38851884
40501493
41302776
46791984
47135776
51675906
51678854
52374994
55523287
56536663
57226375
58552681
58602501
59771046
61275239
61701072
63306283
65595917
67222027
77927083
84736461
84821610
86874728
87487803
88240109
89613617
99100322
100979945
101856525
102203344
103111210
106325672
108939879
112778911
113029189
114989233
116999828
118675835
119378989
120699834
120824561
121892990
127149812
128492172
128998326
129605042
135533122
137761776
138387425
139109614
139266830
140310111
142187083
142979068
143775014
144433292
149344192
149532249
152041951
154342029
154663111
155619856
157634314
158533143
160784872
162444683
163380776
165332588
165489719
165680865
166701499
167771596
170401121
172817625
174306178
176258094
177673641
180348593
180734763
183172078
189845765
194335764
198860860
200078454
202104155
209146399
209312504
209985729
215573219
215941862
216678983
217433674
223397994
223535239
223987440
225346219
232404006
234137351
235712988
237215118
238158538
238440953
239592555
241832531
242058505
242260907
242398996
243474977
245022047
248064206
249026213
250079221
262437314
265005619
267315849
271400419
272297354
272622946
276748497
281639624
284477529
284790657
288206161
294465724
296134194
299962897
301113662
304764137
305566982
310963385
312684082
317304380
319242922
320676760
320846369
324731687
326230365
327608383
330632071
330803954
331079945
332047539
338610177
339684006
341694891
341724536
345229844
345289731
346124897
351317932
356302556
356549128
357040586
359139572
361545869
362291566
363338730
363960048
364046112
366964122
369843253
370140666
374772140
378068300
379795170
382864409
388949198
393584828
395435960
396235245
398022742
411012770
412346920
415575232
415764736
417913272
418253728
420919811
423950329
424756448
425093438
428622603
428907775
432767777
434494914
436183174
436652638
437189967
437341292
437956965
438949157
440211659
440306722
441587942
446166126
446230169
447383770
448602929
448892967
450048739
452085336
461809101
462160434
462332523
463823076
465171396
470648097
473741979
474027624
476600527
478152644
479476060
485810340
486353531
489513528
490358769
498370076
499352770
504783885
505109795
505325924
506362050
506985198
508197502
511087351
511653427
520314308
521403313
523195918
524538271
524943299
526904506
534939107
537792184
540830936
547184392
547845813
547906544
551231793
554464906
554520636
556121406
556239416
560309700
561157262
562632427
563552102
563762429
564403677
566856423
567385148
567638612
570158997
570379302
572285799
574305757
576742674
577334962
577933891
578224592
582981480
583354444
586384220
588833872
590591591
591502248
591930729
592615736
594481599
595548112
596448773
598780809
601601749
602122471
616129214
617181865
617366809
617508113
618373131
620379261
620693875
622445553
622528745
625872431
627365262
630774387
632520281
632665066
635003574
639267952
639434603
641175682
645225267
654450379
664828036
665587235
668530217
671998062
673595649
674563742
678668273
678738287
679201733
681743700
684194878
685101321
686153456
686581904
686957755
689836449
690991777
694540096
694645256
695036457
698509757
698619024
700024244
705974198
708967376
712198993
717195930
717245290
722831978
724932915
725764994
727090105
727142994
727523915
734581042
734640394
737968054
740981536
741527516
742025994
742680492
745431955
745650022
746609297
747221683
749710997
749930668
750625119
754024687
755818803
756805298
757621754
759765502
760615038
761448366
761647774
765758093
766841209
771382882
772838278
775179962
778380904
778748419
781978243
782500860
783301497
783584735
784698491
784768434
787226637
787861700
793730357
796793287
797955171
799860460
800553318
802655133
805869814
806806999
808375823
810609318
816227480
817219933
818817700
819098648
822050775
823666064
825172765
828815740
832519626
835225571
835576273
835861001
836113792
843711404
844969717
850410828
851500796
858059274
858066960
859958532
882598983
884953100
885685040
888573098
889232124
890509486
892148024
896016759
897115450
898263816
899067224
900771263
906826216
908497921
912632214
913925014
918643020
920704635
923518456
925136143
925671699
926541525
927674719
927899342
928348649
931298504
933288857
933834727
935286896
937423950
942723147
944430674
949649658
950293941
951201657
951917899
954511975
954619183
954718124
955767392
957760057
958458164
960476789
962371878
962434793
966538337
966623911
967643527
968607209
968919277
970587253
970749456
971280258
971606611
980517865
981722976
983866544
984562363
985797750
990567636
993115722
995393779
996005248
1002701417
1003203883
1003316238
1006349039
1012185253
1018179017
1021189421
1021336744
1022205610
1022769229
1023531721
1024601310
1027554349
1028052119
1031875728
1035254722
1038536438
1039113413
1039940964
1040020228
1042752155
1045307978
1047404465
1050955843
1051023649
1052151936
1052770263
1056472461
1058539482
1060982095
1061083251
1061862254
1062951243
1062953762
1063463832
1066966677
1067045570
1068398378
1070714235
1072028539
1072785434
1075660064
1075682309
1077300197
1078209191
1080200669
1091706436
1094194198
1096603037
1100729816
1102925832
1105433244
1106342819
1107969046
1108590689
1111571759
1113618406
1117168440
1120327879
1120766402
1122053548
1122784239
1122889136
1122998740
1128631410
1132340177
1135093268
1138972239
1144099374
1145301606
1147144142
1148801822
1150226199
1152715833
1157077821
1157926790
1159478945
1161400200
1163344834
1168244976
1168433231
1168824774
1172247329
1175281886
1175955094
1181478400
1182040822
1184897930
1188062098
1188154260
1189351564
1190272269
1190639983
1191986107
1192879488
1193133635
1200165584
1200250311
1205363478
1208710880
1209628725
1210919121
1212742320
1215326983
1215968862
1220248024
1221939760
1223319539
1226436163
1232084495
1236144107
1238582154
1239784503
1240858174
1242541102
1242762694
1245439914
1249799427
1249883089
1250524814
1255952718
1272385815
1275151827
1280726509
1284537456
1286964692
1287010357
1287505188
1287958114
1289226939
1291480939
1291775862
1294011687
1294679334
1295099203
1298341006
1298636991
1300058762
1300415189
1306611923
1307202611
1308677606
1311073591
1311178968
1312373328
1316040678
1318671458
1322866930
1324477162
1325532485
1332017980
1333726343
1333786539
1336923895
1339069555
1342124693
1343274304
1344598723
1344978228
1346581530
1348326789
1349376712
1350871866
1353548003
1354831500
1361390107
1366521603
1367508304
1369363839
1371570621
1372767311
1375664671
1376682381
1377711550
1379245823
1379668368
1380271375
1380842002
1381769079
1383926270
1384043000
1388668897
1398213975
1398595226
1403515003
1403704186
1404642050
1405481583
1405954978
1406421180
1408166297
1410708043
1411912344
1417731973
1418470396
1421585405
1422044553
1424278289
1425119841
1427238655
1427468486
1427595048
1429606385
1432966741
1436679075
1440213785
1441268644
1441782173
1444641299
1446231433
1446800736
1447992318
1448789116
1448943537
1449027721
1450812217
1456238368
1460092486
1460557673
1461527068
1461712271
1462103942
1462575332
1471019131
1472522252
1472743919
1474082141
1477422707
1482970451
1485537598
1489730057
1495820872
1498309347
1499088973
1506026186
1512495493
1514455582
1516596881
1518996431
1521102693
1524279430
1535304861
1537835564
1538937754
1542485408
1543751789
1544368906
1547191092
1547624928
1549347428
1552316604
1556517175
1563497505
1569887669
1570274849
1571301262
1574480281
1578963900
1579881430
1584201682
1585486265
1586766534
1589260907
1590407558
1591330895
1593169855
1593363964
1594412470
1595239510
1598562092
1599802375
1600641599
1601845500
1602669210
1606434329
1606618404
1610312832
1611212175
1614395414
1617019801
1622902966
1627798599
1628579553
1630194336
1630518754
1633851447
1634648236
1634774049
1635649394
1640249956
1640491575
1642704457
1644368344
1645946063
1646109888
1647584765
1648356255
1652205010
1654355516
1654385206
1654673256
1655488669
1658770814
1659745429
1663898582
1665515718
1666221958
1667029561
1667108089
1668189775
1671592446
1674267841
1674408370
1674743678
1674941367
1682537015
1685600030
1686909557
1687892540
1691975350
1692415914
1696022337
1696529946
1696687392
1697251288
1697792931
1705738126
1706072704
1706561160
1706581239
1707632750
1707681276
1709525962
1709823385
1709933532
1711408466
1711756375
1719234603
1720012892
1727498535
1732216533
1737452005
1742103702
1742271021
1742885648
1749047233
1753349558
1756323849
1758767425
1758961467
1761579901
1764220509
1765060156
1765954257
1766690724
1772437875
1772912795
1774910449
1775082411
1775113931
1782256117
1783180674
1786502473
1786699388
1790959607
1793351820
1794652222
1801446438
1804737564
1805881331
1806249108
1807940131
1809172235
1810049658
1813088195
1816074565
1817739612
1819913229
1824460026
1825012695
1825050137
1825530486
1826523485
1828416016
1829796350
1831042416
1834987865
1835374104
1840289629
1841778245
1845074494
1849541110
1849892227
1850060774
1850945162
1854072899
1855874270
1857570802
1858151428
1858566254
1859790684
1862453800
1864752748
1865171159
1868652236
1870682997
1872982167
1874311048
1876173299
1879137163
1881435730
1882485949
1883138209
1883174604
1883908104
1884097663
1885269295
1888103751
1889964185
1890230954
1892771101
1894925874
1895540850
1896314130
1899419429
1900051603
1900291852
1901612072
1902798537
1903605346
1907186443
1910631579
1917392467
1921522120
1922654009
1922930809
1926807816
1926917274
1929189609
1932540842
1933027197
1935737861
1939203785
1943817995
1947885972
1948822380
1952610060
1953063616
1953586269
1955924373
1960899538
1965907924
1969363787
1971094360
1975325399
1976552101
1978990407
1979933105
1983329582
1983735039
1984775921
1991392490
1992480400
1995392739
1999415163
2002997268
2006726022
2007170850
2008157717
2010453806
2011462455
2011463426
2015754751
2018709231
2022116591
2024814566
2026082240
2028364160
2029043829
2030445576
2031833865
2037117980
2039567014
2039704910
2042327539
2044323853
2044857125
2045246309
2045363052
2046623482
2049938251
2057432443
2057721289
2057946272
2060719684
2061519524
2070556275
2071015964
2072303165
2073271883
2076969125
2080700999
2082599433
2083748497
2086086664
2087758409
2091454389
2092695211
2098001513
2098149616
2098634985
2100525289
2102278833
2116516163
2117561935
2118067542
2119762239
2120269801
2123524676
2128387495
2129129928
2130690734
2130755330
2131449798
2140230535
2142310234
