785854
1127173
1804080
2896889
3992758
5182763
5967826
7297876
7587924
9236252
10355105
10477107
10566273
10802911
11169843
11601615
13691100
14816083
15006627
16297280
21554042
21801897
22953876
23484177
24150078
25194625
26806397
29281228
29556391
32165497
32728956
33644646
33892992
39226597
42983664
44026151
46096380
46395022
48216007
48480140
48912411
49089381
49181161
50227200
50677328
51397348
52437007
52962252
55797391
56206454
57304460
58232462
58897722
62156925
64919143
65586356
66243716
67690307
68956783
70439199
70548735
71030527
73690528
75456188
75972467
76160620
78174171
80317985
80592598
80699614
88040680
88607682
89919462
93390654
94090653
94128315
100501187
101992178
102609996
102713933
103416244
103710606
107508996
107659455
107826818
108817033
109024022
109447494
109712193
109944270
110899276
111076482
111974914
112973638
113071519
115020440
115552438
116432172
116687461
117481313
117482900
117697751
125129992
125864171
126265971
126691057
131137148
131945294
132810061
137670296
138551585
140598439
142770804
143185101
144175100
145166857
146102284
146698434
148676764
149073952
152205441
154243415
154625645
154708058
154763135
155101440
155916879
157157884
160753970
164482613
164829689
165239937
165303128
165976166
167455095
168414061
170775126
171712844
172114343
174632856
175508424
176566063
179147597
181173888
182438710
184210487
185438060
185944551
186192351
187380272
188107951
188184458
188340633
189417929
190224442
192193362
193971101
194208561
195051523
195544351
195989014
197909293
198717159
199506387
200017196
200107460
201850573
203673569
203866397
204890995
205110409
205485046
206213224
206576905
209504084
210510867
211077026
211441466
211789185
211973413
212676832
213319626
218438447
220890113
225736443
226246010
227056359
227076275
227164598
228403112
230649179
231914761
235546445
236366631
237020858
237675515
238736492
240078708
240541391
245489807
246134954
248325011
248479273
249750015
251704680
252661067
252734992
252796619
253428085
255159604
256650296
256968605
257293205
257661115
259498144
260482080
260494594
260510416
261916984
262013933
262863573
262968934
263124801
264406254
264870800
265232178
265637449
265721441
266970200
267359683
267708600
267815488
268064481
268739014
269598878
271474322
271774457
272122364
276512632
276812520
276939115
277539245
277588888
278765380
279190323
280869205
283127402
288075903
288561074
288723276
289222947
290445961
295046286
296832624
297922384
298816369
299009152
301020919
302014811
302077870
302320268
303808648
304236232
304552423
305815272
305943453
305949136
306252466
306650643
307611279
308093743
309306879
309702641
310808606
311205856
312009963
312055857
314227357
314266334
315079168
316159227
316451538
318390656
319882869
320871838
320877599
321558503
322263807
323080839
324377095
327025760
327063459
328165693
328439550
328996783
329243263
330035313
330265584
330883766
331400348
333666834
333726812
334133251
334421682
334843011
336467646
336750623
337018278
337662499
339196773
339820803
340796755
341435182
341586139
342153332
344557284
344983018
345993220
347718126
348376639
349523284
350126648
350753182
354298421
355782128
356025700
359272859
360807143
361712120
363405645
364358702
364562949
364631281
364789651
365844888
366354566
366654859
368262534
369096558
369600101
371482094
371833189
372389820
372684989
373134975
375747773
376037671
377376955
378783290
379027204
381683057
382630069
384391900
386091668
387452013
387639717
388538145
388827822
389308357
389385969
391482288
392734036
392869821
393738874
394647508
396451044
397044648
398358282
398645187
399843747
401067984
403268316
405317876
406146243
407564786
407696155
408329586
409047009
409570719
410028045
410592713
411918490
413294376
414189432
416036713
416290525
416449696
417125303
417318965
418518476
418699711
420597642
421075790
422425815
422512625
422575366
422854943
424464449
425416886
425957989
426004708
426073558
426840123
430080061
430742156
431143253
431495568
432648928
433453667
435657894
438260872
439479368
439533469
439788743
441184667
444851221
448179397
451347583
451377079
451651634
452352538
453960964
461487207
461600836
462437502
464111631
464269067
466416708
466942561
468306086
468928159
469023182
470177799
470231280
470778673
471958718
472813262
474396296
474501102
474822095
475859998
476636111
478207967
481288154
481952031
482125453
482449448
483073911
484537049
485213048
485642108
486216155
486885664
486902704
486973873
487158107
488416604
489299078
490444866
490498225
493425359
493789656
493798184
493855467
494470361
495030529
495239550
496746126
497257440
500628795
502086942
502740589
503179983
505800504
506988333
507054827
507915175
508202185
509509972
511085541
512273317
512392280
512739228
514613026
515600078
516152722
516624940
516933522
517072930
518742995
522739793
523246805
524324661
525083106
527889093
530389182
531818536
534066511
534698365
534995642
536267925
537153957
537400708
538372244
538687400
539747712
543026065
544110352
544743239
544962695
545039764
545348933
546223984
547270157
547331907
550359948
551310533
551659868
552127429
555270036
555680190
556475505
558735681
561806018
562227618
562817317
563262877
564024167
566717136
569440566
570130231
571483370
571524407
572316774
572716484
573071712
575359272
575489290
576496931
577017433
578800206
580990749
581198216
581384603
581729112
583659323
583946158
584249286
585662676
585935070
585941984
587443896
588753419
588914884
590679405
592921828
593986057
599246593
599976098
600592216
600882353
600932507
601217340
601650016
603338651
603602526
604072072
605356220
605393153
606372400
606438472
606789411
608210227
608265797
608502189
611281051
611747040
615746617
616161627
617603222
617630159
617788203
618095202
618334490
619941331
620007753
620987652
621054548
621280839
621717537
623726175
624670977
624761619
624874841
625865368
626652031
628232525
630292832
630965328
632702186
632814660
633785906
634206629
635332702
635516480
636188158
636512867
636573338
636886627
638493499
639512681
639839354
643178505
643219906
643318567
643510603
644429592
649556026
649830094
650662972
651118604
651339185
651770111
654497832
654510430
654534327
655260309
656167983
658767107
659617998
660716342
662258064
662366353
662543261
663563637
663613190
664406429
664993270
665444186
665483152
667609091
667638226
668322326
668914097
671132709
673638097
674623808
674961749
675051855
676524977
676711960
677256039
677257715
677660706
679223963
679771671
679922143
681968584
683665658
683949858
685410796
686183737
690940854
691692272
693493067
695685266
696074989
696347811
696406300
697856111
698283479
698731861
699403814
701574284
701782434
706060533
706857797
708049969
708154416
709652801
711187968
711510227
712338944
714702966
716552159
717992278
721536554
722289841
722439123
723770369
725517093
727016156
728497485
728764310
729562750
730109648
731259600
731289823
731372879
731735198
733125607
733925168
734893760
735529117
736206431
736440778
737611524
738216635
740792004
741200533
742610749
745506947
746226263
746679205
747405594
749312179
750409692
751600558
753798114
755567968
757072397
757222691
759570506
759574052
760851010
761079537
762243791
762289931
762716395
763355456
763897451
764124000
765805076
766720198
767053932
767448155
769944222
772758428
772852317
773376417
773609185
774315790
774318561
774628468
775013909
775691266
775871757
779021167
779858518
781827745
783395856
784248013
784812408
785981034
786416283
787394898
790182437
791797297
791824870
792194863
792264567
792350927
793046657
793487566
793943681
794005919
795548361
796635008
796649964
796712416
798211554
798907136
800336864
800496112
801708946
804789247
805509529
806109854
810232316
812080123
812622693
813179624
813196715
816162621
819217665
819748118
820823809
821074559
822093942
823406972
823889904
824174933
825491592
826575739
827546645
828105902
828974249
829361050
830478087
832074442
832823180
832956923
833090137
834343043
834749183
836048726
839241497
839610106
839828079
840972448
841212266
843161963
846327978
846834759
847461011
847781346
848371599
849767156
850673326
851375433
851784052
852797707
857570098
858137106
859921115
860706196
860828549
861042923
863171610
863626123
864350900
866958713
867927582
868417583
873776933
874112092
875431166
876292495
876916498
876957427
877899122
878469194
879659046
880092794
881742650
883398245
883560409
884748582
889872665
890066696
890096139
892341942
893908265
899782198
900919910
902552403
903608751
903638537
903722618
906881794
907095609
907266513
908288443
908578998
909274283
912789547
914580112
915080907
916543538
916884542
916943818
917866334
920073720
921302113
921766536
924071424
925619356
927195078
930769147
931579083
932799484
937578193
938436710
940042428
940274563
940395632
940522144
943848547
944900530
945946749
949867014
950186025
950876780
951422209
951864575
954568072
955823560
955953523
956500894
957500976
957825647
957883460
958603677
960623864
963523767
964874896
965390615
965721982
969185686
970110565
970986393
972227130
972840247
974398183
974435332
975659265
976151453
976557082
979157446
979375770
979618858
979733788
980306772
980410956
980439337
980880341
981846644
982691769
982812280
984396427
984932997
985011895
985516731
985823331
986675035
987094586
988321949
989063944
990686032
990765591
993363513
995408433
997525600
997555360
1003911308
1004640313
1006274591
1007712849
1008282572
1008291997
1010167313
1012182833
1012386881
1012390352
1012704036
1015309253
1015487567
1015556170
1020181817
1020457580
1021201315
1022859630
1023603541
1025367755
1025437654
1028475265
1029145961
1031408017
1031767501
1032815708
1033367479
1034149916
1034644534
1035088924
1035182969
1036524085
1040498780
1041497500
1041607908
1041623514
1042226904
1042629111
1042792703
1042868164
1043528206
1048735277
1048896053
1048919007
1049255357
1052161216
1052403218
1053022238
1054898518
1055900964
1056981036
1057639933
1057781294
1058373380
1058610188
1059214070
1061983412
1062962962
1065681752
1066191401
1068548579
1069153471
1069193254
1074576983
1076727482
1077366260
1078040748
1079621719
1080519903
1080576695
1080673214
1080921356
1082276006
1084590317
1084894520
1085649413
1086117361
1086597547
1087927869
1088322075
1091300128
1093751815
1093763282
1099972283
1100561369
1101253958
1103237017
1104078096
1105976386
1106019843
1106860171
1106972523
1107087991
1107828292
1108438603
1109595153
1109767199
1109778100
1111709068
1112209671
1113968736
1114828792
1115011926
1118131806
1118132724
1120178851
1121352878
1121420778
1121853023
1121960883
1124471158
1125083292
1126464175
1126929099
1127473664
1128344678
1129091420
1131414061
1131708884
1132924984
1135776766
1136846119
1138904393
1141647965
1141848788
1142018873
1142325314
1142518978
1142622705
1142875768
1144111858
1144808148
1145330015
1148645371
1149569014
1153224024
1153606701
1155185232
1155891063
1158184105
1160241162
1160873858
1162634405
1164185660
1164391976
1165289804
1165728067
1166687065
1166712019
1169651052
1169743600
1169966883
1173184786
1173441011
1176828039
1179196702
1180226939
1180605343
1181914273
1182038523
1183959038
1184015481
1185582538
1186086587
1187455712
1187515213
1187698373
1187818909
1188436719
1188453139
1188735166
1189353233
1191548490
1194863654
1196875055
1197009556
1197210200
1197812896
1198056720
1206583904
1207067820
1207644354
1207830614
1208731198
1209033054
1209493195
1209625853
1210137484
1210476358
1210742075
1210833466
1211747007
1214019788
1215095775
1215120556
1216855684
1217006544
1217021439
1218493548
1218685338
1219305992
1219464537
1220702225
1221487160
1221661871
1222210367
1222472882
1222672993
1222686178
1222990110
1223553596
1226321617
1226321621
1228614387
1231653956
1232365949
1232451345
1233057793
1233989078
1235847263
1237214243
1238003424
1239328178
1239788259
1241028964
1241034695
1241841435
1241942253
1242351307
1243002445
1243644554
1245659317
1247522319
1248273528
1250528581
1251120191
1252124019
1252611065
1253042857
1254470234
1259055701
1259648027
1259723821
1261116981
1261642723
1261761982
1261762907
1262339858
1264360656
1264501442
1265031088
1269143520
1269439585
1269653381
1270213867
1270855141
1272315029
1273076811
1273346351
1276299381
1276809648
1277339827
1279262063
1280998338
1284618404
1286916045
1287304952
1288282353
1290369571
1291088503
1291236900
1292154416
1294475491
1295333654
1297249444
1297436467
1299025817
1299091146
1302441386
1304342503
1304703688
1305786200
1305970323
1309315237
1309830779
1310598278
1310758873
1312597013
1312601149
1315828079
1317828740
1318391058
1318541012
1321034838
1322916503
1323555816
1324474638
1325051743
1325492710
1325835432
1325984172
1327964795
1328318350
1329494676
1330569410
1331457916
1332792091
1333381464
1333574015
1334184163
1334221984
1337780038
1337948542
1338038083
1338038217
1338649671
1339352405
1340020340
1340889122
1343927952
1343991956
1344362592
1344509495
1347245534
1347703740
1347916271
1348562644
1349054315
1349124948
1349418643
1351818155
1355034844
1355408979
1356060941
1356445599
1357133077
1357178573
1358482655
1360967928
1361495115
1362305457
1363965449
1364838605
1366029702
1366226069
1366266109
1366434614
1367539813
1367626408
1368710691
1369126097
1370010429
1371152436
1371707569
1373069196
1375039522
1375703574
1376626447
1377061300
1377524797
1377623305
1378009550
1378029802
1378674684
1378919123
1379870395
1380024435
1380780145
1380941663
1381980020
1383082942
1383415932
1386007342
1388426146
1389836294
1391664740
1393273920
1395398397
1395511481
1396428938
1396434945
1398173373
1399928418
1400022200
1401698085
1401769867
1402840260
1403507223
1403766373
1404301305
1406406810
1406783151
1407795435
1408850339
1409332549
1410348001
1411390196
1412000110
1412615734
1412904242
1413513845
1414571377
1415875524
1417831943
1418122053
1418849351
1420443644
1420503478
1421469829
1421583186
1423390006
1423976756
1424624496
1425941658
1426422592
1427361357
1431306056
1431652874
1431953605
1432627530
1432775194
1436220410
1437845505
1439362519
1440927217
1442265772
1442320637
1445379535
1446284937
1449085617
1449744816
1450663661
1452475459
1454613372
1454796411
1454886123
1455046094
1457165348
1457628428
1458009672
1458598171
1461207243
1461745954
1462209133
1462935853
1465314892
1467432963
1468720191
1470504533
1471353248
1479086001
1479202995
1480104079
1481552808
1481840385
1481928461
1482284158
1482898854
1483227933
1484005352
1484717486
1484848986
1486054756
1486476369
1486974602
1487358316
1489247844
1489301564
1489373660
1489533535
1489554694
1490292274
1496162686
1496558969
1500750463
1501191973
1501412717
1502802879
1503355601
1504929872
1506810427
1507383537
1507452552
1509424883
1511219560
1514035419
1514081231
1514235158
1517872969
1522876854
1524837938
1526865741
1528336043
1530034929
1530234807
1531361880
1532154352
1533796865
1537746275
1538028937
1538971143
1539674893
1540958299
1544887621
1546082131
1546525181
1549108315
1549209109
1549215279
1550075945
1551601921
1551637193
1553330982
1553861279
1556734391
1557318271
1558438342
1560567539
1561202901
1561322324
1562649206
1563511641
1565024945
1565094835
1565367748
1566517032
1570017932
1574312481
1581239104
1581730695
1585496260
1586759637
1587119019
1587889652
1589944192
1590368486
1590565840
1590919896
1591007471
1593527530
1593797022
1595073500
1597131011
1598766586
1603323662
1603715318
1604062613
1604837242
1604903150
1605213099
1605943081
1606669659
1606781731
1607268205
1607532804
1608408751
1608904730
1609212055
1613205689
1613695609
1614866593
1615048842
1615977148
1616831395
1618004630
1618895716
1622745508
1623139061
1625187671
1626922033
1630238931
1630613201
1635126949
1636661246
1637193764
1639547766
1639626467
1641285445
1642469177
1643391821
1643751874
1646862886
1647810862
1648979122
1650177215
1650707294
1651401540
1652406635
1652417810
1652609365
1653711925
1655286009
1656101283
1657135607
1657319414
1657981415
1659355216
1660179578
1660194553
1660750629
1663175219
1663633189
1665378197
1665634622
1665872280
1668795338
1670875014
1672781866
1674825655
1676302403
1676491674
1680875962
1682105949
1683545007
1684407270
1685636258
1685697090
1686283041
1687433890
1688026491
1691215199
1691324657
1692467989
1693887330
1696356396
1698217039
1698946068
1701808597
1704199210
1704317879
1704920643
1708496328
1708718062
1708877295
1709129791
1709261706
1710243969
1711042144
1711239569
1711486641
1714690935
1714712625
1714726348
1715190672
1718405582
1718813297
1719867508
1720415476
1720468580
1722554268
1723365359
1723594842
1725235457
1725680892
1726255913
1727325095
1727962181
1730351837
1730957396
1731442973
1732736311
1735685961
1737214639
1738153330
1739229849
1739407095
1741125794
1743448306
1744942257
1748156672
1750832413
1751112769
1753243391
1753589797
1753595240
1755287633
1757293594
1757475447
1758853146
1759230375
1760338411
1761333503
1763450211
1764910982
1765801852
1768170766
1769458526
1769808571
1771516058
1773039443
1777556310
1778724507
1778818301
1779772188
1782416396
1782675360
1782751786
1783832862
1784441480
1785103563
1787968324
1790243488
1791225267
1791690574
1792979653
1793380340
1793610769
1794351774
1794539164
1795452379
1795906544
1796283036
1796937701
1797739579
1798231356
1799205443
1802933591
1803402628
1803691597
1803796710
1805045538
1806695860
1807396985
1807810136
1808612652
1809589622
1811044069
1813543673
1814646388
1815085387
1815114255
1815607801
1817268393
1817526536
1819286623
1819464232
1820152957
1820332945
1820731011
1824022228
1824159704
1824333035
1824702608
1825954749
1828373551
1830445887
1832709845
1832953456
1833785376
1834021822
1834170887
1837972135
1838187155
1841741692
1842518162
1844949215
1845322275
1847088848
1847182924
1849337887
1850577142
1850764541
1851150360
1851264878
1852306927
1853551044
1853810259
1854253607
1855552294
1855589549
1857008539
1857979302
1858049119
1858524526
1859103559
1861212367
1863538993
1865092189
1867220818
1867534298
1867940001
1868504559
1869624626
1870136586
1870605675
1870608857
1873847503
1873852506
1875378911
1876802832
1876815317
1878573429
1878728514
1879159888
1880195803
1881358135
1881824389
1882216448
1883649515
1885372955
1887647452
1887724042
1891491833
1891808832
1892132313
1893052626
1893581575
1896978946
1897746398
1897924135
1901153815
1905681643
1909097419
1911269396
1911567896
1912289437
1915092564
1915450555
1915792836
1917371153
1917512546
1918214603
1921468315
1922140441
1922775130
1923160848
1924236715
1924288710
1924741925
1927069690
1931413326
1932446787
1933240583
1934022193
1935081708
1935301762
1935874593
1936476176
1938068043
1939294427
1939977108
1944338562
1944978458
1944999948
1945424978
1945643697
1945877044
1946219873
1946784338
1946967959
1947177312
1947719623
1948914486
1951151687
1953764137
1956125430
1956373452
1956936277
1958127337
1958822467
1959828571
1960386636
1960598630
1960863676
1960975701
1962729564
1962986091
1963145100
1963538667
1963690730
1965473025
1967473222
1969404164
1972311462
1973684080
1973860673
1974826492
1975529570
1976914324
1978137549
1980669976
1981075065
1982349087
1982766741
1984100858
1984825273
1985988244
1986220023
1987365573
1989924135
1991515868
1991698997
1992098540
1993479248
1993954065
1994215821
1995598773
1996715695
1998265716
1999668662
1999854995
2002960463
2004948851
2006381824
2006668834
2007466700
2007967582
2008235351
2008280320
2009569389
2009939328
2010220670
2011124962
2011433685
2011676112
2011766977
2013460267
2013999935
2015377418
2016215720
2017776713
2018506174
2018568622
2019499812
2019535392
2020340358
2020860127
2022398363
2023410456
2023438044
2023796359
2024048403
2024144569
2025410292
2026014680
2027003840
2027259570
2027450443
2028366792
2028558184
2028925225
2029355390
2030726429
2032704832
2038851759
2038979438
2040015152
2040359485
2040529720
2042605630
2042941480
2043102939
2044790941
2045761060
2047388217
2047716407
2049550351
2050430932
2050902919
2052737164
2054914655
2055844735
2058208925
2060024327
2061457906
2062117671
2062304801
2062327090
2063869017
2065081154
2065638955
2067179355
2067680308
2071921397
2076569828
2076709421
2077573141
2077922491
2079969549
2080429910
2080817482
2081709937
2081976891
2082656520
2082894089
2083004162
2083155350
2083868476
2085808006
2086082422
2086450030
2086963783
2087347784
2087389667
2091324150
2093296269
2094728041
2095724641
2096663375
2097469149
2099189983
2101045288
2101480301
2102453664
2103353298
2105203977
2105373883
2108281947
2108367144
2109265717
2109894173
2111289459
2112125936
2113115833
2115135166
2115547752
2116035773
2116544411
2117937322
2119147597
2119990288
2121764811
2122485183
2123096269
2123594513
2124566310
2124610582
2125255695
2125443899
2125447414
2126120474
2127798681
2127845160
2128386348
2128951107
2131330717
2131881026
2134747434
2134806946
2135537496
2135958520
2136680858
2137173683
2138220412
2139778631
2139800713
2141759179
2142904069
2143426516
2143689632
2144661302
2145541532
2145797597
2145983204
2146435329
2147326635
