443773
2444696
2851931
3259380
3563964
4240816
5669582
6434388
6438440
7740398
8170150
8774435
8781848
9192543
10046151
10342178
10414798
11530831
12603684
12906860
12968374
13560132
14156276
14214811
16105924
17266643
17412071
17896062
18972675
19480955
19787559
19950154
20271139
21464515
21577599
21847804
25786178
26030544
26334375
26411826
26913887
27101302
27699033
27789298
28503586
28883489
29530208
31272814
32596705
33634423
34770748
35413106
37302300
38135324
38529534
38828406
38959085
40014345
40770460
41301471
41492179
41560615
43119913
44002937
44491427
45121189
46021325
46394464
47079789
48165813
48861610
49515011
49596756
49605780
49848754
50346685
53932181
54516514
54643467
55681232
56194126
58029539
59622492
60070389
60154852
60601931
60758146
61435661
63187324
64995409
65230299
67019343
67580584
71252913
72695794
73198604
73442416
73554454
74962159
75734142
76077329
76137482
78038648
78255253
78505352
78510991
79443751
79580708
79971178
81473221
82328496
83801862
83842344
84032778
84155221
84698661
84774039
84783006
85616549
86342299
87291005
90118863
90223031
91786618
91964461
92825828
93391027
93738675
95522618
96041892
96348697
96358446
96691770
96858202
97043980
97754261
98672464
99387805
101873769
102628518
103198788
103762753
104090785
104184990
104473675
105617086
106302782
106803459
106824594
107263755
109595807
110792219
111064966
111373145
112732787
113947030
114883305
114906027
115524868
115557254
117276505
118284246
119118179
120548708
120551413
120698279
120742496
122270218
123761308
125160625
125884652
126057752
126584800
126597561
126641442
126867298
128175195
128176874
128781326
129081060
129335196
129441200
130693398
131599689
132193044
133928957
135773144
136354528
136623066
136648366
138210813
138332107
139509025
139626476
140061010
140561552
140609259
141332033
141372777
141856470
141954735
142943538
143153037
144249543
146016234
146423591
146716498
146846801
147489360
147601417
147716933
148001155
149168099
149309210
149394078
149854181
150024027
151912304
152394618
152480882
152752005
155609570
156291734
157521903
158168774
159160272
160128206
160900035
161011278
162914204
163830638
165549661
167795787
168766077
168910669
172622365
172761375
173293920
174093620
174167526
176047577
177052267
177123241
177339151
178820487
179628501
179881761
180275957
182032611
183906305
184631989
184802961
185634498
186520726
186919930
187906209
188405220
189155127
189502578
189544063
189731005
190196806
190625997
190831967
190868011
191086842
192861779
194670988
194689536
195501271
196581660
197028991
197720640
198475609
198899660
199127375
199902563
200028206
201813478
201987585
202144344
202596534
203431474
203594243
204526041
204606358
204908456
205034922
208891938
209450429
210185197
210758426
210966721
211709347
211873969
212043300
212167441
213207764
213895103
214040522
214714681
215507129
215979596
216765859
216928131
217260594
217958613
218680965
219667296
220868434
221717972
222948671
223945801
224387892
224614206
224760999
225444839
226542384
227246270
227759995
229719700
230174611
231244156
231972045
234195560
234202706
234454492
236205232
236518952
237553545
239238253
240500334
241616524
242143285
243120544
243922877
243947780
244167006
244636332
245162768
246216688
246526878
246689548
246854799
249357360
250921527
251287395
254039181
254513073
255100384
255256038
255292635
255692103
256924228
257060762
257099577
258188269
258584820
259897368
260536779
260784852
263095975
263910824
263962216
265650950
265863653
266134754
266517505
266777484
266806408
267609605
268078172
268786110
269700615
270593398
271153323
271674846
271704892
272493939
274144001
274415717
274613572
275303664
275628843
276065859
276996155
277372229
278258841
279660174
280081679
281593816
282517425
282752889
282920685
283099148
286063575
286421240
287284288
287772645
288073766
288190720
288797350
289248489
289509662
291194497
292480675
292500820
292634323
293330534
293627534
294822370
294858364
296681563
297343369
299665112
301476140
302341915
302392954
302461858
302488318
303483633
305760513
307497325
308653097
309855268
310059994
310921386
311439868
312296158
313162305
313467187
314103306
314990988
315907709
316111002
316694531
316790201
318292552
319871579
320659505
321252120
322598235
322793059
323497519
323888915
324631174
325468398
325590348
325677096
328630016
328769477
329245101
329434290
329716651
330768823
331190075
332134399
333284053
333836455
334171203
335701136
336180731
337111298
338575255
339199742
340329578
341150615
341530982
341646627
343248005
343850977
344348220
344505860
344551402
345446857
345916219
347013773
347365032
347438464
347583622
348000694
348111254
348521502
348988388
349386908
349509061
351063550
351304141
351652698
351708745
352127254
352681080
353629658
354223538
354530852
355139462
355445422
356334863
356434332
356862193
357136156
357719994
357939706
358685774
359176980
359236071
359889302
359942024
360430268
360637435
361048600
362209152
364829098
364962834
366285437
366327384
366954523
366964596
367183220
367612342
367738363
367999486
368577102
368855806
368968463
370356140
371144186
371577464
371607575
371644082
371835364
371841733
372188712
373169503
373170705
373234929
374044339
376047201
376151835
376807427
377307441
379496045
380026237
380624936
380814930
383011096
383037012
383746585
384222533
384571029
385486541
385619349
386426138
387674111
388200820
389098170
389151124
389199660
389604958
389873148
390393121
393025639
393232582
393948734
394722510
396056415
397417371
398389116
398516172
398996835
399004648
400175298
400304799
401842273
402488671
402642954
404474155
406598541
407427169
408273013
409704277
412798574
412834072
413079236
413720388
414242314
414863819
415330469
416714795
417099927
420438796
422063664
422759350
423200636
424009048
425527605
426457511
426560254
428567541
429586591
429605550
429951915
431043948
431238446
431526191
433333972
434102767
434382737
434558382
436752490
437591714
437693138
438560288
440912556
441080643
442169111
443697601
443838625
445349521
447443258
447495815
447643649
447729266
448508485
448915362
449249941
449301819
451395935
451672313
452680715
453747602
453757694
454006348
454551613
454603717
455283464
455680784
456847391
457328190
458294178
459090008
459286642
459299685
461580022
461772950
463331788
464656769
464832952
464845066
466753250
466795049
467437702
470022574
470329301
470635161
470959034
471326785
471365410
471714663
472407768
473766509
475261291
476610097
477506246
478533570
479196770
479223978
479657694
479759106
480993145
481988942
482593576
482736363
483862834
483950897
484560366
484779053
485159081
485352659
486300483
487376164
488344524
491288339
491789965
491792702
492024967
492952286
493065412
494840729
495328561
496210369
496390890
497913430
498347995
499410795
499461452
500303840
500308222
500599975
501452533
502210974
502331707
503145112
503877219
504266669
504722915
505521299
506075792
506247843
506637026
506901248
507196272
507391546
508369211
509934763
512008936
512931705
513403103
515507254
515716793
517555397
517857102
518041852
518408933
519041032
519142590
519240668
519957670
521301586
521896875
522740628
523438852
524910278
525403590
525749186
526941609
527236260
528091901
529245610
530509998
530629770
530879467
534858442
535220777
535260914
535493884
535715890
535741712
537575421
538275995
538576996
540684878
540978475
543520357
544701551
544761511
544807541
544980222
545981355
545990570
546105545
546186650
546482582
546791534
546817368
547840368
549298822
549326311
549778622
551040218
552406358
553809771
556623852
556922414
557864767
558013195
558060918
559171608
559174200
559290201
559915525
560550910
561359379
561499286
561658647
562761301
562911938
563233952
563740912
564036036
564533385
564954918
565082174
565667670
565675107
566661836
566955022
567739820
568248431
568417680
569154496
569709025
569882478
572621501
572949489
573634018
575755749
576419536
576825344
579219394
580163602
580422660
580859879
581348401
581765511
582250223
582419698
582713111
583295682
583585007
583975508
585522850
586543466
587250242
587828966
588718804
588927005
589308342
589679546
590309872
590893684
591436396
591856681
592468287
594374703
594401333
595196595
595284852
598305179
601280935
602380596
602459796
603025305
604417852
604593262
604594436
604618396
604962867
605115402
606272078
606399960
606501445
606634801
606964602
607546538
608425019
609310573
609867121
610226207
611544809
611973346
612745205
613078891
614181473
614720149
615918923
617919041
619220236
619544438
623086683
623185905
623294623
624720047
625447631
626065405
628126435
628547461
628918942
629448891
630836071
630847001
630888320
631566924
632869995
633084759
634801870
635020584
635591533
636030712
636954859
637192028
637333344
638260268
638305571
639663340
639958750
640155608
640830828
641255488
644406840
645371401
648225643
648711310
649798382
654234622
655292288
656298740
656474541
657393943
657586047
658756747
660216073
660295082
660374089
660998055
661312046
663185355
664178269
664713946
665443162
665782241
665991306
666156654
666169989
666350603
667277705
668183076
668454341
668928966
668993913
668994505
669376903
669669428
670197447
671991498
673582353
673699378
675030029
677048959
677615878
678252369
678817875
680410979
681098029
681750775
682655218
683854969
683982123
684772979
686402755
686438506
687040593
688416583
689725745
689922364
690187133
692116631
693188229
694530961
694664486
695289001
695365308
696682412
696948857
697073030
697132228
697930681
697955290
698835788
698946012
699105303
699766007
701354542
701951694
702466474
702585255
703354082
703373446
703603146
703790456
703863334
705512159
706353811
707375490
707537791
708436077
709031381
709862434
710458027
710581933
710669678
711154384
712116195
712129981
712536302
713010940
713301861
713355393
715721114
715744101
715911750
716160420
716276714
718691350
718955878
719145795
719416189
719708161
725458410
726066760
726720958
727007248
727894392
728088866
729213838
729259452
729638238
730181203
730279850
730411272
730693354
731326553
731696717
731918072
732344990
734559665
734695574
735141826
735473332
737286401
737466607
737687407
738402367
739454653
739723559
740158811
740553926
740891719
741319204
741424592
741817095
742816984
743999921
744628638
744805471
745019157
747385012
748055899
749647716
749662198
750916245
751718499
752206138
753458578
753470668
753594868
753710506
753784383
754357229
754654650
755781908
756786664
758087383
758449337
758639348
759456173
760277543
761124854
762038958
762577840
763203154
764077517
765733553
765769388
767164779
767859796
770051956
770465903
771054935
771378088
771567832
772113831
773221216
774939159
776353106
777309486
777400204
777791920
778454922
779374057
779490233
779538921
781214554
781520401
782178083
783881646
784510277
786517539
786659066
787925692
788845710
789688047
790080100
791386502
791688937
792036746
792517058
792761901
792972811
793360820
794516652
794958767
795127741
795755696
796871823
797382035
797859378
798168438
798283163
799115766
799982433
800014433
800047649
800097491
800477803
801543233
802849969
803258305
803600019
804198749
805712842
805907693
806363884
807100539
807268452
808287462
809114505
809273561
809387332
810802532
811548118
812401174
812913618
813091619
813616717
813713772
814820852
816102729
817040748
817218239
817292575
817409277
818307597
818338294
820992486
825327617
826079365
826227587
826437913
826596469
827704605
828223717
829322438
829856869
830913619
831507914
831792181
831990669
832107087
832634729
832844828
833004040
835623821
837911635
840516254
841370770
843240039
844230154
844471579
845700828
846457303
846695214
847106141
847825215
848395072
849012564
849659959
849962822
850896749
852008535
852947264
853700098
854123497
857552571
859232601
860339321
861994976
862199717
863812331
864437447
865839602
866838052
867828273
868318146
870005700
870182289
870648269
871812425
872078627
872164599
872672797
872804070
872851584
873141084
875294562
875444307
878672665
879545928
879616072
879668000
880887488
884421975
884882611
885214170
885472979
886184667
886713329
888246978
888560613
888758121
888882783
889298337
890994665
895027360
895162227
895447193
895571607
896052120
896067210
896199538
896374720
897578063
898512905
899162286
902472898
903917878
904237735
904944694
906167516
906222518
906255370
906665183
907178369
907995259
908566772
908741270
908864993
910175096
911820944
913017967
913256501
913365437
913371150
913466415
914859444
915053655
915780278
915956831
916560339
918112881
918860394
920721306
921556173
921750116
921779465
921962702
922045312
923644479
924048684
924639291
925085214
925211492
926223077
926244214
926311332
926348037
926399060
928256808
928673057
930423673
931767689
933341131
933688226
933830161
933842361
933905260
934280118
934633858
934728161
935070354
936400977
936424788
937127909
937220710
938665948
938934876
941208966
942255525
942465145
943471823
943507722
943516532
944195175
944850996
944908249
946632568
946843027
947113813
948687448
949549111
949579032
950442495
950605447
950702084
952421564
952722548
955305107
957580921
957608495
959009915
959460337
959837286
960821638
961958255
962677280
964978113
965131782
965315224
965532404
966426425
967223602
967998077
968302362
969116384
969273134
973952078
974479247
974747903
975134652
975512054
975842982
976768177
977743723
978108056
979346684
979686034
981509596
981609142
981664313
981900091
982267743
982638438
983243571
983424558
984655008
985730149
985988040
986322128
988249702
988790406
988859596
989187126
990709339
990859890
991661789
992116055
992152128
992188467
994171753
995471276
997363856
1001153049
1001248118
1003252921
1003962751
1005432284
1007279019
1008120638
1008579000
1009145686
1009165979
1009306684
1009492906
1012586257
1012609878
1013383387
1013430293
1014345595
1014420103
1015305256
1015987811
1016193442
1016237123
1016817933
1017283858
1017624358
1017876829
1017908212
1023325910
1025731201
1027092354
1028532972
1029831664
1031353791
1031422677
1031634790
1031916551
1031965636
1032189044
1033341783
1033524308
1033926571
1034268872
1035024149
1035210254
1035922558
1035974595
1036060236
1036517417
1037084713
1037425673
1038072823
1038158372
1039319450
1039824357
1039894209
1039945908
1041177073
1041307385
1042035521
1042108600
1044745242
1044872168
1045303371
1046966701
1047064256
1047659162
1047815274
1047915633
1047943853
1048046063
1048388290
1048503849
1049649609
1050243135
1050784553
1051105417
1052871984
1053025846
1053985498
1054166994
1054330023
1055337927
1055582630
1057172918
1057586383
1057773179
1058048887
1058274886
1058788480
1059279180
1059426723
1060122773
1060278565
1061054656
1062699988
1062890380
1063203949
1063260350
1064839871
1065129626
1065311916
1065808751
1066528705
1068552734
1070164289
1070503507
1070512632
1070983593
1071491961
1072268181
1072268637
1072462027
1072817180
1074057527
1075704906
1076052260
1076227223
1076551228
1076863600
1078469817
1079174490
1079963597
1080879112
1081341461
1082714834
1082802011
1083105402
1083504665
1083715435
1084107541
1084201460
1085836556
1088139330
1088600688
1088803642
1090105489
1094854931
1095046339
1096224104
1096600890
1097569618
1097938704
1097965983
1098877371
1099226856
1099348497
1099434162
1099956101
1100546840
1100843690
1101404419
1102340161
1102877605
1104067343
1105223848
1105952228
1106051467
1106732769
1107794912
1109687587
1110016622
1110588059
1111064957
1111133357
1112484641
1113721827
1114546030
1116280401
1116353928
1116602875
1116926323
1118791584
1119019012
1119698486
1119901955
1120439075
1121916773
1122110094
1122604536
1123345233
1124797248
1125256845
1126163596
1126859697
1127257196
1127844610
1129087025
1129165278
1129389373
1129389792
1129400817
1130050179
1130184692
1131394836
1131885432
1133962352
1134348465
1134408135
1134498690
1134531241
1136864641
1137157014
1137500630
1138749052
1139392922
1139700451
1139808065
1141740168
1141964752
1141985408
1143110814
1143857516
1145465943
1145538972
1145643393
1146693408
1146795199
1148862210
1150109600
1150314935
1152116089
1153150473
1153263450
1153334156
1153342747
1153391272
1153692865
1154430210
1155462541
1156180310
1156767230
1157176061
1157304685
1159487123
1160054725
1160153294
1161358234
1161801726
1162121735
1164243825
1164449910
1165110613
1165556886
1166534954
1167543894
1168825961
1169261153
1169407350
1170814084
1173986710
1174726819
1175785847
1176433147
1176532883
1177776067
1179068141
1180432582
1180499868
1181081718
1181446662
1182201409
1182709896
1185184907
1186591981
1187359059
1187648810
1189058928
1189469600
1191171354
1191590841
1193023162
1193667290
1195198844
1195631153
1197807469
1198143929
1200625972
1200741315
1201012688
1201172288
1201349034
1201607908
1201644160
1201718148
1203028148
1204067993
1204611616
1204972656
1205107526
1205714718
1205787717
1206075536
1206332227
1208311853
1208312286
1209322466
1210155949
1210348570
1210572858
1211593893
1211819104
1212504313
1212900818
1213149989
1213403823
1213636610
1214073763
1214102423
1214182401
1214607315
1215024166
1217073477
1218041665
1218070445
1218759151
1218890734
1220084394
1220119067
1220594372
1221019737
1221396992
1221765439
1223303530
1224315386
1224913262
1225698086
1226240137
1227422972
1227726191
1228874681
1229348984
1231463935
1232750054
1236722209
1237349667
1237987278
1238339331
1238367816
1238929324
1239559255
1240318493
1241037572
1242423167
1242460138
1243210391
1244036056
1244313517
1245372256
1246492376
1247912119
1249495944
1250627863
1251168646
1252195210
1254139594
1256031770
1256200138
1256874577
1257383991
1258424259
1258547566
1258853028
1259158888
1259567659
1259827716
1259922213
1260803076
1261628667
1262543040
1262782167
1262888069
1263067529
1263662425
1264180289
1267259971
1267559416
1268045242
1269118371
1269689892
1269692645
1269747323
1272015605
1272402116
1272996052
1273150476
1273571184
1273977293
1274105933
1274566579
1274574788
1274723276
1275085331
1275327408
1275694183
1275740345
1275813534
1275901419
1276664600
1276752908
1276991273
1277769316
1279201712
1279682303
1279810428
1280292349
1280589569
1282133090
1282219420
1282536634
1282699955
1283263312
1284179071
1284607825
1286098799
1286645178
1287217635
1287372749
1287929894
1290677643
1291157748
1292262167
1292432102
1293372444
1293677418
1295246330
1296972560
1297693651
1299153564
1299286365
1300562618
1301049726
1301160916
1301502391
1302689636
1303181603
1305153361
1305408384
1305592729
1305929344
1306363275
1307080654
1307940263
1308193014
1311060697
1311406081
1311928469
1312790516
1312949177
1313242692
1313320740
1313533706
1314190325
1315489354
1315779217
1316126386
1316297789
1316379902
1316472698
1316565841
1317999728
1318309031
1319288063
1319826885
1321292203
1321540674
1321602925
1322230071
1322375973
1323103461
1323154174
1323650597
1323937711
1324090065
1324137815
1326379131
1326694683
1327343423
1329580415
1329892163
1330224069
1330271536
1330435520
1331319241
1331523912
1331781056
1331853321
1332122606
1333318910
1333511905
1337430511
1337699447
1338776164
1340699929
1340707742
1340808332
1340945794
1341060904
1341666570
1342696054
1343598241
1344494551
1346558218
1346876269
1346985417
1347544071
1347622277
1348245810
1348324402
1348378712
1348594493
1350787175
1351108716
1353719732
1354783887
1355214505
1355417929
1356525983
1356896854
1357631725
1357722316
1358222398
1358573193
1358605136
1358811134
1359243574
1360671587
1361078511
1362357220
1362772257
1363749474
1364306888
1364645162
1364847712
1364973357
1365491837
1366776041
1366906743
1367344933
1368315956
1368450359
1369395624
1370008072
1370243908
1371433287
1372496291
1373445317
1373454701
1373470599
1373583907
1376753921
1377040403
1377069944
1378340872
1378610125
1379426081
1379554828
1379598800
1380256177
1383339670
1383839110
1384066385
1384326826
1384818301
1385552880
1386306635
1386426857
1386486671
1387554368
1387715548
1388091560
1389605184
1390163130
1393544944
1394477484
1394597382
1396292077
1397174396
1398282525
1399028115
1399112489
1399483975
1400184520
1400779459
1401423573
1402836608
1403356083
1403416521
1404465740
1404691051
1407071032
1408637158
1408661701
1408745670
1409394429
1409662736
1409807391
1410442954
1413789021
1414249519
1416936930
1417436645
1419249905
1420125609
1420786774
1420811655
1421353786
1421480622
1421517434
1421670203
1422141497
1423306839
1424123013
1424247711
1424384368
1425798982
1426106696
1428052725
1428739095
1430568466
1431015375
1431092654
1431688923
1433129042
1433453982
1433981411
1435035486
1435621215
1435970668
1436201176
1436873145
1437326178
1437570939
1438664938
1439175166
1440361768
1440989116
1442207897
1442744436
1443106240
1443450552
1444623811
1444925881
1446659600
1447841607
1448178011
1448949400
1449448264
1449549316
1449661963
1450798302
1451406689
1451613327
1452248373
1453099341
1453690298
1454507515
1454953538
1455298183
1459696582
1463533442
1463621215
1464600500
1465059296
1465936495
1466065360
1466207860
1467017587
1467364714
1470384791
1470571571
1471737198
1471753448
1473522602
1473579348
1474380756
1474390748
1475592266
1477877981
1478122086
1478601051
1481183067
1481736773
1481832287
1483966856
1484190928
1484434031
1485771045
1486360717
1486754336
1486762844
1486963758
1487322353
1487372169
1488558453
1488600732
1489526476
1490478644
1490678192
1491644696
1492131631
1492575289
1492910253
1493472400
1494882946
1495608341
1495617047
1496110666
1496296858
1496317484
1496758926
1496908225
1497709788
1498486566
1499244871
1499678969
1500105328
1501401008
1501600906
1503007980
1503372414
1504224020
1505515034
1505666257
1506675300
1507790157
1507910568
1508865795
1509093011
1509259562
1509821824
1513221707
1513753093
1514022207
1514181447
1514809827
1515039262
1516501373
1517181234
1517370605
1518165201
1518812978
1519039342
1519695361
1520067664
1520552186
1522615799
1523116987
1524544010
1524776921
1525302473
1527279489
1528737253
1529053246
1530102182
1530946810
1531554597
1531875512
1532416428
1532770387
1533507997
1533570309
1534575992
1534815928
1536334536
1536376923
1538336681
1539443667
1539614854
1540852224
1541546003
1542297885
1543128025
1543339728
1545176984
1545515206
1546765246
1547685555
1548036026
1548205817
1548468576
1548795124
1548941474
1549936170
1551781676
1552571388
1552747742
1554871947
1559058396
1559703397
1561996655
1563038591
1563493814
1563545424
1563896057
1564087877
1564768339
1565872329
1565914300
1567713947
1568130709
1570402012
1571657578
1571918675
1573830201
1573850236
1574061736
1574729579
1575166414
1575705718
1577227475
1578252960
1578402062
1579302839
1579328144
1582406360
1582444754
1582551511
1582590867
1582952933
1583041222
1584149168
1584584847
1585167862
1585845173
1586261367
1586792267
1586829299
1587457170
1587879486
1588131416
1588361863
1588697482
1589358786
1589499795
1589639969
1589847208
1590603547
1591137234
1591538213
1593320499
1593894465
1594752403
1595753753
1597177382
1597515562
1597701677
1598317705
1598417290
1598897650
1600052620
1602963727
1603098109
1603550478
1604413369
1604553071
1605534460
1605636976
1606045795
1606421470
1606625536
1606939742
1606951675
1607131713
1607420839
1607588361
1609455001
1609716084
1612581317
1613273562
1613984205
1614068265
1615060319
1617429210
1618080276
1619167376
1619446594
1619486248
1619801987
1619959200
1620322080
1621420204
1621736251
1622889077
1623158829
1623219779
1623409953
1623456546
1624156499
1624238376
1624611225
1624667152
1625205079
1625759701
1626322683
1627224002
1627836697
1628169324
1628968750
1629691699
1629743982
1629925426
1631059900
1631106499
1631231113
1631483893
1637063033
1637976142
1639329033
1639538739
1640124091
1642540582
1642799146
1642875123
1642883664
1642953010
1643294807
1643347917
1643929601
1644269835
1646290838
1646839217
1648452930
1649039570
1649373344
1650368321
1650736626
1652080283
1652480554
1652671783
1653038986
1653873980
1654765847
1654765877
1654936266
1654937043
1656598873
1657606220
1657725986
1659346662
1659759670
1662428385
1663272180
1663326144
1665098019
1665470432
1666907469
1668314444
1669472474
1670257110
1670550015
1671024175
1671717491
1673356998
1674487571
1675204873
1676817769
1677553038
1678112810
1678535119
1679252174
1679630835
1680754723
1681365141
1682181347
1682655109
1683087748
1683368400
1683555667
1684234338
1684964645
1685922424
1687400943
1687634058
1689290649
1690122016
1695912663
1696402917
1697720593
1699482046
1699565954
1699577531
1699726773
1699988891
1700369479
1700911971
1700926389
1700936413
1701144257
1702298273
1703161478
1703861356
1704980472
1705286873
1706377783
1706910861
1708122199
1708232467
1708985817
1711540384
1711800509
1712499396
1712708824
1713353587
1713538043
1714010868
1714935786
1715321631
1715809280
1716015389
1719188472
1720214179
1720239338
1720573171
1721265411
1722576379
1722785113
1723034433
1724293311
1724848500
1724914031
1726038513
1726125282
1727730824
1728564923
1728788218
1728843968
1729006949
1729111851
1730077427
1730584614
1732624389
1733803367
1734620166
1734653785
1735383403
1735906554
1736308335
1736492918
1737115582
1737664954
1738359409
1738386948
1739012829
1740059509
1741223117
1741832453
1742238968
1744685372
1747041314
1751000823
1751169538
1753247212
1753343597
1755096501
1757297046
1757303687
1758294143
1759710154
1762480713
1763075958
1766334031
1766556246
1766729529
1767728467
1770332200
1770670024
1771081680
1771619447
1772389472
1772770213
1773178552
1773216897
1773788829
1774892419
1775087921
1775428506
1776101875
1776443138
1777425834
1778763293
1779244083
1779490512
1779547150
1780127774
1780266374
1781002360
1781043004
1781942668
1783165930
1783280788
1783711053
1783753656
1783843383
1784591526
1785412818
1787896845
1788035870
1788064997
1788296390
1788556151
1788884285
1789646411
1791654199
1791793742
1794093507
1794915628
1795932202
1797174565
1797524707
1797871235
1797915538
1798104330
1798528376
1799649399
1800138113
1800346757
1801132170
1801235898
1801315056
1802433424
1802810442
1802932376
1803610265
1804585870
1805666793
1805713740
1806862620
1807345120
1807443543
1808538021
1808724418
1809024387
1810139343
1810487813
1811475468
1812075921
1812288382
1812325364
1812676568
1813403825
1813515700
1814897322
1816270068
1817610233
1817655991
1817866150
1818047054
1818468070
1818634107
1819084004
1819323522
1820288011
1821469779
1822562114
1823237159
1824217592
1824344777
1824439478
1825276988
1825334026
1825534718
1826016960
1826215889
1826644839
1828237602
1829514389
1830386195
1831351311
1831414305
1831461260
1831705377
1832637237
1833845166
1837194058
1837462152
1838202718
1838346597
1839349282
1839480809
1840033312
1840155354
1840202177
1841563050
1841695864
1842205871
1843202128
1843758014
1843841849
1844819743
1845120592
1845209650
1845516279
1845965412
1846816796
1847594882
1847880936
1848476991
1848823450
1849782116
1851004439
1851577480
1851656108
1851718509
1851720398
1852546521
1853121345
1853528505
1853889992
1854531397
1856417137
1856597100
1857287720
1857437503
1857490080
1859301896
1859843573
1860393558
1860753211
1861435625
1861816346
1862560965
1862856019
1863037440
1863474211
1863990529
1864444439
1864846927
1865075936
1865183907
1866805343
1867493484
1869234076
1869469567
1869948714
1870616871
1870789475
1870833766
1871072926
1871916842
1872220582
1872444546
1872650044
1873163931
1873642753
1873914978
1874987812
1875094053
1875686449
1877036034
1877741131
1877837385
1877989666
1878128283
1878478217
1878704938
1879082374
1880007586
1880660863
1881122824
1882341198
1882757302
1883385850
1884231646
1885247826
1886234512
1886365741
1887280867
1887319029
1888637021
1889872891
1889942405
1892363244
1892674092
1892842748
1893416206
1894596628
1895356728
1896107693
1896851685
1897018531
1897075391
1897257435
1900520255
1901549018
1901740386
1902351354
1902931724
1903201167
1903591568
1904302797
1904864529
1905115116
1905671026
1905710463
1907036218
1907225729
1908375400
1909569690
1909639745
1910616133
1912146375
1912348295
1914248939
1914991763
1915374019
1915438870
1915814056
1915820148
1918372997
1918663307
1919190892
1919832969
1919893177
1920341777
1921043890
1921201995
1921340626
1921340896
1921519898
1922236319
1923871007
1924682999
1925214473
1925931429
1926139656
1928043173
1928597812
1928668643
1928876850
1929667483
1930004158
1930076904
1930314576
1930513001
1930687043
1931458592
1932466924
1933499958
1935411471
1935782169
1936201997
1936504298
1937529171
1937789990
1938448917
1938867689
1939617315
1940162037
1940328442
1940433995
1941458729
1941511234
1941544400
1941686981
1942038220
1942755714
1943095345
1946743005
1948105092
1948118986
1949172016
1949852652
1950631381
1952282165
1953857320
1953928360
1955176880
1956364196
1956685315
1956731302
1956881015
1957096749
1957469022
1957582757
1958190763
1958784957
1958868237
1959209890
1959302540
1961189421
1961365772
1962074346
1962109840
1962198513
1962320017
1963036855
1963403205
1963913277
1964341580
1964456315
1964555921
1968765646
1970109086
1971665255
1973291749
1973645225
1973659308
1974036131
1974690607
1975230832
1975577949
1978602791
1979158880
1980967592
1982317345
1982346353
1982383861
1983406320
1984012018
1984836018
1985860668
1986602243
1987615055
1988287727
1988890154
1989601057
1989715240
1991641009
1992698078
1993791236
1994502305
1994610062
1995859377
1998121352
1998714308
1999560027
2000784019
2000918598
2001050071
2002373020
2002417442
2002820684
2003217086
2005024852
2005054132
2005382603
2005783633
2006951410
2007256337
2008762074
2008992549
2011084857
2011398816
2011738127
2012986162
2013595259
2014130556
2015778583
2016443111
2016942406
2017682899
2017898766
2019919146
2021144938
2021704766
2021711812
2021925397
2023197373
2024260671
2024560020
2025346780
2025899260
2026478516
2027483463
2027939942
2028186449
2029374369
2029380167
2030310506
2031114860
2031373870
2031946349
2033383429
2033619546
2034282865
2034470069
2035158122
2036126976
2036342215
2036663237
2037991543
2038845523
2039687088
2039957677
2041318266
2043127406
2043294307
2044194638
2044414333
2044974615
2045409370
2047691047
2048417088
2050050649
2052010455
2052899591
2053122808
2055488961
2056036227
2056609058
2057588048
2057645728
2058922613
2059195373
2059308673
2060258345
2060515655
2061482273
2061881776
2062561805
2062625641
2062648385
2063689880
2064852552
2065633546
2066122170
2066651291
2066699134
2067045723
2067600390
2068531357
2068583002
2068617594
2070676477
2070753147
2072833270
2073127302
2073169797
2074313015
2074983327
2076400815
2076703868
2077032839
2077089039
2078700492
2080322669
2080592431
2081695143
2083694283
2083760680
2083948212
2085004558
2085379835
2086023183
2086566655
2086701655
2086815549
2090029275
2091557023
2091956465
2093016690
2093419516
2094047754
2101141274
2101210844
2102569731
2102705064
2103874507
2104609093
2104827086
2105755714
2105802209
2106585522
2107823437
2108276900
2108492819
2109608612
2111742634
2115049843
2115689186
2116181629
2116411081
2117031330
2117284466
2118038985
2118198636
2119141240
2120277519
2122223851
2123507620
2123606031
2123976119
2124074496
2125229512
2126255021
2127186601
2127290534
2127954323
2128050443
2129118851
2130543347
2131854387
2132020826
2132449473
2132518572
2132626773
2135137206
2136163269
2136211612
2136772739
2137212432
2137335304
2137394017
2137635874
2138842377
2139598171
2142215750
2142548297
2143789705
2144902895
2144916230
2145002496
2145005019
2145878519
2146025770
2146087363
2146413985
2146967184
2147438839
