381326
742865
1099837
1140832
1952652
2484526
2832884
3157835
3475534
4249558
4761657
4809352
4890225
4898369
5358264
5385156
5405922
6685107
7507746
10618271
11052749
11589712
12471617
13767219
13871629
15173316
16268160
17291731
17827202
18896322
18934954
19388002
19449446
20034444
20106878
21127990
21586437
22065691
22126571
22875429
23176616
23231549
23321900
23926526
24559984
26048741
26305909
26342979
26642942
26863454
30244368
30479130
30664126
30795935
31233699
31801325
31976402
32749126
32979318
33026524
33442490
33474881
34035238
34868988
35607276
36466248
36763278
37308203
37607355
38235085
38588538
38632210
38906925
39886240
40370951
40718739
41455787
44796629
45370820
46634695
46638450
47172861
47313985
48505504
49418025
49455195
50339490
50454624
50830514
51267954
52734988
52887594
53528421
53767476
55288454
56456355
57422721
57520068
57768957
58160766
58453034
58618149
59063736
59601685
59954590
60042526
60212735
60936520
61561284
62050435
62307122
64109602
65163619
65515746
65677191
67338195
67705031
67787180
68433672
70329901
70511293
70611000
70853149
71222133
71999438
72872953
73658755
73777443
74211183
75159196
76193043
77681863
78748412
79611864
79941225
79981004
81669599
82050914
82438385
84409836
84641475
84763729
85441526
86177329
87422680
88516594
89673450
90183089
90888019
91076533
91154839
91302757
91534400
91599029
92139925
92895899
93287596
94873109
95419544
95927725
96716518
96928323
97754877
98095794
98235663
99494502
100578873
101359597
101381340
102187092
102750010
102859868
102928111
103151144
103269589
103433609
103564228
103935349
104204925
104259943
105568553
106656342
106991696
107130247
107394128
107900271
107973278
108227067
108382986
108565701
109018442
109362845
109436388
110026412
110070694
110618645
112581742
112598245
113041241
114813884
116290395
117583944
118626068
118680454
119311162
119888830
120618737
120637757
120798221
120896092
122318316
122767342
123493959
123875117
125665660
127219038
127946402
128060112
129112908
129801869
130125801
130394473
130585972
131677007
132295509
132731017
132874462
134546478
134566542
135475083
135554590
136068228
136466532
136757932
138818533
138953382
139113678
140241075
141134296
141459160
141680400
142082098
142101244
143198844
143300810
143843383
144668786
144788665
145228350
145422688
145772770
145806184
145914642
146865369
146885715
146908415
147331171
147331653
147477198
147531268
147869849
148128028
148479248
148535121
148696774
148864789
148945297
149074966
150300520
151052322
151178178
151697263
151829760
152240415
153035210
154991738
155143873
155195809
156966336
157076262
157515843
157596718
159704265
160460235
161249020
161633516
162288144
162775654
163277149
163410799
163469152
163496004
163747247
163798456
164000680
164234223
164727731
165085690
165112448
165757405
166027954
166317748
166364578
167860598
168121339
168259340
168640113
168681970
169035634
169343097
170002632
171288775
171508968
171909508
172108668
172156459
172446371
173043448
173072305
173336571
173520576
173685354
174107547
175044963
175298211
175535123
175665671
175717195
177559071
177741175
178709311
178988136
180602307
180937914
181376771
181824277
181983290
182223960
182542298
182790806
182792911
183748735
184864513
184892314
185866402
185882898
185899759
188060308
188699120
188722178
190353634
191270887
191451990
191455347
192007550
192286353
192411566
192501408
193987635
194333241
194337204
194775051
195572366
196018537
196166441
196524335
197157555
197597572
197747964
199076249
199107523
199851627
199925903
200050269
200165455
200604071
200880792
201232385
201751507
201826014
202177006
202471159
202787105
202967555
203567545
203795508
204183974
204334500
204474873
205443358
206506459
208269842
208706779
208835846
208855657
208868948
209275657
209433369
209995147
211031786
213226185
214054834
215391325
217201321
217641435
217760243
218063457
218114356
218316807
218414708
219162366
219333555
219640645
220406713
220792608
221641891
221729893
221824888
222419107
222487354
222986546
224175703
224816000
224846585
225664529
226380149
226900555
227256535
227813572
227839556
228402687
228411102
228515446
228835069
229310698
229342886
230624474
231440181
232268137
232391523
232734020
233023692
233664251
233985723
234500274
234591231
234617116
236320219
237001906
237900438
237963432
238526912
240250400
240720994
240765225
240807286
240816934
241119599
241597276
242435628
242739802
243315753
243629013
243718805
244395413
245583317
245628392
245876180
246741826
248800949
250878715
251191936
251805241
252236891
252258632
253062500
254131905
254680295
256072415
256878101
257142118
258034353
258062177
259004715
260490069
260599252
261057206
261343614
262756336
262911656
263185897
263366587
264905499
265573800
266148721
266744417
267701297
267867610
267898628
268685842
268689899
268787419
270267537
270580712
270792345
270863517
271289483
271337849
271542849
271709560
272328951
272906749
272914461
274998705
275393238
275417337
276109706
276728098
276776893
278314030
278686294
279134070
279775198
280293403
280807647
281025788
281151337
282136803
282661849
282785381
284158115
284632610
285224073
285479908
285556709
286828173
287219629
287264825
288474208
289332341
289448283
290709319
290820561
292898135
295114743
295146620
295191398
295496827
296219658
296365371
296534273
296646608
297040488
297664899
298491219
298951153
299489366
299939443
300338399
301253432
301882063
302100504
302249479
302917863
303532089
303636656
304390621
305018304
305612275
305648127
305977139
307621695
308189626
308366014
308394809
308435746
308587541
310767545
311035740
312574005
312756890
315328569
315749562
315904732
315938733
317588562
317811027
318082983
318436011
318533702
319017894
319510395
319957235
320318456
320623337
321387028
321471262
321990281
322041917
322668146
322772284
323048904
323193260
323290010
323745412
324593653
324603175
325425081
325805771
325890194
325949114
326236502
326488769
326768107
328121569
328581235
328590359
329242542
329260420
329904446
330951025
331110888
331122745
332738419
333269388
333370327
333655528
333786663
333991099
334036365
334052673
334870977
335706050
338039622
338063979
338980898
339701468
340113122
340512291
341161419
341531258
342497516
343337927
343673511
343747470
343920475
344167201
344413985
344720110
345477812
345493295
345652926
345961451
346090051
346914512
346922805
347633670
349667170
350589814
350727763
352271788
353223383
353689168
353965617
355649988
355860952
356026799
356049879
357229225
357400448
358001486
358197223
358436962
358538491
358821064
360272593
360906813
361009181
361198849
361684401
361737141
361863393
363361475
363957104
364104449
365293458
366119007
366747126
368888030
369863702
369899391
370025321
370067120
370161617
370984677
371611144
373359786
373680337
373880228
374006158
374030253
374393453
374394034
374492528
374599109
374889644
375141583
375191036
377554159
378436881
378791290
379455940
379709661
381466277
381611564
381634064
381652991
381667787
383439800
383443598
383656396
384876221
385430911
385761392
386031735
386984787
387019284
387636288
387652616
387763141
388741613
388871186
390312902
391650706
391781966
392955281
393158257
393410527
393802409
394636095
396922067
398561535
398886053
399696518
400119630
400133298
400196356
400562106
400795981
400863984
400932146
400981977
401336868
401536012
401653339
402001808
402276183
403022136
403292191
403366039
403521155
404041690
404223308
404728723
405756159
407381765
408556139
408598718
409227565
410700867
410779933
410925303
411171153
411631223
411631852
413665369
413734590
413751025
413930543
414922068
416631829
417549954
417858228
418598929
420031689
420072006
420108070
421617793
421798700
422080682
422536057
422709257
422710019
423219771
423362558
424840352
424893549
424963284
427708904
427747785
427837739
427992943
428407865
428544026
429317217
429714383
430031905
430114099
431598783
431828451
432676361
432696952
434907649
435212917
436135826
436446458
436776052
438476340
439823008
440196419
440231053
440650910
440778999
441098133
442202846
442386905
442451359
443628435
443817757
444148971
444815753
444994167
445233663
445665939
446214459
446914659
447031641
447169879
447806065
448513365
448729232
448863637
448901789
449479644
450155489
450570087
450794329
451079686
451314299
451503563
451648072
453419198
454558544
454797017
455415416
456715439
457028567
458577196
459104569
459540813
459651276
460044387
460401813
460987974
462106002
462667949
462694746
463148149
465016304
465216219
465618151
466443487
466691582
466915422
467726816
468288322
468470473
469209987
469415618
469685067
469898369
470132448
470385368
470548876
473373498
474247502
474318968
474663067
474688714
475998590
476638681
476897219
476899659
477543413
477731206
477749495
478289876
478676322
479225664
479305876
479321014
479451163
479652382
479754968
480695251
480999774
481243335
481589897
481809441
483103405
483481460
483746843
484141337
484440052
484563989
484780234
484844304
484858037
485473341
485817290
486540471
486603912
486959260
487131757
487576893
488581901
489822906
490009585
490144754
490301549
490767811
491792783
492568242
492733743
493062759
493145524
493279230
493460371
495113758
495286397
495389793
495668414
495675422
495877131
497963795
498081784
498535048
499322674
499804204
501162375
501793014
502607717
504165830
504715636
504840834
505162610
506074239
506811621
507408102
507749937
508045812
508290778
508974674
510805848
511091664
511195397
511233753
514058223
514880833
515614475
515974336
516364751
517035489
518710038
518912053
519022421
519184667
519271739
519549329
519778386
520104312
520278191
520582992
521016187
521514623
522097950
523916632
524289971
525785704
525887554
526546742
526805957
527676358
527682825
528240396
528353089
529326596
529480031
529618332
529651764
529675436
530037126
530616270
531161347
531928688
532487583
532688753
533763126
535427138
536860562
537014073
537469944
537522883
538065038
538219591
538740264
539367702
540070360
540295865
541196905
541317584
541644369
541948043
542238658
542747070
543392409
543826933
544103532
544429080
545104621
545168523
545963356
546029964
546621885
550530238
551311837
551997902
552160831
552617863
552684335
553322856
553703039
553998391
554330619
555077549
556167738
556574801
556807430
556940046
557243279
557904962
558418180
559068984
560296563
560723242
560886123
561091600
562055633
562312038
562466514
564315521
564970069
565554920
566892965
566931871
566939624
567045240
567646775
568882248
569333846
569397208
569430792
569806855
570059751
570720873
572343911
572370119
573150756
573446746
573781609
573841544
574147183
574979078
575190596
575973097
576249917
576814106
577887326
578414028
578666190
579325347
579892279
579899468
580586768
580719278
580734015
581107971
582096462
582148085
583135430
584024150
584470224
584543315
584683303
585181283
585311868
585625429
585718902
586642547
586970631
587392481
589104862
589205762
589532337
590145405
590518824
591152452
591851620
592357230
592592839
592723549
593292901
593348986
593750602
593880851
594677011
594932000
595311890
595472748
595536078
595776527
596232503
596255540
596464524
596876855
597043629
597350737
597716965
597727160
598025820
598057207
598501182
599307904
599461666
600031163
600451282
601597177
601889418
602747321
603150957
604608019
605229320
606396237
606556452
606927920
607510223
607964107
608319990
608482733
608585676
609539559
609710053
610682515
611274498
611762904
611818393
612943496
613523902
613663152
613971511
614800318
615563389
616274508
616568130
617074266
617577073
617993749
619011658
619212746
619462326
619810402
620588366
620997109
621338519
621411579
622457346
622760588
623254346
623375201
623954986
625448654
625801759
625860769
626327498
627730368
628169748
628566698
629604228
630110884
630182722
631068927
631679884
632531697
632963540
633114422
633622752
633654770
635258017
635443669
635465277
636058443
636431822
636847949
638196893
638457498
638785402
638798326
638929915
639878189
640334799
640398089
640532748
641550616
641739958
642268049
644724027
644780930
644926297
645151591
645451460
645516586
645799998
646254945
646955495
647021401
647041212
647893996
647989026
649293346
649676252
649976989
650143306
650302776
650980100
651380733
651731542
652249812
653674628
653824255
653837364
654012542
655157206
655322087
655639966
656352163
656732441
656928211
656932237
656982495
657135781
658225130
658607713
658779582
659465420
659739435
659937823
660243035
660380765
660443475
661482370
662218340
662374080
662405132
662459483
664119887
666675237
668083405
668826280
668937050
669121821
669614909
669941680
670653864
671595432
671736142
672756683
673715774
674089241
674778241
675225830
675286427
676056377
676796363
676853428
677861758
679042544
679688061
680081912
680380783
680859370
681069246
681163773
681944840
682403494
683107015
683467070
683874517
684007258
684300656
684361116
684608470
685154457
686070868
686179848
686305380
686487059
687498435
687739205
688082829
688220776
688325805
688524633
689840408
690252631
690349267
691511072
692422679
692438670
692964871
693772087
694151499
694922887
695254415
696242489
697380308
697604841
697986827
700308833
700406038
701715999
702427134
702590147
703706798
704455794
705191701
705851022
707143669
707636013
708412493
708425894
708534972
709731545
709763493
710550863
710795645
711711226
711837612
712532879
712732328
713407862
714542260
714786186
715773570
716322516
717104761
717522005
718735818
719264106
720052003
721732755
721744807
722002675
722315242
722447661
722806922
723584108
723667906
724036635
724976391
726274868
726450257
726659529
726719745
726986578
727822953
728396033
728520201
728550386
728937434
729217579
729872759
730048442
730543669
732551771
733422096
735165205
735197888
735219491
735806901
735819591
736132001
737276939
737847578
739781590
739821553
740418155
740650364
740759629
742151052
742769701
742999694
744144879
745394011
745456058
746277482
746363736
746383951
746668998
746881848
747029926
747697733
748601389
748741740
750019279
751734473
753645344
753732039
754676342
754813345
755405381
756148581
756387628
756621017
756703168
756860249
757019930
757038361
757134546
757463307
757523695
759691538
761257785
761794689
761895250
762001319
762024198
762223348
763187878
763541240
763860837
764281581
764515773
766049689
766215335
767847900
767969577
768317194
768397064
769313277
769960175
770184880
770584843
770791751
771111105
771303122
772427408
772484961
772515780
772615737
772886106
773196682
773614434
773624752
773962258
775447624
775863472
777664657
778244377
779798442
780240775
782128941
783195086
783396635
783684492
783909507
784565090
785713617
786068031
787316648
789445871
789533121
789645556
789996530
790095247
790143021
790298788
790768790
791046938
791123499
791327935
791660375
792062443
792210300
792217964
792308085
792864473
793069869
794974117
795797035
796858752
797199155
797569240
798302551
798721413
799094077
799187622
800321469
801501069
801679181
801763774
801984273
802162141
803107944
804074766
805217610
805394139
806078425
806673335
806709871
806733131
806774090
806957923
807856907
808015194
808074911
808217743
808512668
810579552
810884642
811516073
813527885
813621605
813670512
813771931
814416184
816189315
817293010
817982597
818282198
820252637
821013800
821030537
821080260
821207004
821642634
822891552
823420657
823506413
823879637
825620043
826368670
826767639
827825363
828059969
828649459
829002845
829489036
829629407
830062923
830081066
830334394
831229429
831426945
831733255
832497814
832966397
835657387
835675301
835705468
836432736
837381304
837411170
837792052
838415740
838520452
838693791
838912158
839377861
840345593
840653892
841331807
841748000
843266264
843596285
843873591
843960241
844075068
844319326
845605727
845887379
846456816
846961552
847612473
847633045
848226127
848228980
848732120
848805634
849258255
850150665
850710291
850858357
851131365
851564376
851938603
854016872
854523640
854732066
855107810
855165362
855274486
855372969
855933000
855936667
856044753
856108159
857018605
857068907
858067047
858356530
858493997
858499701
859822230
859892387
859954429
860849451
861041553
861648219
862081405
863173686
863693241
864323841
864419728
864661015
864693483
865640419
866797001
866998880
867097941
867618579
867917974
868222929
868844663
868892171
869076860
869238500
869493246
870380127
870953769
871112080
871445895
871613032
872237969
872463743
872511313
873530869
873677833
873843099
874946015
876087033
876345306
876405592
876782285
876881595
877312046
877362024
877635406
878608655
880703864
880715003
881724017
882276163
882346821
882837898
883659029
885590154
885897556
886540477
886588216
889400460
890033064
890660550
892079498
892406137
892845856
893414346
895071766
895265343
895308318
895778037
896551592
898049717
898273877
898514410
898873479
899688385
899983947
901143669
901181327
901280144
901959585
901966437
902155135
902349055
902549422
902725811
903631093
903960839
904951039
904957269
905387499
905481991
906011202
906457692
906935027
907269479
907463159
908043545
908906955
909542122
910159726
911147817
912009628
912163353
912789652
912966651
913657733
913767111
913904834
914606725
914970495
915514999
915625919
915857376
916104527
916273713
917563630
917770673
918170123
918293274
918567657
920289502
920438809
920961620
921397174
921880321
922793935
922961716
922998934
923489074
923818145
923916729
924124760
924469076
924579262
924604133
924824009
925001018
925196116
925999995
926769842
926936092
927293628
928676848
929824029
929896475
930274313
930358399
931111308
931565376
931676712
932031480
932145629
932700950
933218747
933400105
933971351
934071922
934304172
934446898
934449028
934933407
935025671
935029227
935117965
935391143
935576585
936137521
936302620
936525484
936783144
937561819
937693793
937751006
938972424
943120205
943337729
943570048
943805726
944486377
944753512
946133314
946137845
946388536
946974573
947111865
947778004
947921498
948245789
948599116
948750877
949192815
949277564
949484531
950222689
950527928
951146081
951326989
951632722
951789504
953065602
953115913
953231651
954048014
955718860
957271882
957362827
957486251
958471812
958654168
959156712
959328110
960243892
960522107
960769339
961170450
961187890
961746019
963536571
963917619
964762200
965410751
965587163
966010446
967819489
968094249
968191460
968410335
969027852
969042746
969541250
969857209
970068310
971444298
971514860
975108995
975238337
975810106
975869783
975952627
976491905
976502832
976637857
976779955
977761687
979740169
980416214
980539705
980694982
980795062
981979035
982322866
982537156
982688407
982928805
983617318
983650204
984764504
985132894
985929398
986438370
986708557
987155035
987414735
987438633
987478192
987620648
987963031
988126765
988130175
988165874
989707755
989823609
990710246
991500972
992570302
993300886
993305826
995019878
996139008
996360186
996648197
997535439
997745484
997809216
998547356
998783409
999427055
1002542803
1003139518
1003209287
1005170029
1005188304
1005360408
1006435862
1006914761
1007011779
1007443081
1008110022
1009010504
1009203969
1010693876
1011352343
1012124614
1013600562
1013932881
1013969865
1014085359
1015819831
1016251792
1017260755
1017744420
1020116905
1020745250
1020764701
1020802462
1020905012
1020953638
1021562451
1022915057
1023126338
1024334071
1024477711
1024775219
1024819747
1025653705
1025682603
1027047817
1027617631
1028248254
1028443756
1029067463
1030176844
1030681170
1031873852
1032574584
1033611079
1033630645
1034038644
1034423091
1035124875
1035545999
1037964029
1040412795
1040771529
1041025201
1042712017
1042787819
1042829276
1042836781
1042914940
1043026389
1043335012
1043946440
1044440283
1044569275
1044621782
1044706487
1044744483
1045001374
1045078350
1045246461
1045719503
1046570424
1046663567
1046710249
1046905581
1046938651
1047289706
1047395054
1047875243
1048786709
1048941247
1050066202
1051598435
1053011894
1053987390
1054432296
1054715466
1055118554
1055713952
1056110495
1056327150
1056885141
1059291604
1059441392
1059549661
1060391719
1060843322
1061348589
1061516923
1061695002
1062042257
1062666807
1063618818
1063989964
1064067133
1064247719
1064525414
1065047282
1065131453
1065334591
1065389034
1065915038
1066619159
1067468553
1068058932
1068102303
1068800649
1072751200
1073370300
1073869627
1074107448
1074979640
1075556997
1076207278
1076459075
1076508339
1076846041
1077087944
1077097722
1077156230
1077843574
1078213454
1078545500
1078940633
1079271778
1079551950
1080623089
1081183551
1081487458
1081857181
1081941921
1082311335
1082909870
1083061381
1083093285
1084051555
1084451735
1084538746
1084665190
1084741690
1085575203
1085743228
1085799976
1085910651
1086408430
1087115048
1087318183
1087343247
1088574378
1089191400
1089362436
1089669038
1089954623
1090435868
1090545530
1090820807
1091074728
1091376227
1091859150
1091863871
1091899285
1092032999
1092272812
1092389439
1092412840
1092487008
1093866921
1094021285
1094291797
1094318615
1095397078
1096166861
1098475991
1098605784
1098904827
1099385458
1099451803
1099495280
1099840224
1100234481
1100596432
1100783784
1101272043
1101701825
1102812998
1102911823
1103438616
1103545745
1103746020
1103773516
1103800224
1104134736
1104365423
1105026578
1105303676
1106653041
1107384877
1107398391
1107706959
1108101208
1108642627
1109452911
1110425505
1111017261
1111892226
1112815012
1113017128
1114687110
1115828301
1117564162
1118487323
1118592486
1119808475
1119838256
1119890335
1120077716
1121082914
1121789656
1122001965
1122257753
1122778410
1123081088
1123173938
1123509954
1124082546
1124727304
1124980312
1126009413
1126892558
1127375569
1127401665
1127753374
1128626391
1129205014
1129512164
1129928937
1130520561
1131544721
1132080365
1132499661
1133561295
1133648288
1133827400
1133976636
1133985825
1134094535
1134250848
1134304172
1134557887
1134803336
1135717763
1135732621
1135889796
1136128505
1137327643
1137504522
1139574416
1140705048
1143082410
1143609059
1144171490
1144872369
1146320720
1146664133
1146679908
1147780169
1147895487
1148233893
1148452910
1148907767
1149300383
1149744706
1149829864
1149994959
1150385221
1151875778
1154179814
1154239820
1155055977
1155240921
1155385808
1155829194
1155832969
1156227557
1156721736
1157452318
1157616926
1158042615
1158591138
1158758387
1160025717
1161417202
1162308164
1163532940
1163599896
1163872884
1164197616
1165365510
1165600243
1165663489
1166244680
1166357834
1166770773
1166988219
1167111354
1167237022
1167519284
1167803228
1170420525
1170907934
1170913710
1171384419
1171899044
1172387466
1173152014
1173665052
1174212908
1174693558
1174830102
1175478936
1176726722
1177048769
1178066605
1178493457
1179552820
1180098571
1180768541
1181023493
1181418883
1181626490
1181906535
1181918864
1182236383
1182964084
1183278797
1183563758
1184049329
1184698494
1184775514
1184941451
1185477732
1185677939
1185722041
1186018061
1186677833
1187323233
1188442809
1188602242
1189149547
1189307383
1189631957
1189639656
1189946701
1190224000
1190698387
1190822139
1191264920
1192565986
1192853545
1192889666
1193236170
1193295396
1193824860
1194249181
1194379225
1195195063
1195822425
1196056436
1196449120
1199017456
1199326415
1199607808
1199707818
1199919876
1200329784
1201094687
1201472544
1201896273
1202993828
1203101955
1203644149
1205531509
1207719454
1207783526
1208124824
1208543786
1208585190
1208908155
1208999916
1211041123
1211081690
1212763483
1213408068
1213789891
1213835995
1214542924
1214608134
1214692383
1214974462
1215102570
1215735928
1215802475
1216199256
1216213371
1216248030
1217314152
1217398012
1217906901
1218186031
1218766084
1219293157
1220771408
1222860487
1223128192
1224912663
1225568510
1225717939
1226351119
1228418623
1228426851
1228500421
1228698765
1229357100
1229968355
1230957215
1231897333
1232097222
1233494385
1234345120
1234615512
1234669988
1234854259
1235222554
1235806359
1236038689
1236682544
1236826304
1236847696
1237209150
1238112112
1238268763
1238294912
1238370915
1239102066
1239989103
1240412042
1240790760
1241500763
1241786551
1242086925
1242213737
1243546082
1243631526
1245345996
1245622190
1246159096
1248380001
1249456576
1250119599
1250300126
1250354986
1250913111
1251831060
1251834724
1252616954
1253963706
1256639128
1257059146
1259234691
1259494469
1259645013
1260198278
1260824823
1262047204
1262269697
1262275755
1262350938
1262718743
1263169918
1263635123
1263824134
1264209146
1265325424
1265819294
1266316099
1266866934
1267331494
1267422300
1267494209
1267593696
1268955272
1269587486
1269763621
1269942270
1270246614
1271431805
1271616103
1272114406
1272151267
1272935574
1273058964
1274302236
1274716177
1276450656
1276854603
1276954098
1277970489
1278078919
1278837020
1279326835
1280228202
1280384763
1280472467
1281710858
1282036211
1282038340
1282444222
1282893438
1283903451
1284859776
1285565977
1285736163
1285811221
1285945649
1288048042
1290026822
1290256730
1290516181
1290884764
1291131980
1292030683
1292047176
1292782523
1293117600
1294471186
1296316562
1297124310
1297704548
1298056007
1298275436
1298593526
1298864579
1299022142
1299835917
1299886272
1300454037
1300852070
1300994867
1301870421
1303268663
1303949800
1304229403
1304547511
1305239100
1306384295
1307121854
1308881547
1308944086
1309341587
1309454182
1309676428
1309805990
1311095801
1311755863
1311840308
1311842565
1312272193
1312453921
1312683311
1313124708
1313156030
1313422586
1313703881
1314428653
1315042868
1315249426
1316078820
1317558698
1317826039
1317907346
1319181845
1319323314
1319545755
1322200190
1322570406
1323231359
1323289380
1324781938
1324938275
1325121041
1326064753
1326720341
1327173002
1327401231
1327925876
1328620905
1328758419
1329284009
1329457014
1329761658
1330010818
1331232801
1331688890
1332697131
1333293511
1333838712
1334349891
1334652635
1334984584
1335112685
1335222275
1335651444
1336032553
1336560962
1336833386
1338558593
1338666657
1340006022
1340243892
1341035290
1342612617
1342630827
1343029420
1343136002
1346077289
1346873639
1347829358
1347984075
1349497513
1350057520
1350437336
1351881991
1352267524
1353017944
1353340824
1353680743
1353781743
1353819550
1354204709
1354652410
1354766667
1356304024
1357627729
1358014979
1358996792
1359656555
1359985198
1360401054
1360781882
1363250947
1364510335
1364831646
1365366075
1365907445
1365985017
1366201033
1366940492
1367145890
1367521810
1367652359
1368177213
1369172307
1369388736
1370316794
1370813984
1371642665
1371742665
1372150635
1373039116
1373664975
1374059126
1375436706
1375757302
1375848308
1376222759
1376715553
1377058369
1377104079
1377150001
1377243522
1378193868
1378613679
1378737158
1379069357
1379190135
1379233701
1379771872
1380305049
1381064578
1381493961
1381801450
1381892640
1383722215
1384568345
1384692574
1385499129
1386583638
1386835853
1386995111
1387440033
1387530823
1388084835
1388187250
1388679978
1388822408
1389377597
1389591954
1390923365
1391249354
1391721773
1393224454
1393356032
1393463882
1393961830
1393996138
1394089083
1394249920
1394728909
1394886415
1395052193
1395844699
1397360332
1398688877
1399630088
1400360406
1401550230
1401973440
1402398731
1402557658
1402747667
1404328894
1406019471
1406089724
1407060251
1408150615
1409043192
1409602219
1410281099
1410322092
1410372686
1410453390
1412226484
1412442586
1412993724
1413214388
1413255774
1414125879
1414189194
1414205997
1414840329
1415754272
1415852125
1415974422
1416193614
1416214707
1417393921
1417566758
1419087234
1419898075
1420877001
1421254162
1421282827
1421982313
1422913178
1423795231
1423902463
1424494580
1424666991
1424868421
1424949831
1424983577
1426588805
1426651854
1427279052
1428517758
1428721608
1430380642
1431396886
1432058420
1433195770
1433371430
1433856379
1434614958
1435415353
1435421488
1435836811
1435901904
1436870716
1437610556
1438304914
1438873988
1439171457
1439482399
1439491198
1440215133
1440489339
1441436975
1441556891
1441735536
1442333918
1442552989
1443719531
1444341416
1445040475
1445663440
1446030360
1446157973
1446591929
1447127577
1447305835
1448337162
1448482686
1448710209
1450161819
1450386154
1450781271
1450837686
1451490281
1452686508
1452941339
1453808650
1453969319
1455441205
1455506349
1455559783
1455835277
1456182336
1456903186
1457510610
1457631164
1458198608
1458270652
1458625444
1459452327
1459568695
1459751911
1461156290
1461375020
1461736638
1461899765
1462860232
1464230393
1464714605
1464921810
1465075101
1465359746
1465691105
1466170589
1467035978
1467242318
1467524333
1468390137
1468881284
1469999825
1470541822
1470774093
1470808399
1470896980
1471046223
1472213516
1472705759
1472838388
1474846130
1475930192
1476106371
1476190192
1476427924
1476659806
1477183948
1478119882
1478922674
1478968588
1480375473
1480497765
1482453298
1482733991
1483646672
1484150295
1485014334
1485231827
1485625524
1485683901
1485956392
1486207655
1486493023
1487357302
1487792265
1487833519
1487855702
1489540066
1490028978
1490615764
1491027102
1491111111
1491535206
1491724623
1492041051
1493389675
1493861058
1494170501
1496091247
1496251367
1496719864
1497388979
1497657006
1497756726
1499649845
1500357956
1502233437
1502719760
1502872257
1503790837
1504096719
1504556382
1504713656
1504846963
1505819529
1506353462
1507281528
1507515578
1507587264
1507627007
1507974905
1508486700
1508715882
1509610074
1509700466
1512153363
1513001669
1513939251
1514127298
1514232578
1515174675
1515705880
1516138914
1516439223
1516892269
1517688001
1518529347
1519142492
1519950207
1520256954
1520777723
1521611661
1521984401
1525486896
1526143231
1526302020
1526367577
1527385278
1527399484
1528259551
1529208843
1529362836
1529545282
1529559628
1530300449
1530531427
1530750116
1532176282
1532803733
1532856079
1534226103
1534518105
1534900822
1536197554
1536857815
1537512528
1537541865
1538191047
1538455197
1539190478
1539532186
1541962641
1542177765
1542465951
1542484028
1543028381
1543047087
1543698592
1544125524
1544335015
1545489118
1546307899
1548004952
1548740712
1549017983
1549432511
1551872814
1552743301
1553196650
1553793600
1553831877
1553940543
1554204382
1554784921
1555014478
1555285106
1555576997
1555698701
1555775959
1556874195
1557711576
1559109286
1559327944
1559483746
1560138741
1560175904
1561188791
1562555990
1562830557
1563874557
1564035380
1565811915
1565830468
1565894829
1566332849
1567248538
1567456605
1567690781
1568407977
1568629306
1569117176
1570063365
1570499325
1570647552
1570828390
1571649163
1572993353
1573465582
1573918540
1574042339
1574263242
1574524595
1574800445
1575045509
1575790265
1575841015
1577529836
1577635506
1579508187
1579565946
1579912677
1580245710
1580344757
1580575133
1580884531
1581056406
1581427246
1582372901
1583864162
1583967605
1584325151
1585598051
1586603734
1588612483
1589021999
1589295291
1589659475
1590420263
1590542668
1590705861
1591086010
1591471223
1592126333
1592661215
1592859659
1593623215
1593972554
1594258700
1594805472
1594833254
1595973425
1595974395
1596339208
1596813086
1597821754
1598735506
1599382777
1599470527
1599627403
1600400106
1600432099
1600513880
1601938447
1602709116
1603253312
1603368827
1603574652
1603975656
1604404153
1605631365
1606050157
1606194183
1606649958
1607771805
1608402383
1608972577
1610094126
1610260589
1610373337
1610721511
1610995033
1613077472
1614079603
1614350969
1614517285
1614819894
1615254063
1615906346
1616030101
1617583050
1618533933
1618744845
1618902534
1618953670
1619731520
1619982980
1620187212
1620554476
1620726281
1620908588
1621190841
1621694283
1622436918
1622587666
1623131307
1623520502
1624146886
1624215996
1624515062
1624557531
1624980520
1626040107
1626328533
1626415724
1626501522
1626523333
1627046440
1628125252
1628548542
1628927368
1628945195
1629032462
1630936462
1632113707
1632145694
1632191083
1632695247
1635346896
1636719291
1638208560
1638616611
1638958649
1639556784
1639664315
1640248444
1640702866
1641032573
1641060447
1641261789
1644550939
1644967407
1645766147
1645869470
1646950261
1647017532
1647408351
1647918335
1649177792
1649436272
1650466771
1651281729
1653574124
1653621139
1655794190
1657218806
1657482169
1657586475
1657919506
1660369921
1660798892
1661371501
1662185620
1662313410
1662847054
1663496169
1663737616
1664396652
1664681262
1664753421
1665019825
1665291214
1665354495
1666254047
1666272041
1666683172
1668818782
1668869036
1669065783
1670408276
1670486155
1670531887
1671291776
1671738689
1671936896
1672551582
1672989599
1674040731
1674706943
1674899913
1675157334
1675774638
1676566628
1677229002
1677455631
1678227563
1678261340
1678652146
1679217596
1679414934
1679794478
1680181858
1681302951
1681496440
1681682035
1681705796
1682067045
1682108503
1682762829
1682839003
1683961417
1686428372
1686999855
1687202434
1687318530
1688198864
1688395018
1689543448
1690191637
1690207158
1690596893
1690611727
1690735352
1691402430
1692717021
1693715446
1693985857
1694608165
1695612338
1695730417
1696341191
1696740610
1697024783
1697331781
1697638294
1697977662
1699298083
1699703571
1700236336
1700874212
1700910352
1701864233
1702177957
1702455794
1702591610
1702737045
1703133993
1705318427
1705659003
1706305489
1706443201
1706995843
1707673500
1708451980
1708823786
1710284968
1711374983
1711901815
1712349883
1712390016
1712849738
1713085715
1713129095
1715464246
1717349856
1717809788
1718188920
1719505666
1719686426
1719762179
1720931579
1721055134
1721137662
1721632354
1722623287
1723686787
1723795007
1723951772
1724037732
1724387306
1725217892
1725581554
1725879945
1726535987
1726725937
1727669714
1727696172
1727957240
1728899947
1729126937
1730692347
1731591570
1731909794
1732164307
1732184614
1732898422
1733152401
1733378785
1733526028
1735298733
1735494511
1735508136
1735938889
1736282339
1736804913
1736934061
1737138606
1737688619
1737802603
1738032807
1738238255
1738701493
1738841776
1739398479
1740321833
1740855186
1741851031
1742153460
1742479389
1742712573
1742967255
1744412303
1744625251
1745547934
1745733330
1746301114
1746721314
1749448223
1750676705
1750742887
1751025184
1751174147
1753138122
1754221943
1755379283
1756904460
1757013568
1757960949
1759668838
1760547663
1761018775
1761641008
1762434755
1762468860
1763386539
1763633764
1763733994
1763741224
1763864770
1765153883
1765354656
1766105581
1766529971
1766831684
1767456655
1768878555
1769205913
1769791076
1770051404
1770236839
1770340395
1770549156
1770777034
1772098678
1774099349
1774270099
1774604409
1774934283
1776531179
1779192622
1779231134
1779503022
1779796591
1781311267
1782809426
1784396454
1785099636
1787952762
1787963161
1787974359
1788022640
1788552667
1790139718
1790353727
1790356704
1791370143
1791689119
1791877065
1792056170
1792381975
1793047561
1793546157
1793747453
1794023808
1794248747
1794747768
1795135223
1796640428
1798540189
1798690307
1798791797
1799214382
1799676121
1801292564
1801364987
1802136568
1802283887
1804472745
1804597218
1804891440
1804959611
1805044959
1805186246
1806154881
1806468052
1806529051
1807513138
1807905344
1808701492
1809709593
1810081513
1810369966
1810475980
1810677826
1811040313
1812111745
1812697156
1814351069
1815425554
1816462134
1817288415
1817475668
1818665476
1819709562
1820492347
1820837897
1821980529
1822312478
1822433516
1822999338
1823276170
1824445214
1825899105
1827268975
1827271650
1827291367
1827827649
1828227960
1828883060
1831324095
1832311762
1832491591
1832886752
1833562862
1833657584
1834377380
1835045509
1835486459
1835764499
1836219420
1836266534
1836487305
1836846543
1837958219
1838047855
1838276533
1838921904
1839061430
1839398288
1839829556
1840055683
1840421816
1840647024
1841164882
1843430098
1843491356
1843639833
1844058227
1844597787
1845441038
1845715817
1846916872
1847412828
1848135816
1848673031
1848701622
1848997848
1849923509
1850010131
1850516820
1851377631
1852219781
1852293554
1853428189
1854349222
1854386728
1854625459
1854886170
1855793785
1856247733
1856386390
1856916058
1856937306
1857143859
1857666688
1858105714
1858187962
1858424469
1859007806
1861191803
1861312440
1861825407
1862396795
1862795053
1863051914
1863486680
1863814043
1863836166
1863902155
1864301479
1864611249
1864716263
1864972774
1865082690
1866473326
1866782623
1867472205
1868058896
1868087649
1868411229
1868562136
1868774122
1868889695
1869019704
1869082897
1869176483
1869507792
1870277579
1870466053
1871353856
1871748192
1871866535
1872960272
1873769294
1873896598
1874747683
1874886430
1875061946
1875114615
1875208463
1875377199
1875759976
1876160772
1876625748
1878296997
1878437215
1879168205
1879381522
1880823502
1881823525
1882089269
1882352196
1882946298
1883712246
1884391325
1886427783
1886875598
1887997389
1888169495
1888210520
1888424723
1888694273
1889319861
1890428991
1890640255
1890994991
1891589931
1892676617
1893989369
1894263441
1894292128
1894418237
1895410364
1896098449
1897228674
1897681690
1897760937
1899448410
1900108799
1900114610
1900513665
1900704197
1901071037
1901359207
1902185781
1902366909
1903151789
1903436177
1904533389
1904812638
1905330298
1907223902
1908146234
1908294166
1908828192
1908858422
1909003764
1909534769
1909604385
1909612690
1909679238
1910541278
1910606193
1910854652
1911983049
1912082961
1912847606
1913532239
1914355562
1914445659
1914695965
1916045286
1916125778
1916581050
1916848733
1917046708
1917130095
1917146559
1918091593
1918437687
1918490350
1919039851
1919073776
1919791179
1920221775
1920926698
1921322154
1921407224
1921602954
1922274403
1922712582
1922915415
1923090487
1923374615
1924092859
1924529724
1926902554
1926991922
1927312570
1927891234
1928742149
1929678174
1929894323
1930395392
1930537226
1931523881
1932719047
1933556488
1933861777
1934930931
1937007810
1937267657
1937273249
1937589971
1937829585
1938133275
1938515366
1938523152
1939064432
1940220532
1940457407
1940978563
1941968210
1942791098
1943315625
1943896176
1943916404
1944001116
1945051384
1945172526
1945198281
1945294152
1945574774
1946855191
1947180392
1947279567
1947668815
1948734300
1949738765
1950026486
1951181242
1951445219
1951543920
1952124196
1952567605
1952611584
1952843169
1953402885
1955241203
1955356357
1955959333
1956007966
1956043395
1956152365
1957028833
1957036372
1957252334
1957493032
1957543013
1957913415
1958235995
1958669358
1959492725
1959532256
1959615977
1961208774
1961750493
1961770989
1962179373
1962839216
1963213078
1965334523
1966622735
1966959603
1967512483
1968244485
1968446844
1968460734
1968683902
1968989043
1972126295
1972659115
1972731858
1973176200
1973300880
1973971295
1975781302
1976220531
1976968701
1978015834
1978105442
1978509122
1978674561
1980275112
1981082731
1981296499
1981690361
1983308747
1983308937
1984206889
1984623961
1985088577
1985266255
1987664087
1987795568
1988144196
1988326990
1988635491
1988771879
1989514780
1989799840
1989881572
1990283001
1990306747
1991167075
1992003401
1992604846
1993117599
1993647661
1994166919
1994375414
1996266761
1996653661
1997415485
1998596244
1998915754
1999352943
2000521212
2000577179
2001930493
2002864331
2002982167
2003673961
2003960494
2004494282
2004990408
2005024295
2005816094
2005844673
2006680206
2006934385
2007271641
2007740824
2008119897
2008292249
2009509364
2009739984
2011643809
2012065072
2012949655
2013129151
2013293889
2013391752
2013473027
2013492342
2013573498
2013699959
2014103158
2014661226
2015279890
2016550183
2017751360
2019018473
2019341884
2019547253
2019843191
2021563030
2022953350
2023159361
2023542358
2024495397
2024632946
2025326689
2026452029
2026454671
2026611620
2027282840
2027609417
2028803345
2028858063
2028927337
2029526478
2030214329
2031636382
2031846953
2032594523
2032598959
2032845333
2033185863
2033240836
2035497398
2035781537
2036430710
2038212351
2038480087
2039317133
2039871011
2040054088
2040422270
2040651901
2040829305
2041618452
2043234477
2043545857
2044001607
2044281066
2044599932
2044730139
2046222452
2046249407
2047011025
2047089440
2047514993
2048514693
2048698169
2049781673
2050701165
2051148026
2051406771
2051437449
2051996572
2052095949
2052135097
2053821383
2054581385
2054619244
2054786025
2055493094
2056197923
2056327306
2058196343
2058797733
2059792759
2059979211
2060222186
2061803407
2062086301
2062114937
2062283231
2062506379
2063325855
2063782578
2065348906
2065849282
2066068684
2067709391
2067713291
2067907324
2068090460
2068866104
2070299523
2070426945
2070636331
2070756229
2071382198
2072087981
2072412926
2072685988
2072976561
2073995750
2074111030
2074889693
2075026612
2075194991
2075224761
2075389987
2076096191
2076390996
2077888335
2078259011
2078646047
2079274567
2080487500
2081390433
2082481439
2082919326
2083389769
2083648528
2084246022
2084727880
2085747476
2085841985
2086177848
2086701769
2087499415
2087781082
2087963275
2088755770
2090029985
2090791985
2091182781
2091361162
2091884211
2092670357
2093708344
2094269162
2094563623
2096654165
2097576291
2097598927
2097763069
2097787063
2097815018
2098293270
2098373650
2099731757
2099845392
2099871873
2100276471
2100667144
2100861966
2101387326
2102095365
2102363430
2102530584
2102970431
2103170493
2103563896
2103775951
2104032541
2106033738
2107148008
2107207959
2108233990
2108504116
2108852976
2110598881
2111758998
2111911225
2112100265
2112358261
2112408408
2112754042
2113173544
2113450530
2113484534
2113513610
2113588728
2113661637
2114714828
2114979463
2115194686
2115229171
2115288627
2115293943
2115768586
2116422891
2117560868
2117689899
2118167923
2118619083
2119053887
2119094030
2120324205
2121848101
2122434967
2123661338
2123764944
2125707015
2126944819
2127212861
2127801108
2128442093
2128948863
2129273584
2130726117
2131228543
2132068735
2132167523
2132379474
2132530873
2132693103
2133952927
2134022491
2134800625
2136885614
2137449930
2138085925
2138107937
2138211847
2138503988
2140477668
2140561684
2141018417
2141436587
2142036794
2142380804
2143259216
2144213416
2144271523
2144307759
2144312432
2144660617
2145745013
2146212159
2147103392
2147472440
