758164
1428644
2101510
2108976
2233279
2383916
2732432
2802818
3071898
4369708
4685396
4726216
4840269
4964930
5022466
5099255
5830101
6400318
6592303
7177785
7535553
7835433
8233898
9173526
9195205
9342416
9393238
11081864
11246432
11260875
11601061
11840467
12084316
12907123
13499490
14855657
15867243
17148646
17251533
17940485
18980150
19034253
19642764
20240562
20868917
22021100
22457062
22542031
22631111
22876969
23046983
23207130
23641387
23766397
24047691
24215934
25571013
25951598
26006702
26911912
27434701
27711846
28077137
28086967
28091733
28251173
28284281
28573579
29605402
29791118
30198100
30275470
30331996
30560878
30621295
30667680
31003631
31167005
32427427
33355342
34185846
34248573
34382347
34615278
35367877
36186132
36235562
36245172
37646248
37891015
38849379
39092012
40045293
40652501
42137626
43076695
43657058
43860906
44206699
44317337
44816927
44866706
45500008
45742388
45809792
46696515
46739271
46751725
46989636
47608545
47686936
48038806
48043706
49161311
49259688
50235416
50497089
52348796
52469779
53299264
55251611
55590617
56183527
56555119
56722763
57472310
57917788
57938576
58035596
58268476
58967338
59379713
60000696
60535200
60926943
60961018
61226207
61531857
61631741
61692222
61959252
63622819
63657951
64011265
64054073
64289824
64320214
64634879
64645337
65242940
65266581
65459191
65593883
65598095
65607208
65759500
65786911
67175622
68230487
68429977
68969672
69175933
69351563
69680058
69745434
70200426
70671689
70809776
71168720
71540064
71664847
74537312
75334481
76025340
76481980
76918975
78235636
79007171
79021208
79727905
79795209
79834743
79888629
80088864
80225283
80867827
81240942
81496228
81550669
81925683
82170197
82224066
82415218
83311879
83401235
83677451
83744806
84277047
84341076
85132730
85183231
85480296
85606556
85621498
85661092
86184628
86263809
86653381
86989298
87668666
88118787
88289656
89851284
89851724
90040352
90099011
90220733
90227184
90884726
91046094
91731189
93792964
93947731
94216518
95162716
95347690
96279745
97017194
97700951
97984827
98346765
98384658
98392059
98442790
98609887
99307913
99338691
99569961
99789410
100484789
101301722
101936935
102298965
103166370
103460743
104660343
104944856
105807180
106026499
106321214
106904033
106916175
106988108
107038208
107112992
107485488
107848230
107889935
108350510
108663722
108951118
109636848
109900888
110689735
111181323
111247703
112734761
113057721
113323794
113338214
114970623
116250919
116936238
117805779
118177547
118220625
118250804
118286415
118833349
118995131
119108629
119172839
119402623
120166249
120551314
120753576
120877105
121224607
122580631
124032142
124247091
124331845
125378798
125411711
125518727
125994768
126228823
126619575
126988924
127405728
127497692
127518118
127786842
127812244
128454014
129197903
129530122
129820887
130183201
130305124
130612037
131447037
131494667
131608517
132774157
133004361
133166647
133504821
133511000
134159648
134703483
135431304
135529046
135940136
136126600
136541377
136729595
137229027
137309973
137420604
137799584
137962193
138571259
139976434
140994300
141953180
142478864
142610741
143116156
143272121
143664018
143709974
143752187
144027372
144378507
144756297
144766747
145550482
146000113
146185248
146341072
146443776
146554372
146774186
146888946
147214533
147339192
147958899
148352378
149265080
149366223
149509057
149717977
150011741
150575463
150809725
151926393
151962768
152087744
152231356
152612783
152623734
152678390
153339080
153363795
153490365
153674480
153791058
153846419
153890542
153977939
154101923
154152484
155755345
156107405
156455112
157494353
157497723
157567835
158067968
158862487
159116196
160009038
160325510
161089960
161287755
161384041
161567811
161641140
162525780
162905012
163133186
163222050
163309449
163804798
163838761
165051516
166599752
166658022
166792675
168016417
168504964
169128960
169926575
170207853
170486895
171298644
171533606
171783635
171923599
172017934
172269374
172408642
172410278
173054244
173220657
173394138
173535800
174944916
174983103
175204411
175444639
175556632
176462169
176564377
176989465
177471549
178177706
178478702
178875608
180444882
180538098
180553221
181060146
181135914
181163854
181276131
181498530
181640726
181888484
182545173
182709024
182924889
183478520
183632947
184128891
184763300
184901605
185134216
185215410
185234995
185645129
186005316
186016641
186207182
186791427
187022900
188241711
188498834
189181849
189519584
189948981
190310851
190383909
190561557
191037339
191099568
191756119
192029683
192159393
192713373
192906501
193266818
193369312
193456687
193891220
194230477
194392104
194456067
194938590
194988033
195216994
195914441
196252654
196332342
196468728
196679697
196998728
197080024
197084802
197258929
197451762
197727444
198424270
198750951
200363734
201183779
201458868
201504120
202249450
202852835
203489408
203856726
204871246
205562673
205890778
206589559
206591762
208505940
208999009
209105702
209114457
209494885
210157372
210676661
213661762
213789995
214850656
217636713
218393256
219876049
220609505
220622361
221098402
221502310
221516263
221695902
221816290
222199727
222415094
222459822
222645753
223601826
224323617
224612379
225555400
225839336
226354372
226391462
227606400
227666689
229860485
229905647
230672955
231039984
231444981
232614345
232946415
233039251
233067526
233329959
233751136
234116600
234748454
235194909
235482237
235964045
236011553
237055747
237645142
238250067
238290152
238293687
238861542
238930818
239327016
239706905
240037515
240156430
240715626
241168351
241865134
242627057
242874915
243104477
243187835
243578103
244366943
244794913
245826801
245920582
246731726
247475142
248304405
248457551
249152891
251008249
251477994
251497736
251566647
251905960
252078343
252576598
252714903
252737492
253497629
255806150
256203573
257469464
257771914
258340312
259323513
259557791
259587227
261288227
261378885
261662445
262453489
262606120
262691181
262698862
263722379
263846118
263967036
263999798
264461059
265099672
265685139
265899262
265983833
265985649
266166921
266571706
267023591
267251644
268729370
268787955
269024289
269474679
269506691
271049725
271626996
271638023
271925960
272014318
272173658
272919976
273311977
273479144
274683179
274724359
274769619
274921944
275314577
275994739
276408647
276725476
276751661
276956734
277106627
278135747
278825124
279138443
279249138
279530841
279575866
279751475
280526716
280716839
281023669
282658564
283038096
283440588
283686654
283946220
284585400
284942475
285798024
285859191
286000628
286622772
286913786
287508663
288119086
288336835
288394567
288429217
288897564
289119837
290069155
290397534
291124813
291313340
291726080
292031527
292159399
292273309
292369376
292380808
293025600
293757271
294467824
294535608
295797504
296029824
296254622
296531045
296606897
296713705
296969514
297215494
297244500
297733153
297987595
298786147
298838866
299112148
299222956
299531636
299715972
299914164
300444348
300825211
301705068
301911560
302166860
303129489
303376244
303388359
304513535
304630852
304647797
304699492
304979106
305790086
305954468
306312465
306961037
308079957
308085081
309073613
309414219
311070423
311310037
311324871
311337745
311458534
311884545
312488364
312655352
313188567
313735073
313742958
314244694
314443956
314753376
315015410
315151485
315298144
315475801
315575443
315740170
315929762
316281287
317091507
317246249
317351529
317999111
318794473
319558599
319840011
320274501
320338938
320365143
320492910
320676545
321317270
322067268
323282529
323282869
324453404
324817452
326069805
326729291
326826258
326984205
327502835
328226388
328476466
329000485
329291771
330699127
330897074
331208027
331530682
332080049
332650898
332655756
332682602
333371599
334063680
335151029
335163253
335418326
336071928
336532504
336701792
336844989
337345323
337448537
337556913
337563420
337746176
337839893
338842954
339049011
339494747
339792109
339795479
340134476
340537750
340628806
341719273
341732144
342536494
343113583
343476306
343489207
343600561
343910630
344073151
345517839
346366046
346553291
346612241
347646379
348090911
348928171
351286089
351628071
352061783
352386417
352422338
352746642
353694430
353953653
354222981
354289912
354896830
355401600
355776272
355776938
356043815
356143504
357724878
357741857
358009154
358195620
358486099
359098032
359833313
359907082
359954193
360159312
360572195
360941656
362174511
363163536
363682746
364044974
364071219
364464965
364906565
364953544
365325665
365391142
365420338
365468038
365963547
366113069
366117175
366556459
366680964
367222680
368828306
368895402
368941540
369020061
369372599
369500487
369694856
370307111
370941151
372533094
372737848
373585182
373746753
373841138
374891879
375800220
376149471
376169683
376777249
376804999
376944096
377077036
377904113
377991226
378107401
378289106
380381688
381107613
381221772
381545387
381644944
382410061
385118810
386008000
386361079
386733114
386825693
386943326
386945114
387070308
387217798
387250613
387750167
387815728
388776249
389396945
390331535
390581080
390926080
391676337
391776280
391856917
393164971
393364964
393374543
393406300
393815973
394878118
395749070
395960556
396039291
396039934
396992147
397318120
397514655
397569897
398262448
399010339
399107181
399342925
399513497
399608797
400320237
400952922
401011379
401651856
403575914
403925853
404007464
404008562
404128910
404169281
404415511
405167764
405404799
406767929
407381507
407879132
408048951
408498061
409479346
410075242
410204474
410350269
410389239
410847875
411093219
411120467
411621732
411938136
412285182
412836669
412966485
413046278
413982334
414811917
414847500
415445347
415472269
415715439
415986415
417103655
417299844
417511767
417776954
418092561
419348106
419350081
419529516
420541214
420790362
421277766
421802933
421880714
422230102
422274927
423273350
423401607
423436530
424079952
424572753
424686133
425591116
426244670
426272420
426553186
426838287
427182415
427753987
428399941
428611271
429140364
429688767
430070467
430380578
431169489
431194645
431278087
431713409
432131518
433068154
433634462
433698646
433698809
433856427
433980542
434277541
434389291
434616825
434802958
434979529
435476708
435767403
435823232
435984853
436368838
436458537
436785435
436993993
437774311
437979474
437982893
437983236
438554661
439123289
439219963
439380181
439628520
439759678
439888867
440156497
440258563
440787593
441049309
441113934
441963415
442924205
443066431
443444219
444327694
444480620
444851774
446317470
446481341
446750718
446757306
446946346
447674689
448289275
449679427
449787804
450053938
450635732
451564471
451815812
451996367
452442538
454149300
454793813
455114059
455635773
455846326
456163921
456326176
457141821
457151069
458574316
458754359
458890251
458988164
459360090
459459805
460384011
460997601
461461833
461512700
461586164
463011258
463588715
463789975
464485133
464530522
464765393
465298415
465307072
465576580
465950420
466326909
466390545
466508780
466527812
466825642
467210679
467626085
468505146
468686294
468933530
469272888
469281586
469328835
469444443
469837462
470002332
470251942
470375602
470974004
471286708
472042072
472123153
473135985
473423550
473546502
473675581
473722088
474817949
474889744
475306271
475397021
475411110
475755436
476162070
476396757
476651914
476883426
477014882
477225914
477337486
477975909
478102926
479018721
480842893
480849367
481149385
481585488
481954849
482223395
482690430
483877405
484203729
484792150
485103564
486180530
486307883
486703010
487106987
487121533
488025677
488535670
488540321
488771139
488910559
489165112
489951654
490257720
490348428
490556991
490647074
490866746
491036785
491198549
491282991
491685520
491742924
491866147
492004006
492169688
493496956
494304944
494365182
494605318
494639768
494781503
494826199
495078179
496041972
496114336
496359291
496447544
496584347
497360926
497677768
498166440
498525391
498966316
499195937
499501120
500391852
501023170
501259131
502374893
503486501
503626705
505438228
505836881
505969014
506293074
506544309
506696383
506780590
506843570
506873959
507292945
507561594
508123460
508396248
508899152
508915311
509224585
509602168
509730273
510107062
510288528
510912318
511091463
511391236
512072831
512700294
512996556
514403127
514410076
514450307
515479495
516056188
516225947
516338005
516798104
517152725
517282172
517285512
518425589
519001979
519011875
520257191
520359662
520918131
520926313
521927354
522340493
522683715
523148303
524461451
524761827
525553856
525558410
525881825
525969748
525981804
525984147
526333427
526390163
526584852
526744039
526808194
526820643
527221988
527832382
527862364
528017547
528181476
528187438
529092865
529467432
529772637
529938080
530089168
530267338
531074072
531337624
531634063
532376006
533130726
533662586
533719037
533854093
534133532
535010740
535323613
535452109
536246269
537023493
537131493
537141707
537261572
537662224
538319457
538336944
539224427
539270074
539849669
539947528
540188116
540353111
541165353
542308316
543222991
543607437
543723671
544065776
544541502
546398128
546496745
546705697
547086673
547295376
547874467
549131114
549490683
549614748
551006513
551944729
552121638
552411744
552835271
553145884
553300903
553794922
554144882
554553561
554865950
554895638
555032735
555234058
555691609
556601183
556971554
557233037
557436390
557586408
557666289
557674165
557964165
558530455
559578123
560139976
560394184
560849908
561605454
562012401
562349275
562615551
563060392
563097719
563225038
564449065
564634369
565026946
565584625
566245094
566727745
567874814
568012024
568061348
568132444
568269965
568303547
569082993
569105620
569652276
570201689
570705472
571154864
571811410
572203244
572441295
572997848
574033858
574371455
574409533
574874343
575132406
576942753
577015944
577049517
577678776
577817118
578069510
578654606
579188242
579501280
579583453
579690489
580265567
581226168
582101847
582432762
582575157
583115199
583690291
584022786
584055371
584263884
584845531
585766351
586607838
587613903
588385608
588405339
588674948
589106009
589300839
589855496
590442529
590825048
591727544
591755064
591798396
592660151
592966544
593404024
593985431
594507822
595296831
596917578
597064493
597348238
597850043
597851829
598062575
598141891
599244713
599353706
599563645
599688907
600736524
601260541
602156391
602437568
602677841
602783024
603058619
603268911
603318604
603885513
604600441
604616723
604638850
604752495
605901731
606648439
606829821
607668457
607713108
607727784
607765422
608297645
608509556
608730700
608945243
609082282
609141336
609852557
610383858
610463930
610469165
610487151
611222091
612240782
612938362
612953079
614469578
615113088
616286440
617931200
618490878
618915190
618916359
619224760
620250709
620286356
620356925
620695594
621420280
621928744
622197449
623100645
623334662
623391424
624048310
624272861
624477906
625171336
625191320
626325109
626880122
627296112
628823483
629291734
629771412
629849874
630919784
631183402
631478346
631798355
632098625
632110325
632439709
632848537
633331371
633827659
634234272
634684689
634934102
635091308
635376123
635609620
636825910
637160198
637618986
637993646
638219360
638955160
639397471
639709192
639823357
640096624
640674104
641475606
641608923
643795964
643906865
644656302
644691827
645375560
645655527
645863576
646276730
646370857
647074491
647873289
649959373
650566677
650777590
651002750
652643039
652844172
653108618
653561047
654112171
654519712
655088520
655641202
656251035
657736912
657953003
658148869
658374235
659598967
661040058
661147558
661424101
662035442
662471903
663352326
663635809
664515392
664707731
665226682
665236683
666006595
666528482
667311036
668113071
668128185
668690576
670225873
670324311
670376950
670417644
670999554
672023872
672177477
672643596
673021655
673181685
673521009
673575377
673742384
674570056
675711937
675740708
676042226
676255076
676458412
677029023
677255692
678114697
678123862
678353282
678493835
679193619
679566075
679852155
681293214
683666942
684053218
684132932
684180315
684347969
684474881
684928760
685169055
685319552
686124988
686189389
686367288
687346236
687524750
687749881
687766631
688450773
688643133
688655361
689181400
689548484
690123112
690191897
690424799
690426558
690908447
692250979
692440998
692584314
693682818
693704054
693836384
694174171
694734100
695018592
695042102
695150601
695811382
696264697
698861901
699086706
699211828
699726368
700532654
700814058
700934570
701529246
701896141
702561338
702863943
702864078
704358248
704433728
704808985
704932122
705058214
705793523
706620190
707465468
707651110
707717787
707760986
707915448
708498879
708873182
709324067
709554905
709756439
709899143
710394765
710733608
711727873
712692764
712818438
713808774
714638671
714751284
716156501
716278575
716499581
716822105
717988522
718369157
718581821
718977812
719590524
719855404
720270869
720731099
721332856
721847908
722219898
722728695
722774058
724404402
724552628
724710222
724793409
725233363
725338258
726593843
727942969
727953685
728705935
729714037
730235156
730486157
730790565
731106765
731355878
731460280
731523861
731606241
732298675
732479368
732637672
733063231
733370990
733677615
733795617
733840024
733893414
734452207
735651772
735811412
736252254
736691003
736778297
737277890
738301056
738549618
738757698
739218791
740062396
740164864
740488607
740678023
741375331
741552922
741799068
742058343
742109611
742188481
743284342
743837840
743965858
744618868
744902704
745048335
745887090
746725686
746850537
746971121
747704924
747886981
747902825
748448297
749372823
750029665
751052769
751163291
751661630
751767585
753339848
753945037
754835488
754975568
755308300
758492909
758964660
759343902
759630750
760130598
761109585
761608127
762687836
762877524
763877865
764429180
764445811
765405355
765438225
766061632
766680097
767091259
767528398
768024608
768763179
769897599
769988565
770032392
770334487
770749521
770908651
770937505
771397456
771482193
772018565
772721104
773748039
773777944
773783608
774094040
774432152
774512199
774582723
775146209
775231290
775727437
775854881
775955512
776078088
776493573
776746637
777159790
778194260
778663193
779274604
779405548
779591321
779885875
780424332
780537585
781055002
781428781
781680422
781772965
782321201
782583814
782590255
782606200
782957867
783408963
783669364
783912235
784106574
784693475
785007493
785110589
785448055
785773316
786543217
786752998
787287678
787341588
787460629
787539531
788340870
788373165
789211115
789347917
789757570
790026386
790027011
790124562
790607763
791167317
791544502
791700762
793015993
793298961
793388955
793425714
793552550
793559134
794314515
794738898
794806155
794821263
795338171
795594661
797303584
797343481
797515612
798155014
798369348
798428684
798610024
799400282
799452246
799896566
799901549
800347798
800378366
800554246
800721902
800981142
801197517
801262317
801943061
803099877
803703660
803809251
804287116
804689232
804781465
805459741
806434009
806552647
806740025
806938272
807641489
807701092
807798834
807808291
808415972
809144976
809445535
810633469
811056915
811353841
811386370
811561866
811614745
811785386
811870347
811937703
813830185
813990094
814479054
814580083
814797845
814835672
814895285
815004629
815318043
815512409
815566067
815649778
815771550
816075071
816257222
816417455
816863547
816923312
817102035
817602763
818405981
818808285
820083328
820210343
820566076
820573382
821024419
821352571
821434216
821612379
821743751
822085620
822646724
823582983
823798743
823904459
823974315
823997554
824099286
824475336
825575063
827430403
827653243
828208544
829082386
829368004
829476958
829618713
829720272
829757567
829823643
830335426
830562316
830855844
831231594
831430098
832362896
833615585
834036916
834167011
835015940
835800544
835963463
836020771
838934763
839000254
839198059
839246319
839485697
839717768
840928380
840992979
841378980
842147209
842150309
843286166
843373313
843576603
843746244
844367547
844487404
845512187
845538100
845887598
846147010
846964907
847079830
847165651
847709685
847767291
847908407
848303627
848682318
848747326
848949808
849416603
850201247
850397303
850756585
851442842
851920184
852012163
852220077
852655393
853178161
853768297
854061263
854940536
855067234
855240759
855364409
855434304
856010142
856445872
857907238
859049347
860328777
860620253
860824576
861737736
862516052
862573550
864018504
864445814
865632430
866469421
866775683
867148622
867248464
867557336
868841520
870184567
870341443
870506339
871545564
871881340
872633674
873200882
873278488
873947903
874337707
875012976
875786741
876267628
876282105
876552397
876707238
876913049
877223698
878687555
878996551
879266137
879278074
879442490
879742883
880457571
880790351
880948285
881231986
881777529
882012263
883125272
883565261
883927791
884060516
884145214
886037806
886134046
886298808
886667645
887124117
887333052
887752087
889656092
889892215
891926056
892472957
892497163
893254963
893581701
893955188
894940547
895377282
895414115
895879281
896207194
896304661
898360794
898483105
898741639
898810290
899187555
900296939
900918270
901169832
901842670
903319799
903467967
903627641
903743087
904472351
904613678
905264505
906394347
906588052
907084172
907144049
907275524
907822674
907990353
908069787
908170993
908569348
908815668
908958057
909740834
910224649
910379350
911806183
912050223
912933195
913819546
913991846
914010624
915671911
915883894
916022161
916175621
916351041
916660082
917324428
917555992
918149811
918343715
918365293
918557266
918575598
919607608
920056448
920466058
920586734
920796249
921653692
921787212
922598125
922796139
922903238
923172083
924215825
924227367
924676795
926106556
926356844
926426297
926755701
926989737
927084133
929819938
930119888
930499162
931004175
931012798
931161295
931813565
932058778
932385071
932624658
932772721
933054500
933207750
933719304
934100916
935106588
935112574
935132942
935356059
935497838
935585754
935803601
936156849
936329908
936753841
938223006
938238913
939326592
940316231
940499996
940828432
941135932
941814030
942155097
942283865
942475369
943137620
943635936
944231562
944536508
945544536
946447521
947718824
947997935
948245562
949077767
949267060
949385434
949858584
950129168
951272726
951389201
951704347
951824128
952435119
952739983
953355178
953564039
954608634
954927397
955120737
955326611
955853194
956009292
956288032
956438932
957203503
957345282
957604780
957789276
958096823
959681158
959870960
960234965
960885430
961053472
961403450
961527659
961581961
961830071
962477583
962772878
963381371
963490068
963537180
963929074
964488088
964946757
965171285
965599625
966102909
967501257
968524962
968876359
969349630
969511503
970463321
970559048
970628727
971426492
971720454
971996987
972773502
972949104
973013965
974020875
974223422
974387004
975512581
975836581
976686835
977416237
977460311
977498550
977803109
978168366
979109316
979664791
980186771
980210343
981512208
982457467
982644865
984513293
984534121
984777427
985053878
986044665
986758504
986917570
986941831
987386365
987550251
987581385
987821954
988827810
989277732
989384490
989804567
990990258
991199827
991797601
991901300
991930915
992313170
993161862
994002304
994178659
994403069
994475352
995200768
996773233
997074793
997854111
998402170
998506563
1000942067
1001016537
1001244507
1001250150
1001629690
1001632635
1002440330
1003360227
1003390864
1004098309
1004114199
1004292687
1004451394
1004615332
1004835292
1006345660
1006454445
1006523082
1007063848
1007916755
1008211704
1008575002
1009417110
1009830576
1009835738
1010159204
1010394474
1010847216
1011375039
1012174986
1012804716
1013016868
1013062136
1014373446
1014496679
1014497595
1014650301
1014949770
1015268764
1015280959
1015305145
1015426978
1015969550
1016427249
1016518836
1017623484
1017685121
1018041237
1018190660
1018208286
1018308227
1018324523
1018423156
1019073599
1019712695
1019814158
1020343794
1020495448
1020728436
1021336144
1022349736
1022765885
1023744738
1025288566
1026059424
1026087333
1026162371
1026838245
1027297251
1027689672
1027793872
1027878587
1029054973
1029092925
1030513846
1031663473
1032452450
1033577838
1033651223
1034305645
1034344889
1034373602
1034937771
1035318602
1036148280
1036600234
1037619754
1038252382
1038567414
1038587082
1038597405
1038805872
1039695059
1039705604
1039810454
1040146767
1040865151
1041457319
1041482635
1043334391
1043369896
1043393431
1044319650
1044711050
1045158870
1045949774
1046103694
1047060995
1047528113
1047747360
1049126112
1049867777
1050950907
1051009123
1051352126
1052638850
1052647015
1052800166
1053032878
1053261908
1053334024
1053755210
1054802055
1055071623
1055495214
1055848013
1055984784
1058662899
1059269972
1060125447
1060645420
1060814313
1060987580
1061369927
1061464412
1061698523
1061720874
1061860675
1062967687
1063207960
1063707573
1064330855
1064551887
1064837996
1065059059
1066723017
1066787240
1066848327
1066941710
1067276954
1067314454
1067510527
1067780534
1068530507
1068639967
1069074927
1070081599
1071234281
1071425829
1071789419
1072600185
1074902159
1075154451
1075432644
1075858161
1076254063
1076714181
1077132176
1077296277
1077306379
1077436371
1078499378
1078621450
1079605424
1079635320
1079962722
1080003135
1080011946
1081331448
1081422667
1081431745
1081500253
1081850675
1082561096
1082916447
1082948727
1083284496
1083344246
1084180796
1084222727
1085397910
1086620606
1087187644
1087338876
1087383901
1087987625
1088103328
1089242803
1089409840
1089730156
1089900591
1090595014
1091364898
1091365820
1091506004
1092060386
1092499266
1092780346
1093129695
1093322180
1093932921
1094881643
1095434651
1095509391
1095692911
1096705727
1096740253
1096789865
1097271484
1097610837
1098243829
1098819892
1099035699
1099072891
1099080658
1099207591
1099620395
1100258213
1100853643
1101179864
1101222156
1101264234
1101359836
1101814426
1101907122
1101966632
1102632832
1102645267
1103171254
1103497760
1104299446
1104391753
1105031393
1105223740
1105259048
1105267957
1105579981
1105713791
1105894862
1106953304
1107060287
1107633688
1107671336
1109297030
1109560447
1110136973
1110569019
1111532786
1112388627
1112695719
1113030056
1113075289
1113484026
1113584940
1113702900
1114186328
1116369101
1117779360
1118220733
1119433332
1119789796
1120222406
1120239596
1122508814
1122621822
1122819203
1122975211
1123086588
1123150679
1123220048
1124176144
1124190575
1125443695
1126575971
1128205623
1129111301
1129263252
1129413625
1130648513
1131249607
1131262764
1132204782
1133118263
1133377032
1133539435
1134067047
1134125641
1134239538
1135826506
1135904430
1135933046
1136616958
1136956558
1137171667
1137249808
1137360083
1137551668
1138463791
1139615401
1139732606
1140597162
1140988708
1141184936
1141641805
1141989073
1143423881
1145649047
1145874242
1145898696
1146426568
1146815567
1147271981
1147926092
1148399722
1148489692
1148832597
1149459779
1149491392
1149760711
1149933613
1150015437
1150077243
1151135320
1151809987
1152731200
1154646811
1154804267
1155654402
1156266114
1157079480
1157389795
1157410166
1157785968
1159205403
1159640020
1159668779
1159809547
1160141771
1160861670
1161575560
1161732659
1162034893
1162038340
1162177756
1162488607
1162595851
1162746164
1164021605
1164062918
1164702062
1164866934
1165104821
1165596795
1167712615
1167910769
1168021600
1168295928
1168332040
1168349326
1168871474
1169016533
1169177475
1169184834
1170527142
1171294609
1171865775
1172082561
1172430436
1172589965
1174275724
1174897288
1175343597
1176020063
1176107057
1176804302
1177653921
1177754346
1178303286
1179147917
1179333268
1179603018
1180207231
1180624370
1180885936
1181406127
1181552961
1183048879
1184289173
1184505951
1184829809
1185018862
1185211788
1185354712
1185501404
1186416590
1186815936
1187578521
1187783780
1187815616
1187975642
1188024560
1188453654
1188492223
1188554263
1188611824
1189200807
1189617841
1189703731
1189771023
1190134870
1190640072
1191411884
1191412697
1192117079
1192736123
1193347397
1193706344
1194242863
1194390723
1194696899
1194795160
1195103615
1195346267
1195605670
1195644943
1195789868
1195935140
1196768561
1196808559
1197938692
1198501519
1199983799
1200179191
1200340404
1200766626
1202211926
1202262530
1202320689
1202436179
1202658013
1203572440
1203707599
1204186830
1204358665
1204368872
1204455307
1204618875
1204825759
1206746416
1206859471
1208025331
1208220614
1208592918
1208642006
1208891086
1209172792
1209533441
1209942133
1210183196
1210699980
1210825669
1210852731
1211096910
1211149551
1211318503
1211326298
1211445088
1211530589
1211928861
1211942015
1212860371
1213565552
1213855906
1214734616
1214911213
1214924111
1215059423
1215335347
1215875280
1216021011
1217101315
1217581087
1217804127
1217965253
1218337597
1218725125
1218824269
1218864266
1219000308
1219124674
1219214594
1219321189
1219465297
1220029903
1220202317
1220294960
1220354615
1220933764
1221168742
1221314651
1222244930
1222380928
1222460131
1223948247
1224223209
1224289608
1224417584
1224688412
1224924732
1225481195
1225680611
1226502662
1226885405
1227053007
1227175104
1227569770
1228267601
1228478182
1228942388
1229432992
1229519969
1229548340
1232095171
1232935776
1233626346
1233936175
1234456984
1234576130
1234800941
1235471352
1235938101
1236110423
1236714689
1236784901
1236966813
1237199573
1238288706
1238363367
1238402269
1238423683
1238708391
1239017628
1239432379
1239766981
1240249080
1240414134
1240574894
1240690757
1240709977
1241003974
1241084334
1241642801
1241694838
1242960644
1243113074
1243401694
1244133353
1245017308
1245569414
1245910618
1246255883
1247652257
1248168407
1248709615
1249657349
1249750732
1250118930
1250441853
1251025467
1251145645
1251177618
1251247348
1251463379
1252028017
1252046298
1252920267
1253156702
1253232596
1253399869
1253796258
1254985909
1255048765
1255265216
1255427903
1255786149
1255975393
1256179331
1256685759
1257257871
1258174386
1258359737
1259257130
1259925653
1260058284
1260875208
1261140514
1261416900
1261607488
1262083153
1263293773
1263566414
1264346607
1264474991
1265654126
1266032900
1266088125
1266403111
1266638030
1266658428
1266839140
1266882689
1267577865
1267745422
1267808052
1268169003
1268620274
1268933782
1269214777
1269283894
1269575803
1269974836
1270052381
1270136380
1270559230
1270793658
1270838833
1271089803
1271287954
1272316666
1272723575
1273422943
1273587394
1274137635
1274325204
1274375116
1274567884
1276266862
1276920519
1277192754
1277495793
1278076566
1278189824
1278727646
1278833625
1278900727
1279662940
1280167636
1280173200
1280257370
1280439485
1280750466
1280759697
1281081814
1283135353
1283183012
1283387636
1283748074
1285008724
1285776784
1285990201
1286201546
1286928906
1286979977
1287020644
1288310154
1288615430
1288763041
1288934632
1289286073
1290041755
1290101591
1290247784
1291178191
1291373961
1291751833
1293080396
1293167157
1293226047
1293527663
1293765272
1294126644
1294238469
1295442303
1295786020
1296184297
1297604660
1298588102
1298808416
1298968274
1299361218
1299385257
1299688950
1300143066
1300779757
1300994047
1301090482
1301895763
1302040589
1302314588
1302317305
1302517879
1303906618
1304304277
1304318964
1305206495
1305456320
1305798576
1306167065
1306924479
1307229794
1307476690
1307950521
1308105600
1308472233
1308541767
1309298584
1309668913
1310472688
1310542746
1310553321
1310967222
1311407861
1312648969
1312694253
1313054961
1313117927
1313321703
1313725542
1313958308
1314076923
1314366491
1314851312
1315720698
1315792085
1316259821
1316457504
1317077207
1317584612
1317916243
1318029380
1318278872
1318607308
1318860276
1321512697
1321761404
1321857191
1321906143
1323645361
1324286309
1324417531
1324466234
1324909585
1324926004
1325249704
1325287102
1325313509
1325346452
1325827100
1325855925
1326121045
1326774018
1327442061
1327488258
1328247730
1328523151
1330148703
1330512801
1331832747
1331858972
1332483278
1333275339
1333445844
1333929421
1333986466
1334177452
1334250916
1335575411
1335903448
1336140437
1336284331
1336540599
1336904713
1338150929
1338435980
1338619976
1339385836
1339691822
1339911612
1340963940
1341171952
1342394621
1342436931
1342854128
1342867873
1342873638
1343354225
1343385090
1344363043
1346014449
1346177872
1346845528
1347222581
1347445644
1347714606
1347796214
1348361490
1349247673
1349943250
1350063951
1350115059
1350216877
1350595094
1352958993
1353846825
1353858729
1354184685
1354861370
1355028861
1355052522
1355484857
1355592545
1356363640
1357311434
1357500849
1357890470
1358078759
1358301162
1358322793
1358349875
1358676998
1358885245
1359096081
1359237275
1359828621
1361170138
1361684662
1361935849
1361975289
1362148733
1364025851
1366690464
1366903190
1367849296
1367949239
1367957703
1368013583
1368035714
1368059268
1368174315
1368484199
1368632496
1369060858
1369310359
1369614251
1369713731
1369979066
1370149229
1370956311
1371164192
1371328973
1371829937
1372335787
1372410407
1372907021
1373041634
1373114568
1373153626
1374486231
1375041335
1375187130
1375343549
1375414443
1376552146
1376582010
1377491801
1377527145
1377767029
1377798663
1377890629
1378173135
1378483783
1378505311
1380207841
1380997938
1381414585
1381585702
1382410368
1382551926
1382699064
1383124840
1383540818
1384650374
1385000690
1385403368
1386291823
1386422346
1386810815
1387229270
1387324708
1387782646
1387860699
1388135810
1388180574
1388980103
1389086239
1389194413
1389712432
1390024967
1390090250
1390842241
1390919131
1391096257
1391238320
1391640075
1392026929
1392803684
1393292064
1393756800
1394727973
1395554108
1395721940
1396386174
1396595722
1396874717
1396990752
1397139916
1397273114
1397307732
1397740516
1398012655
1398677687
1398737241
1398750051
1399198000
1399487927
1399512042
1399706929
1399751985
1400170094
1400227212
1400392099
1400983441
1401134716
1401203408
1401305899
1401849949
1402208430
1402713732
1403351080
1403356503
1403811884
1404196398
1404209572
1404246397
1404824178
1404892520
1404964361
1405101875
1405694233
1405713998
1406241595
1406902426
1408247954
1408448434
1409163441
1409556765
1410570576
1410807482
1412420760
1412655437
1412658370
1413657925
1414072199
1414122653
1414409133
1414493410
1416210131
1416257401
1417380264
1418641571
1418917719
1419136217
1419324376
1419612667
1419761260
1420187769
1420495172
1420889044
1421050008
1421099382
1421710398
1422584206
1423456521
1423680220
1423730390
1424331701
1424714990
1424746520
1424759457
1424885119
1425031809
1425447256
1425512459
1426134995
1426492708
1426618644
1428839867
1429882193
1430177646
1431668079
1431766674
1431888220
1432372364
1432373727
1432531014
1433319238
1433662486
1434249726
1434274562
1434375287
1434773751
1434828260
1434945029
1435352833
1435554075
1436114972
1436408300
1436844647
1437170735
1437238246
1437443242
1437515988
1438187181
1438326102
1439409373
1439415086
1440495450
1440728110
1440926040
1441054819
1441227091
1441599854
1442266403
1442291194
1442744595
1442770721
1443158369
1443231943
1443492010
1443911022
1443962751
1444293032
1444515371
1444623788
1444643359
1444710248
1445132681
1445324328
1445563791
1446020354
1446192511
1446588474
1446968374
1447256173
1447579720
1447764965
1448413464
1448770543
1449456060
1449562744
1449575960
1449670028
1449753908
1451254220
1451282599
1452354841
1452407837
1453330911
1454391073
1454602914
1455919631
1455925634
1455928024
1456297654
1456834277
1457015954
1457034800
1457254949
1457447146
1457448459
1457549879
1457856467
1458859196
1459424402
1459654376
1459681075
1459764242
1459838552
1460220862
1460307260
1460414866
1461057898
1462917463
1463379486
1463599773
1464585367
1464968411
1465846432
1466309150
1467206368
1467482306
1467536359
1467746911
1469408174
1469465130
1470531919
1470761480
1471064086
1472008912
1472332064
1472427003
1472971636
1473052090
1475165147
1476436048
1476902478
1477044412
1477674019
1478246817
1478963267
1479037641
1479039693
1479517503
1479524519
1479765203
1479776895
1480146398
1480817554
1480844527
1481003295
1481017976
1481074940
1481662620
1482886368
1483624243
1484562215
1486171090
1486556538
1487972307
1487987837
1488402182
1489232582
1489299192
1489526486
1489814726
1490492523
1491095764
1491284598
1491347988
1491558888
1491975892
1492237403
1493291403
1493561362
1494619760
1495370308
1495495482
1496251378
1496266925
1496622459
1496704381
1497979153
1498180422
1498339097
1498851229
1500104976
1500344006
1500727361
1503107538
1503137381
1503452426
1503578689
1503796127
1504223408
1504904828
1505030900
1505638392
1505645998
1505822802
1506150168
1506610613
1506768034
1507098442
1507603602
1508661956
1509385304
1509603310
1510558320
1510873275
1511048565
1511863783
1512475149
1512835828
1513520896
1513589462
1513677151
1513704331
1513918115
1514457244
1514510476
1514541789
1514595534
1514846905
1515206264
1515365978
1515628294
1516877631
1517083796
1517938668
1518519497
1518659146
1519276675
1519499876
1519582633
1519811165
1521261268
1521908608
1522735647
1522843121
1523610502
1524679279
1525073441
1525461087
1526369549
1526721020
1527072508
1527323544
1527541272
1528863394
1529631809
1530678675
1530742796
1530800270
1531939845
1532318120
1532633855
1534250813
1534844936
1534886099
1535005800
1536102182
1536613185
1536948622
1537690914
1537839681
1537874066
1537939721
1539687374
1539813340
1540446661
1540589713
1540698570
1540859278
1541465293
1541466168
1542069396
1542417296
1542493992
1543845020
1544507712
1544729246
1545821460
1546655069
1548456400
1548649638
1548850332
1549293169
1549813523
1550305590
1550517835
1550608897
1551147171
1551362909
1551695478
1552167107
1552254106
1552280289
1552447298
1552794737
1554342423
1555607088
1555617873
1556503929
1556626217
1556686605
1556714504
1556731927
1557003567
1557502496
1558531395
1558636130
1558662025
1558694930
1559770917
1561112839
1561286756
1561535894
1561988836
1562138480
1562199883
1563957117
1564964541
1566279612
1566632845
1568703898
1568851337
1569164727
1569259225
1569944630
1569970435
1570039670
1570425739
1570479940
1571225245
1571609957
1571641026
1572947099
1573005953
1573791725
1574925767
1575186502
1575699694
1576267288
1576423886
1577411715
1578365240
1578892202
1579244438
1579802330
1580460929
1580607911
1581155047
1581286184
1581469460
1583746295
1583795007
1584188594
1584261513
1585077530
1585389520
1586224993
1586595671
1586853168
1587552121
1589116715
1589185753
1589689871
1589827929
1590057851
1590264185
1590762017
1592045215
1592870714
1592979317
1593394704
1593568454
1593690887
1594426911
1594629126
1595199540
1595230314
1595682433
1595696545
1596170961
1596317961
1596390913
1596409303
1596464930
1597326296
1597607614
1597784587
1598462090
1598828472
1599108617
1599949010
1600229924
1600608841
1600673168
1601237855
1601317212
1601819100
1602017118
1603273638
1603441648
1603687019
1604046356
1604135949
1604292817
1604305709
1604414065
1604449355
1605110703
1605216593
1606538865
1606782245
1607354748
1607693824
1608276130
1608445954
1608607341
1608839763
1609015344
1609044928
1609093540
1609300162
1609801147
1611414932
1612003122
1612256206
1612319529
1613215765
1613825899
1614870550
1615221192
1615263188
1615484578
1615667295
1615715637
1617586720
1617777397
1618014486
1618956204
1619261518
1619629042
1620150179
1620266299
1620357755
1620907206
1621000445
1621359213
1622333942
1622421402
1622451222
1623229315
1623273721
1623375901
1624256812
1625452069
1625656426
1625810642
1625813249
1625825611
1626403255
1626437021
1626501804
1626717721
1627109117
1627469538
1628794357
1628919237
1629034849
1629139926
1629291576
1629520682
1629826667
1630357165
1630577875
1631617956
1632059990
1632318547
1632635403
1632720984
1633478409
1633684270
1634274659
1634978635
1635027243
1635031516
1635477888
1635523284
1636349219
1636389291
1637308358
1637358413
1637470589
1637702604
1637864458
1638149610
1641305807
1642743679
1642867931
1643304990
1643827005
1643840691
1644237923
1644271310
1645964955
1646064940
1646186349
1646361078
1646612710
1646723488
1647335197
1647519174
1648462814
1648613534
1648621200
1649017579
1649402301
1649772472
1651443707
1652610080
1652678019
1653537503
1653824461
1654402964
1654848357
1656493348
1656854172
1656942749
1657004660
1658752404
1659084859
1659095658
1659173888
1659685030
1659810387
1660171395
1660220537
1660244731
1660499639
1660642296
1660955811
1661308202
1661470785
1662143577
1662452601
1663298778
1664012056
1664039584
1665282090
1665592971
1665601535
1665707153
1666199870
1667060729
1667515198
1667713490
1668691862
1668832748
1668992811
1669407637
1669469845
1669841261
1670822413
1671073641
1671296704
1671388195
1671588228
1672262110
1672355423
1673437792
1675025532
1675524735
1676043012
1676389847
1676753464
1677165232
1678691752
1679332325
1679521636
1680170170
1680619046
1680882662
1681148941
1681381999
1681445593
1682299146
1682708724
1683257096
1683542173
1683729730
1683885813
1684293978
1684733199
1685574817
1686069977
1686418756
1687678727
1687804806
1687954811
1688192834
1688831277
1689167326
1689407635
1689643218
1689916835
1690265279
1690414581
1690896387
1691133216
1691866192
1694037323
1694085484
1694173694
1694229370
1695026137
1695255830
1695699416
1696959889
1697641758
1697730109
1698116502
1698133091
1698548820
1698933300
1699161405
1699185028
1699335336
1699407371
1700770181
1700781876
1702655328
1703334024
1703875098
1704054200
1704576697
1705001701
1705088791
1707288187
1707790875
1708087313
1708167077
1708282760
1708574614
1708991710
1709886720
1710129960
1711001227
1711566561
1711675002
1712266232
1712307879
1712963033
1713088260
1713116371
1713323005
1714043579
1714686106
1714971197
1715678176
1716010871
1717518258
1717712457
1718321522
1719043787
1719697212
1720905857
1721694595
1722040109
1722161825
1722659683
1722889673
1723090053
1723098913
1723384181
1723567987
1723600616
1723874912
1724083464
1724136372
1724750373
1725070560
1725146325
1726136467
1726567263
1727268657
1727714828
1727840353
1728140364
1728181528
1728464796
1729319513
1729617796
1729865368
1730439228
1732560378
1733279323
1733827932
1733928943
1734651658
1735126698
1735134763
1735295468
1735976959
1736727952
1737098631
1737512076
1737584640
1737646803
1737921108
1738035170
1738225078
1738450904
1738533523
1738576996
1738886393
1739332298
1740208818
1740225146
1740371737
1740483227
1740815305
1740851899
1741008101
1742470794
1743096375
1744199036
1744858248
1745214182
1745505888
1746081069
1746365315
1746694375
1746984255
1747760159
1748298444
1748492948
1748709415
1748755598
1750109595
1750356822
1750563262
1750988523
1751921147
1754297303
1755383247
1755788502
1755882353
1756045961
1757938603
1758059000
1758069656
1758449494
1758995633
1759422926
1760241108
1760536037
1760645014
1760810984
1762516761
1762565136
1762889108
1763120494
1763311048
1763337483
1763363750
1764050649
1765018037
1765824106
1766663103
1767228773
1768306946
1768360354
1768468399
1768922670
1769387959
1769929879
1770317546
1770387559
1770502535
1770530273
1770589104
1770969043
1771198195
1772221047
1772354965
1772509510
1772746107
1772990724
1773189865
1774010555
1774126678
1774153153
1774503777
1774825486
1775722858
1775885798
1775889797
1776562545
1777057540
1777825561
1777860048
1777890588
1778757411
1779079380
1779243649
1780219891
1780234109
1780357775
1781112146
1781266677
1781702790
1781808564
1781978425
1782044049
1783519734
1785065673
1785091443
1785896477
1786965250
1787471036
1787566200
1787807754
1788401323
1788788720
1789601403
1789765084
1790115708
1790957426
1791500952
1791946845
1791990501
1792013864
1792743540
1796325690
1796685695
1796823828
1797241119
1797847227
1798155050
1798234498
1798657340
1798988104
1799055717
1799534552
1800326529
1800489577
1801168296
1801432995
1802580775
1802584871
1803019901
1803104592
1803358990
1803562411
1803867821
1803984564
1804127737
1804300236
1804911928
1806135366
1806972150
1807434988
1808130126
1808305861
1808595321
1808771213
1808797214
1809164350
1811252599
1811831407
1812044591
1812245720
1812994294
1813429740
1814354300
1814610659
1814681528
1815269624
1815474539
1815510062
1815713133
1816535386
1816963348
1817237810
1817836259
1818382181
1818420439
1819097602
1819219935
1819250787
1819324441
1819401980
1819425281
1820251188
1820456885
1820467173
1821982237
1822282005
1822560921
1823146659
1823531184
1823612699
1824602874
1825871992
1826562182
1827339880
1827643499
1827759421
1827855051
1828744409
1828748412
1829632028
1830712929
1830934929
1831011162
1831640397
1832382948
1832895380
1833643490
1834657188
1834787264
1834979638
1835097991
1835182272
1835565695
1837411718
1837565990
1837966001
1838077647
1838747866
1839421521
1839535236
1840389283
1841149672
1841252845
1842334225
1842879945
1843443920
1843569913
1843570694
1844043948
1844498628
1844627063
1844704608
1844912055
1845001570
1845671678
1846406285
1846418423
1846683012
1846785329
1847024396
1847321670
1848068540
1848488471
1848667805
1848716878
1848820997
1848854315
1849053201
1849174974
1849420174
1849687149
1850551055
1850940219
1851105497
1851602082
1852212893
1852403073
1853954292
1854023933
1854298047
1854848889
1855267741
1855377321
1855632603
1856243994
1856468038
1856751770
1857124307
1859161365
1859217805
1859330633
1859479950
1859538482
1860390510
1861017082
1861884992
1864678586
1864937688
1865140576
1866879100
1867735744
1868107460
1868246450
1868350349
1869570174
1869706593
1870988680
1871891970
1872714005
1872857669
1873119810
1873147115
1873503802
1874882737
1875873262
1877153267
1877458693
1877644213
1877691286
1877753149
1877958904
1878618685
1878793451
1879104830
1879166360
1880024813
1880054138
1881169206
1881214881
1881980892
1882217346
1882536171
1882739336
1883696615
1884146069
1885737751
1885762032
1885789542
1887273321
1887509269
1888349344
1888996627
1889638789
1889734509
1890125670
1891595134
1891628598
1891961759
1892305505
1892571082
1893135915
1893742398
1893961902
1894920899
1895630197
1896629624
1897061776
1897155915
1897777705
1897870553
1898226454
1898565733
1899170390
1899372260
1900289175
1900828317
1901009037
1901193436
1901290370
1901379062
1901646187
1901872437
1902019507
1902318260
1902972880
1903116316
1903402698
1903734712
1904666653
1905274704
1905303084
1906378692
1907019805
1907304312
1907335306
1908609806
1908902910
1909037378
1909625113
1909805318
1910919301
1911144477
1911384583
1911837265
1912217499
1912391786
1912432478
1912689845
1912834970
1913301720
1913608432
1914056392
1914668732
1914891373
1914947979
1915248907
1915388562
1915483101
1915858344
1916200355
1916786616
1916996371
1917283179
1917310399
1917368099
1917572036
1918080683
1918337966
1918523714
1918743855
1919113322
1919699479
1920203084
1920215863
1920874525
1921783388
1922140692
1922286808
1922328639
1922631496
1922827048
1922999127
1923642556
1924749499
1924859330
1926066516
1926796174
1928270978
1929098420
1929696996
1929899550
1930090144
1930338618
1930580205
1931497903
1932148992
1932358388
1932520071
1932710220
1933176403
1933278710
1933329356
1933551901
1933746401
1933789945
1934118799
1935089736
1936458760
1936866381
1936929202
1936955688
1937553549
1939895839
1940439338
1940798058
1940876591
1940978892
1941351730
1941570319
1941748703
1941758636
1942748428
1942793895
1943108449
1943720215
1945036468
1945815132
1946567892
1946856612
1947283962
1947753920
1948155461
1948551363
1949865467
1950419376
1950734943
1950827856
1951245285
1951432169
1951771387
1951909967
1952060714
1952164695
1953423851
1953747440
1953974724
1954147656
1954318891
1954667167
1956535034
1957259758
1958053945
1959049751
1959100463
1959288337
1960374296
1962042724
1962095763
1962880117
1962914750
1963037721
1963228239
1963982064
1964171890
1964935563
1965325109
1965872885
1967687913
1967768938
1967901251
1968199396
1969586469
1969958292
1970224841
1971468931
1971990144
1972316004
1972867199
1974807364
1974877239
1975768227
1975781793
1975943865
1976343393
1976569999
1977174738
1977762754
1978049760
1978652546
1978729633
1978754378
1979067569
1979912689
1980826315
1981681537
1983280755
1983281339
1983901908
1984011289
1984268963
1984876868
1984960401
1984975109
1986203014
1986380499
1987116111
1987501580
1987606530
1987702978
1987777207
1988755385
1988911206
1989392615
1989772898
1990058443
1991108348
1991668949
1992986598
1993168796
1993425267
1993550964
1994416344
1994499488
1994685427
1994747263
1995155492
1995354930
1995377422
1995906659
1996245808
1996639297
1996836137
1997393606
1997427516
1998598930
1998624240
1998716703
1998735008
1999439659
1999575881
1999862061
2000215066
2000322702
2000533630
2000814699
2000957970
2000968841
2001229946
2001866714
2002239928
2002336781
2002550465
2002861440
2003972070
2004601875
2005594117
2006256159
2006397295
2006738104
2006945724
2007997168
2008914749
2008929727
2009071705
2010251692
2010647947
2010790956
2011651548
2011706031
2011997618
2012245627
2012318971
2012936517
2013439119
2014242323
2014253852
2015035863
2016612688
2017602943
2017947489
2017976081
2018177615
2018327792
2018445651
2018612714
2020188753
2020284586
2020386989
2020394601
2021278833
2021440891
2021660317
2022060536
2022075153
2022266678
2022289046
2022857769
2022862892
2023165860
2024279755
2026737540
2026919312
2028078201
2028283603
2028292970
2029350866
2029969757
2031159720
2031242739
2032280944
2032656838
2032851667
2032863339
2032943630
2033811298
2035018344
2035189982
2035408977
2035717364
2035998389
2036339047
2036916598
2037005285
2038495387
2039219824
2039461998
2040173295
2041111195
2041229814
2041657124
2041729225
2041972104
2042373438
2042605279
2042678061
2042739031
2043001690
2043573769
2043628732
2044266456
2044313418
2044329518
2044772365
2046549354
2046720012
2046752366
2046832653
2046954361
2046978815
2047025697
2047428642
2047797544
2048283941
2048351110
2048551189
2048912046
2049660811
2050108191
2050175215
2050632946
2050802379
2051525169
2051609618
2051902645
2052168120
2054516183
2054917283
2056038927
2057997474
2058199942
2058206986
2058670170
2058680721
2059416940
2059417578
2059684475
2061016401
2061310132
2061523667
2061554806
2061617362
2061970351
2062304862
2062345675
2062377014
2062441641
2062515142
2062755450
2063323646
2063592559
2063600874
2063958996
2064067840
2064423599
2064870772
2064891220
2065146956
2065165738
2065496916
2065832045
2066448997
2068673084
2068824663
2068962793
2069635963
2070137277
2071075277
2071562443
2071581165
2071666932
2071717570
2071903351
2072515991
2072626532
2072661620
2072833183
2073920244
2073940277
2075372891
2075542757
2075817417
2075932877
2077882870
2077962710
2078314790
2078650351
2079154007
2080181523
2080281102
2080423075
2080579190
2080637692
2080847798
2080885350
2081095878
2081113493
2081986874
2082923355
2083115102
2083786117
2083805107
2083858633
2084069977
2084200375
2084313366
2085200651
2085470758
2085660223
2088077224
2088771149
2088811945
2089175368
2089277235
2089709642
2090582171
2090612449
2090674484
2090816826
2091334998
2091421017
2092623564
2092779032
2092779287
2093352696
2093612397
2093621839
2093838441
2094243169
2097037667
2097608545
2098512663
2099228861
2099289816
2099468586
2100691945
2101847625
2101989986
2102134188
2102590614
2102967433
2103147956
2103234520
2104263536
2104518968
2104530540
2104578095
2104713475
2104732466
2105118902
2105369926
2105560580
2107304452
2107556585
2107924935
2108015039
2108167927
2108187471
2108395754
2108468624
2108567913
2109058063
2109105616
2109478487
2109619847
2109702354
2109941333
2110147846
2110707398
2110916978
2110928566
2111167291
2111187070
2111275020
2111375483
2111738357
2111878612
2112096383
2112566766
2113490295
2113502177
2113897487
2114193407
2114265402
2114899189
2114913515
2115083159
2115670762
2115729049
2115852650
2116494049
2116528560
2117293102
2117386441
2117489503
2119148601
2119320470
2120080587
2121657150
2121731139
2121885086
2122242004
2122381741
2123718657
2125281862
2125342288
2125621708
2125919331
2125933210
2126339579
2126424709
2126452487
2126799071
2127217264
2127272762
2127565837
2128394151
2128483521
2129133085
2130233704
2130370843
2132032336
2132285859
2133002785
2133857988
2134463705
2134637639
2134686175
2134866429
2134923563
2135243547
2135564640
2135983473
2136406035
2136549589
2137290873
2137436226
2137552012
2137611966
2137686687
2138090472
2138217495
2138320877
2139056951
2139579232
2140260224
2140449636
2141195905
2142087286
2143108420
2144141045
2144736640
2144900222
2144939664
2145194931
2145376458
2145789032
2145858990
2146559148
2146593033
