97013
135849
219060
356769
1459243
2120423
2478720
2484265
2562127
2839051
3221537
3326924
4216170
4329720
4782102
5055819
5088794
5358675
5371520
5425346
5515495
5537345
5639629
5936910
6063366
6783430
7623365
7654108
8525520
8633642
10042061
10057252
10440366
10607523
10732613
10903003
11717613
12023413
12178565
12358027
12955127
13090305
13627442
13970218
13980170
14049438
14776272
14796874
14803552
14835542
15122976
15206925
15465859
15573600
15734819
15892718
15987008
16074026
16361830
16567520
16642920
16788587
17075396
17243861
17669007
18701764
18733847
18783420
18970857
19009143
20075766
20801834
20989206
21480588
21543557
21662988
21767100
21795768
22412110
22856392
23266470
23396923
23413975
23645794
23653289
24520887
24670024
25019049
25177894
25331407
25974964
26743647
26970963
27093499
27959030
28861736
29695140
29953421
30210844
30413130
30787233
30912250
31010822
31066179
31340682
31354906
31575630
32465475
33114957
33413654
33701107
34015772
34053622
34067011
34385175
34462424
34833837
35547206
35744775
36192278
36633868
36676284
37001611
37483165
37615667
37749355
37772474
38083574
38659151
38696271
38774676
38963954
39891879
40294893
40566741
40667477
41012647
41473908
41543254
42087012
42109826
42348876
43008576
43208477
43520489
43587128
43690034
44100382
44671087
45207991
45708506
45773951
46416340
46418476
46544738
46799534
46805579
47000026
48234251
49146798
49282051
49592755
49919246
50605765
50769968
50962788
51020911
52175346
52510644
52510940
52616635
52787415
53001983
53660292
53778766
54174410
54174761
54309540
54394947
54732657
54846836
54990118
56399442
56402542
56538156
57284572
57604285
58134247
59008816
59478075
59610929
60078467
60550365
60623753
60741354
61345323
61674824
61820224
62601795
63398255
63878965
64323153
64785443
64827210
65259844
65650711
67290648
67742474
67796811
67917571
68245919
68589746
69075043
69125930
69447628
69729992
69909715
69925150
69960274
70214408
70423186
70591904
70655313
71024203
71485099
71607697
71670274
72043113
73300615
73354792
73490005
73548991
73874137
74306926
74309131
74911886
75197336
76356077
76677785
77198358
77550984
77830261
77883444
78364440
78441768
78758302
78905352
79057246
79100848
79990688
80045597
80231275
80540405
81539208
81893977
83640944
83785347
83935880
84393113
84660290
84931801
86107550
86380589
86929904
86981314
87225556
88486394
88711562
89823365
90321237
90625967
90840012
91212619
91273357
91574688
91592444
91672660
92438550
93281786
93881526
94214228
94809776
94843761
94943293
94961032
95061406
95183817
95294783
96026250
96951776
97479417
97813345
98160807
98302805
98643479
98935789
99059059
99254990
99508498
99551214
100183127
101186739
101352709
102375221
102387224
102419646
102617341
103207115
103835446
104133479
104244173
104563328
105087762
105170681
105900307
106804580
107927937
108334243
109494368
110069938
110474154
110589824
110761936
110795605
111558594
112027756
112307077
112933237
113366558
113958058
114052934
114638796
115117836
115238185
115464310
115485007
115565842
116581529
117041822
117338177
117353075
118030677
119103838
119359681
119690267
119782855
120234305
120605747
120861267
121771303
122048427
122071295
122458813
122569668
122581838
122651440
123729709
125204669
125350256
125375659
125601263
125856400
126350486
126517953
126770609
127746057
127750567
128331476
128507587
129467055
129612474
129985133
130066593
130712945
131211441
131222014
131833613
131837441
131908831
132596071
132797031
132843429
133394461
133759564
133988278
134227150
134724537
134914414
135692364
135930670
136508888
136802567
136842562
137028844
137061304
137216589
138106329
138172489
138384120
138910937
138961596
139469689
139617828
140190820
140272602
140329054
140741619
141679766
141804364
142291412
142382344
142491114
142962414
143751066
144719591
144982883
145071788
145880904
146103615
146129656
146276501
147002060
147504893
147618117
148234856
148790558
148979436
148995203
149898561
151480003
151676199
151911042
152192531
152200712
152837406
153722012
153879587
153930862
154066368
154381020
154460964
154821731
154904615
155332931
155531177
155641594
155661514
156908232
156955217
157570359
157743054
158460470
158737208
158762102
159311144
159820344
160345107
160601123
160621826
161155431
161512004
161581304
161773017
161890663
162407569
162456672
162805926
163096956
163431866
163803500
164448225
164516390
164655005
164696515
164746199
164843929
165334218
165570719
165631873
165874810
165886713
166016814
166416347
167770765
167812167
169167384
169247263
169325430
169640849
169659908
170334305
171695402
173053978
173109079
173111614
173363297
173380686
174283684
174867913
175432019
175698869
175758712
177164398
177352898
177455901
177790071
178279149
178396976
178834163
178851918
180171385
180360164
180930000
181360048
181806108
182295413
182312331
183734929
184165028
185101551
185619447
186660573
187165573
187264821
187810503
188591919
188884307
188994891
189157440
189256909
189266499
190697905
191177981
191278361
191339242
191374468
191453923
191652552
191654071
192092935
193457675
193543490
193564093
193672376
193679742
194021014
194624432
195042000
195335660
195501107
195578824
196459847
196735149
197413000
197425217
197485136
197545335
197721473
197743253
198297616
198881076
199050867
199512321
199512615
200347486
200537191
200722764
200923570
201198084
201342007
201600635
201726083
202076800
202457761
203674854
204840947
204941331
205230426
205365252
205437371
206668074
207064389
207270530
207444268
207566400
207793912
208886677
209313319
209673154
210095992
210321197
210663842
210829392
211042822
211127523
211459768
211594727
212092013
212151386
212721557
212977892
213309980
214002836
214076091
214558502
215459450
216046961
216403538
216617713
217423697
217687049
217960797
218319032
218754873
218836627
219051833
219991655
220046902
222141730
222611061
222835216
223505299
224342590
224411430
225419544
225462227
225617184
225625921
226190743
227057796
227618527
227645874
227767151
229680520
229731696
229741051
229833768
230016461
230030673
230077913
230122083
230465907
230686806
230701356
230847771
231109669
231757866
231974180
232057643
232155673
234097714
234111255
234121881
234190637
235101227
235418064
235692626
235849299
236526227
237594144
238056256
238094701
238496863
238874842
238948318
239150507
239233436
239351087
239702146
240034071
240865974
241020581
241193702
241817029
242137230
242234894
242414835
243228389
243854936
244082967
244774794
245141364
245215224
245293351
245539134
246040628
246228091
246518394
246832369
247388077
249273117
249287000
249397272
249476987
250300533
250900607
251022907
251581344
251881891
251902319
252622635
253167134
253991005
254283291
254650439
254695933
254871504
255123837
255433229
255905025
255973242
256136741
256215501
256350357
256351337
256367317
257100865
257854480
257997784
258275496
258752169
259306406
261036090
262068017
262168393
262636816
262798249
263277927
263632732
263685587
263784666
265304992
265602334
265973485
266119038
266317098
266820654
267676377
268924195
269075764
269512839
269746999
270546766
271045490
271166726
271255735
271395178
271748472
272271653
272436329
272579232
273022213
273105023
273163504
273344635
273360525
273450635
274164276
274795983
275434163
275975301
276005451
276087308
276157406
276408428
276964097
276978674
277481990
277923948
278023446
278065942
278203625
278356496
278497611
278536394
279421421
281153266
281417900
281604993
281620446
281921804
282742570
283518622
283535838
283731483
283891774
284057504
284193030
284697482
284952459
285109326
285280706
285399484
285463641
285529387
285971315
286365650
286510688
286761105
287073032
287180559
287461341
287690615
287762226
287902202
287934222
288024632
288416438
288477406
288709107
289110105
289379503
289630802
290590361
290939259
291443777
291580351
292127125
292492865
293471848
293696369
294202891
294381693
295281090
295475587
295776507
295821306
295839131
295973927
296388716
297183086
297497183
298016741
298129671
298243183
298724117
299295280
300469136
300518295
301796901
302041182
302169360
303087951
303439234
303683654
304044227
305649024
305682089
306197561
306375014
306731906
306865230
307087885
307754154
307808066
308398997
308501547
308611016
309184231
309231403
309258541
309667511
309728640
309959546
310561576
310591744
310850605
311249845
311562204
311910010
312717089
312830034
312931647
313125335
313328365
313358591
313576913
313859968
314218520
314900931
315098875
315298056
315498842
315982265
316276563
316654168
317334904
317540577
317594847
317686432
318080881
318195657
318385725
318387790
318389255
318398309
318474420
318509365
318555833
318964577
319067399
319102032
319305817
319315230
320011882
320089060
320112971
320157864
320313742
320969994
321362681
321513256
322698193
323082192
323480895
323576198
324293349
324684503
325777971
325981739
326351493
327079813
327694283
327904014
328261359
328562078
329173145
329574315
329742129
331159330
331175650
331310758
331451320
331607917
331703907
332155096
332407510
332917056
333489350
333519490
333623941
333859676
334106392
334215372
334262164
334367826
334586685
335171521
335973896
336046190
336062255
336887848
336893775
336985504
337993429
338029698
338054296
338084102
338501853
339370806
339798906
340452867
340600672
341041675
341048637
341556164
341979468
341981089
342688535
342771768
342869001
342959929
343229617
343513029
343932285
344595982
345169091
345310515
345716847
345761994
346083963
346111810
347116429
347448288
347609783
347862753
348603156
348905122
349652204
349669684
349696111
349719568
350256927
350600111
350601077
350740142
351065592
351174672
351537089
352019978
353457635
353650014
354114294
354883786
355089329
355150756
355369369
355422535
355950919
356244694
356720736
356973386
357226504
357279445
357845460
358480755
358968532
359329846
359487379
359559167
360083551
360463797
361674788
361916415
361989169
362253872
362305183
362770360
363126534
363327068
363768307
364193965
364582651
366326386
366694625
368884439
368927701
369269263
369282237
369501959
369585548
369660359
370019981
370632523
372179221
372280801
372848466
373634635
373913260
374121070
374301187
374960660
375150851
375395136
375895435
376202587
377452860
377936309
378413727
378950448
379235195
379806211
379897947
381028007
381450980
381611813
382202768
382353804
382739554
383599453
383749640
383869283
383990637
384528743
384802941
385070716
385114313
386608771
387016870
387418523
387621898
388136764
388206765
388491950
388567063
388619423
388766626
388837013
388979862
389289759
389381004
389403235
389500612
389603587
390562068
390589550
391291900
391301727
391329708
391393328
391448196
392053692
392173898
392381654
392546531
393033293
393647233
394062105
394278171
394778935
394855225
395507078
396024041
396619688
397015013
397044354
397120357
398807000
398837447
398849171
398925707
398956659
399133345
399150159
399413106
399972726
399997356
400355528
400941804
400982643
401547248
401878846
401889337
402851809
403384874
403561468
403618731
404787998
405141641
405536826
406901558
407148639
407535795
408474914
408650416
409084668
409120471
409280187
409464264
410187212
410282731
410538264
411702149
412060216
412119022
412618013
413358346
413480046
413937602
414070167
414072362
414820414
415188648
415723254
415977326
416099734
416130893
417502332
417599877
418120099
418255082
418488420
418517468
419095209
420069293
420684109
421401831
422758439
422818421
423015097
423601335
423684117
423768445
423822936
424351854
425309398
426791565
427221553
427378831
427466913
427568480
428423124
428633581
428829704
429145373
429164082
429397771
429761380
429911544
430108868
430317463
430474138
430663997
431690944
431873913
432703147
433024998
433258577
433449701
433632694
433741723
434183996
434343015
435689383
436129781
436481804
436552129
436745429
437059012
437168905
438819133
438966512
439219908
439292725
439573998
439608790
440226199
440574299
441223184
441420770
441668750
442121622
442392814
442453528
442579067
442674112
442818695
443285228
444044797
444561467
445635340
445681758
446252803
446387638
446574753
446850334
447480181
447581373
447906346
447911978
448038625
448099142
448127255
448382878
448795922
449068520
450593390
450663638
450716511
451186496
451667523
451677392
451696336
452071369
452447617
452858957
453912373
454085629
454122102
454993492
455301924
455324124
455523583
456023793
456494660
456875360
457164598
457513520
457586740
458082015
458358704
458385389
459065291
459732803
460115822
460198464
460254881
460388247
460967370
461347939
461497777
461854709
462078635
462097531
462232996
462259832
462683920
463436142
463935829
464249515
464487192
465136932
465156073
465501581
465543461
465958221
466055566
466096899
467074056
467765195
468428545
468854246
469887984
470239814
470434894
470680384
470748828
470836685
470881686
471141437
471382461
471569141
471602861
472320810
472332883
472356611
472368772
472677798
472945719
473115355
473223816
473895594
474276103
474363138
475489301
475517719
475891116
476044343
476224898
477221189
477781456
478096059
478296990
478942290
479466252
479847594
479981512
480230219
480428140
481120312
481241282
481641814
481736604
482003070
482077083
482396507
482665241
483750298
483887346
483983586
484136121
484265208
484534831
485151705
485164290
485743874
485959839
486153334
486600162
487145799
487266296
487387063
487798040
488408206
488695329
488741536
488957624
489021489
489055486
489087573
489861562
489922699
490035895
490255217
490976683
491519695
491618432
491633973
492107458
492617562
492689266
492993258
493400042
493644618
494148903
494590064
494918092
494973636
495474779
495705714
496403581
496825282
497032869
497222372
497520141
497790613
498047974
498609356
498616377
498688606
498778607
498976178
499057213
499267416
499500805
499875026
500098434
500682021
500780893
501125041
501513017
501514178
501596408
501760779
501966570
502654026
503453944
503856906
504110964
504160663
505535337
505752552
505817812
506065254
506065666
506690154
506963204
507911673
508062448
508453213
508903118
508945985
510211994
510334825
510477129
511803925
512343397
512599980
513092108
513403944
513630973
513931172
513966926
514018905
514130090
514738813
514888139
515358639
515403302
515668895
516053888
516251155
516418639
516672261
518323846
518428706
518456154
518991534
519312561
519458840
519557056
519834200
520298395
520344851
520583066
521334790
521372354
521824603
522807046
523326534
523399747
523666277
523904393
523979545
526553696
526785834
527199742
527431077
527781842
528377013
529127840
529526087
529857833
529882422
530948234
532238441
532657198
532712908
533343379
534521780
534666829
534715551
535130206
535147987
536029452
536437781
536706739
537215768
537984118
539264686
539387302
540152784
540219635
540696918
540764639
540823071
540853243
541672584
542031259
542399461
543193761
543548006
544109948
544810970
545474991
546035062
546146924
546155205
546318659
546558811
546997975
547506922
548312790
548428747
549087431
549247282
549407379
549872635
550482187
551176872
551382124
551565284
552477184
552792062
552868941
553858914
554185478
554542122
554827875
554844626
555473938
556014622
556130620
556532020
557137107
557153625
558466155
558780208
558878009
559297039
559718556
560338657
560740625
560751528
560996291
561106403
561188797
561246107
561570820
561651594
562569248
563007084
563410335
564831281
565460695
566179334
566548660
566809660
567205539
567219752
567474256
568039193
568215609
568482132
568601948
568681790
568894512
568971058
569423381
569643502
570716391
570807629
571358493
571955537
572155471
572458584
572494349
572588039
572997992
573118278
573303299
573383887
573409821
573636251
574322804
575685062
575986425
576201047
576488196
576492599
576593087
576783488
577242914
578067506
578277452
578414900
578642783
579610994
579624885
579814372
579935339
579935486
580086731
580723790
580806722
581449492
581519933
582857150
583040392
583087693
583285096
583411739
583538095
583663799
584174412
584889395
585020579
585246303
587153905
587530465
587810858
587827601
587961906
588959939
589172477
589223476
589348033
589592699
590014542
591038342
591103790
591219848
591282541
591612866
591690650
592429874
593563353
593887247
595294337
596044756
596064257
596963151
597335335
597372755
597394391
597575044
597659211
597775663
598058774
598816515
598856400
598916888
599418669
599806267
600055324
600144000
600237365
600274034
600486914
600516376
600837618
601272967
601378425
601474666
601917285
602344167
602592428
602599562
603110039
603803489
603964329
604150701
604260029
604665367
604681586
604918783
604945556
605243613
605593619
605916255
606804243
607410220
607417504
607606191
608381498
608676652
608698420
609001418
609006059
609140351
609608663
610879683
610973141
612000419
612378930
612509859
612536637
612716807
613238098
614081966
614668885
614955594
615050370
615216573
615249679
615330875
615637964
616401263
616446216
616749121
617430472
617447048
617655070
617860995
618751219
619246609
619492613
619777220
620085436
620100790
620370193
621478906
621493420
621539710
622537312
622771109
624273126
625996268
626130609
626305557
626328076
626789105
627342668
627432947
627515319
627926578
628324577
628653008
628934489
629067985
629140994
629359424
629380731
629497234
629520208
630504911
631077941
631603119
631927609
632549229
632646460
633765085
634417267
634564894
634899711
635452934
635852451
636007708
636135917
636448136
636755340
636767483
637695361
637695517
637709645
638090346
638184493
638744553
639693035
640427943
640613417
640633954
640921338
641648076
641853020
642061602
642923593
643138435
644369150
644858299
645095478
645137693
645234607
645335702
646334884
646897809
646968553
647097690
647681766
647846067
647877473
648313414
648488923
648871026
649060364
649213921
649701522
649766747
650149160
650184122
650218658
651126474
651265879
651373596
651386719
651399293
651558610
651792038
652259738
652465588
652698539
652753230
653178624
653591422
653825698
654249543
654503921
654932971
656084800
657574742
657585983
657878473
658045218
658072951
658156996
658251887
658310429
658710719
658821906
658923070
659786964
660178046
660411912
660801043
661530340
662232379
662328626
662509407
662565127
662901124
663192567
663506070
663536543
664205814
664551100
664584799
664687799
664843542
665633686
665692466
666272978
666880834
667458594
667594139
667646962
668246148
668280198
668343177
668809200
669389962
669885627
670091891
671435873
671632779
672489872
672663917
672920261
673928229
673967371
674218706
674818074
675078934
675322827
675734835
675865136
675932909
676920423
677085676
678052903
678430977
678507764
678590550
679073473
679794470
679948940
680560414
681195110
681876141
683215917
683717810
684045090
684716751
684847093
685468711
685598091
685675303
685728633
685775101
686055287
686841572
686869170
687120864
687792354
687905707
688003561
688415623
688534154
689277134
689493653
690379616
690853932
690909722
690923798
690932570
691014654
691292827
692076492
692141684
692565580
692795030
693321201
693843738
693876187
693894886
695117232
695241597
695242524
695484287
695636773
696282679
696535706
696644307
697209470
698006274
698052399
699582466
699985946
700110082
701726420
701847308
702190493
702352353
702756706
702810347
702829826
703791869
704143390
704256557
704319851
704651066
704945649
705635485
707743702
707871871
707989104
708595648
708744636
709088772
709312310
709330003
709662661
709724299
709905781
710402417
710656579
711344518
711596036
711610894
711656766
711691450
711745971
712281156
712540905
712812639
713435576
714357213
714610962
715149841
715807709
716719717
717860019
718007732
718534702
718643652
718724060
718867331
719759294
720202079
720382248
720503486
721286779
721765977
721988817
722170027
722437402
722481145
722620455
722764166
722807887
722913198
722965472
723339415
723414211
724297288
724721509
725035763
726756789
727419977
727622849
727884339
728244256
728440861
729006413
730596197
730870801
730989427
731006634
731207598
731228376
731812478
731920382
731997344
733821415
734080876
734419344
734732893
734972419
734978687
735290061
735858602
736196292
736804448
737160173
737203151
737655011
738346786
738981156
739224184
739538599
739604560
739626337
739878129
740453479
741277569
741534422
742310702
742636094
743726542
743802640
743994242
744073916
744617969
744806471
744903490
746443568
746734230
746758303
746761586
747217091
747283798
747291377
747651909
748327469
748776098
749002878
749067013
749897733
750258208
750327058
750353111
750771586
750862212
750898351
751464186
751961000
752508732
753594576
753627618
753631548
753685092
753961677
754096701
754380447
754563029
756408567
756509933
757313152
757377226
757436356
757706578
757776901
757816724
757836243
758319862
759638346
759772918
760154460
760526008
760764995
760941857
760963407
761218830
761349283
761596627
763448215
764523420
764840016
765164817
765750707
765797131
766205785
766650681
767282032
767479619
767689117
767973639
768329813
768667965
768704271
768870667
769108634
769492844
769682276
769825167
769876687
770286402
770526422
771059900
772199744
772201728
772718834
773021359
773399362
773551629
773607021
773691418
774429151
774974343
775274712
775628579
775719330
776120785
776443714
776689381
777397522
777447705
777813873
778015014
778464079
778989422
779136894
779192972
780304930
780358836
780423663
780464253
781093371
781487495
782073825
782289864
782509002
783013544
783730420
784685043
784844197
785697577
785853431
785880398
786039024
786651287
786658881
786997223
787320745
787781864
788025385
788309137
788612327
788801835
789177433
789283028
789514659
789818230
789899528
790080231
791148170
791621727
792212452
792417435
792781906
793103487
794170372
794524817
794764682
796125484
796458328
796494650
797611916
797881321
797960526
797999717
798307702
798668298
798694988
799437998
799678521
799690730
799828645
799833829
800837283
801524384
801645315
801839224
802417681
802420681
803597110
803983114
804268878
804353278
804402870
804901626
805459326
805653769
805741570
806239316
806864156
807025532
807198811
807212380
807322992
807384620
808019324
808089102
808622774
808731558
809587734
810241573
811412411
811748493
811851001
812089339
812137849
812405847
812457321
812840851
813078211
813383267
815972951
816106355
816230163
816562087
816691795
816838629
816857082
817201571
817264317
818388139
818480601
818503064
819767796
820006931
820014803
820225888
820922708
820980672
821129205
821400389
821414398
822394377
822603276
823378245
823456864
823704274
824078762
824656122
824704526
825591049
825628971
826128134
826438731
826884401
826910135
827063902
827349767
827434868
827552111
827584560
827595932
828071544
828168967
828212218
828363309
828559810
828647130
828991028
829809100
830144350
830459850
830580434
830803525
830890396
831011324
832440006
832539916
832759949
832910873
833078715
833973498
834980601
835483860
835711124
835798024
835829019
836426115
836632704
836762348
837038850
838291402
839428603
839829103
840070113
840259266
840318046
840461080
841293896
841385538
841405305
841498151
841617141
842189435
842325883
842352739
842406814
842429981
842822612
842980932
843078318
843094381
843125997
843903855
844337769
844353863
844399482
845332763
846002039
846502556
846759807
846977084
846988148
847191227
848630970
849093388
849634798
850110076
850277000
850313894
850542187
850627882
851087548
851329505
851401494
851500226
851582747
851592236
851737015
851909983
852259578
852409678
852672848
853813973
854152182
855244812
855296256
855382064
855574130
855631695
855794567
855925662
856380358
856387197
856402186
857316051
857754094
857821182
858069074
858288235
858295677
858711071
858764799
858843905
859502956
859692181
859823628
860220140
860579320
861222973
861453967
861699295
862001826
862005508
862096314
862296232
862502484
862532679
863360431
863727607
863958031
864621816
864623114
865003766
865033834
865263548
865798591
866233393
866297471
866436728
867579209
867803891
867890793
867905806
869185621
869215245
869522763
869954929
870535686
870626329
873055167
873522159
873966421
874366857
874524082
874635322
874744269
874857221
875152640
876025777
876318386
876488277
876568513
877188809
877901911
878362749
878533592
878942712
879203707
879912520
880078900
880321353
880338409
881956626
882287012
882456040
882622896
882934950
883073284
883080456
883297870
883896969
884168065
884219274
884453387
884704209
885480833
886886429
886995324
887868557
888391177
888573272
888777845
889057067
889544014
890433403
890487886
890606250
890680957
891002277
891086706
891303767
891859530
892192955
892242122
892421373
893173828
893304085
893318519
893440785
893631313
893917578
894202031
894364620
895318576
895486638
895619897
895992099
896365046
896812707
897020997
897419827
897543102
897770029
897803827
897869984
898143678
898319055
898695127
898911712
899468892
899470512
899696908
900407122
900690199
900704589
900835293
900992149
901251668
901455026
901770249
901808597
901859730
901970200
902638416
903521732
903714777
903978700
904105432
904179790
904215029
904497143
904647639
905138809
905226196
905686068
908167419
909136347
909952308
910200160
911040875
911095604
911179350
911449713
911611809
911697484
912385834
912850549
913432605
914072799
914127539
914156229
914284530
914327112
914363223
914929779
915136830
915325947
915857892
916618059
917229462
917319330
917445297
917800266
918175437
918687836
918801188
918938877
921430441
922046878
922177078
922497319
922982825
923299865
923429926
923541329
923630649
923723039
923807905
924210978
925149523
925301816
925309087
926195536
926495619
926822982
928188213
929217471
929479641
929933400
930144862
930691356
931352308
931499835
932234548
932650054
932651509
932842561
932849054
933348667
933784868
934255960
934793109
935273682
935329918
935550281
935610185
935789288
936203667
936868787
937164079
937221428
938582923
938585372
939095606
939346666
939676328
939713738
941486421
941824928
942592547
942681634
942876903
943250777
943686496
944051497
944057151
945516997
945752542
946226058
946529540
946854177
947345272
947387179
947721959
948232856
949533514
949550985
949646841
949752837
949921619
950135493
950351757
950942035
951119621
951429745
951434689
951607204
951628209
951772827
952353471
952578967
952673606
953191364
953223899
953412818
953556588
953685252
954144084
954445174
954594287
954899465
955121946
955620117
956016569
956113655
956608207
957202947
957648715
957744786
957785453
957954809
958018976
958171021
959498693
959570253
960916220
961437368
961774921
961876977
962160888
962256877
962260641
962553278
962886196
962889020
962940912
963757479
963832675
963833589
963915002
964085511
964155604
964417045
964533428
964723621
964733728
964866368
964934309
965337631
966122140
966691512
967119908
967706423
967957419
968101328
968539557
969111919
969222313
969340242
969846615
970317343
970350272
970556408
970661246
970755250
971234906
971397054
971444866
971460770
972072203
972077154
972096119
972914960
973471885
974150500
974856777
975111243
975618215
977667928
977785823
979420861
980207289
980908004
981356801
981423948
981780651
981781641
982186989
982694411
982756261
983509571
984779993
985074282
985099847
985282717
985361912
985713444
986305582
986485444
986912747
987809179
987837863
988275657
989434057
989851204
989896815
989929183
990111919
990269480
990491600
991378115
991576611
991700831
992135812
992860306
993601419
994298794
994596686
994895217
995307773
995999258
996307843
996813356
996884669
996942430
997040178
999003821
999126004
999298295
999347018
1000055966
1000372946
1000688841
1000868747
1001679361
1001776887
1001813008
1001934530
1002190386
1003247953
1004356291
1004451726
1005167127
1005953326
1006143137
1006301055
1006648830
1007014277
1007427909
1007467645
1007584342
1008246650
1008400435
1008841641
1009630344
1009703116
1010390758
1011086591
1011211086
1011471083
1011535379
1011752180
1012254259
1012865807
1013227734
1013550174
1014328737
1014378933
1015203629
1015516706
1015920115
1016419482
1016818427
1016973934
1017415118
1017984330
1018411500
1018525048
1019242387
1020018024
1020126950
1020198403
1020850690
1021094831
1021118275
1021243526
1021769210
1021893539
1022460579
1022627600
1022814040
1023491316
1023732735
1024250153
1024934689
1024957436
1025128514
1025805412
1026243075
1026574120
1026608146
1026670839
1026887534
1027091089
1027486695
1028030901
1028088680
1028162053
1028733401
1028897702
1029035208
1029206200
1029562273
1030261709
1030498062
1030959110
1031661060
1031722335
1031969060
1032075072
1032186210
1032312408
1032456477
1033047772
1033411217
1033556817
1033833326
1034146830
1034180747
1034260409
1034650973
1034871264
1035021746
1035031307
1035180236
1035180712
1035454516
1035799589
1035936107
1036208946
1036311894
1036587883
1036655202
1036744276
1037181850
1038469596
1038601174
1038820138
1039421413
1040134208
1040179117
1040493197
1040716041
1041156126
1042690600
1042719790
1042977665
1044738249
1044991804
1045043231
1045377693
1045560801
1045703674
1045752831
1045798946
1045872192
1046039948
1046715262
1047069582
1047191316
1047273481
1048008197
1048276287
1048655103
1048924023
1049134026
1049833040
1050126474
1050597975
1050684461
1050929615
1052295319
1052640784
1053305503
1053314553
1053598359
1054725423
1054854588
1055326959
1055410228
1055656583
1055909501
1056239320
1056968763
1057275793
1057532591
1058247260
1058392167
1058990837
1059040846
1059342891
1059380905
1059686597
1059712608
1060416919
1060417548
1061532921
1061682618
1061782663
1061963134
1061981930
1062058156
1062165404
1062512763
1063009239
1064051892
1064088042
1064189435
1064192243
1064986664
1065225810
1065239394
1065539419
1065976253
1066146291
1066658081
1066807493
1067211277
1067271808
1067430379
1067833971
1068041973
1068147945
1068165359
1068247194
1068565907
1068652686
1068855871
1070245463
1071208316
1072646433
1073560818
1074071308
1074079956
1074477987
1074521477
1074541763
1075299893
1075734235
1075839427
1076411307
1076476848
1076505643
1076709186
1076832907
1076894185
1077072591
1077198588
1077698097
1077858329
1077989596
1078496082
1078818434
1079113859
1079159030
1080089059
1080106766
1080245791
1080291217
1081312550
1081451396
1081474823
1082126486
1082531278
1082600988
1083147454
1083389239
1084063830
1084161021
1084295533
1084818630
1085217578
1085600238
1085674507
1085711985
1086128172
1086182898
1086264305
1086466402
1086745223
1087624252
1089062351
1089793941
1090106785
1090680498
1090729018
1090777104
1091547507
1091693694
1092020352
1092954414
1093094670
1093350694
1093380865
1093388897
1094063545
1094320936
1094827082
1095386064
1095547542
1095813938
1095883270
1095981261
1096003585
1096692399
1097027657
1097230047
1097286074
1097329580
1097372245
1097389435
1098413579
1098731923
1098865331
1098943004
1099076857
1099255786
1099298378
1099626471
1099645109
1100057684
1101002665
1101062363
1101134803
1101535465
1102344946
1102735165
1103223870
1103436016
1104002179
1104150172
1104291204
1104517931
1104580270
1104959176
1105088646
1106382986
1106465313
1107337802
1107595712
1108077952
1108096952
1108221774
1108392058
1108422636
1108818031
1109419627
1109668826
1109836500
1110056350
1110133713
1110764844
1110882331
1111135960
1111237037
1112273137
1112334730
1113653642
1113748066
1114683891
1114907949
1114927246
1116384141
1116432589
1116516103
1116871714
1118665137
1118834086
1118879960
1118917994
1119536873
1120325532
1120973702
1121320034
1121868294
1122760961
1122776245
1122991345
1123004004
1123764114
1124007378
1124321474
1124792589
1124870300
1124944429
1125107124
1125370193
1125820134
1125833247
1125950553
1126486655
1126747230
1128273180
1128363042
1128531161
1128814706
1129240349
1130748701
1131181919
1131233453
1131369761
1131919052
1132475306
1132809999
1133360268
1134505783
1134648875
1135284680
1136163668
1137197149
1137313589
1138271584
1138331757
1139233799
1139355911
1139575049
1139816378
1139904725
1139971839
1140033745
1141195493
1141907745
1142218380
1142860568
1142900668
1144138231
1144330017
1144662332
1145308277
1145591452
1145645580
1145765326
1147269269
1147381169
1147490482
1147539978
1147601720
1148062563
1148188585
1148368584
1150128614
1150472925
1150473227
1150529860
1150779939
1152091387
1152275444
1152823597
1153118345
1153257716
1153332884
1153438837
1153442880
1153542343
1153820416
1153925405
1154661789
1154718795
1156060299
1156120360
1157073925
1159114903
1159358687
1159704301
1159989596
1160351769
1162272182
1162564353
1163365366
1164425386
1164547052
1164554413
1164729312
1164875886
1164895505
1164985554
1165327427
1165934310
1166221370
1166298811
1166405136
1166406608
1167246759
1167598850
1167849616
1168189032
1168221806
1168718892
1168776943
1169209784
1169392474
1169896309
1170049498
1170670062
1171381287
1171564785
1172170685
1172495040
1172843217
1173115865
1173924807
1174659756
1174766242
1174803540
1175383043
1176848907
1177045762
1177160841
1177979176
1178185448
1178614057
1178616451
1178875219
1179161830
1179191459
1179200146
1179212441
1179414582
1179600987
1180255566
1180731709
1180985836
1181216478
1181481064
1181531309
1181706868
1181848208
1181989702
1182043874
1182254202
1182593563
1183347264
1183720422
1184312670
1184432978
1184717629
1184726469
1185673245
1187468186
1187621836
1187696498
1187730364
1187965165
1188083132
1189249184
1189506192
1189577041
1189847688
1190508698
1191024627
1191237395
1191314208
1191658096
1191878777
1192115571
1193014817
1193523442
1193808846
1193895819
1194002181
1194055756
1194694467
1195589233
1195699867
1196760256
1196952710
1197026545
1197156299
1197759550
1199864692
1200028282
1200030961
1201139977
1201272012
1202357465
1202532490
1202560871
1203064288
1203110533
1203670752
1203966576
1204034620
1204108103
1204427183
1205720798
1206168624
1206570899
1206854065
1206854767
1207214189
1207299541
1207637817
1207702615
1208877344
1208979918
1209002946
1209151893
1209329179
1209356995
1209454525
1209471465
1209815890
1210113569
1210377833
1210469943
1210531961
1210993644
1211135811
1213073775
1213154629
1213531522
1214149683
1214499263
1214995265
1215213933
1215245894
1215417621
1215765371
1215780794
1216296828
1216861001
1216998108
1217053165
1217075528
1217624141
1217723882
1219777075
1219858009
1219921306
1220243011
1220743092
1220750312
1221097887
1221126000
1221379754
1222079209
1222155074
1223166532
1223264483
1224481506
1225434336
1225892561
1225909705
1226191223
1226363908
1227457489
1228260500
1228530742
1230678551
1230698595
1230986877
1231038559
1231281542
1231639743
1231971449
1232616254
1232856721
1232991177
1233401564
1233518148
1233827077
1234051740
1234088491
1234161289
1235098081
1235130361
1235170046
1236314148
1236419929
1236440529
1236483398
1236821545
1237232043
1238314363
1238617324
1238626491
1238640150
1239144701
1239574637
1239648418
1239973969
1240115003
1240226433
1240438565
1241145375
1241950861
1242285338
1242725467
1242836102
1243065857
1243246954
1243304226
1244086856
1244416073
1244428006
1244436079
1244444618
1244668853
1244786579
1245709862
1245735077
1245753094
1245871974
1246008182
1246100952
1246134803
1246967638
1247005690
1247383860
1247511664
1247879921
1247896679
1248575446
1248925954
1249021458
1249751049
1249931571
1250073793
1250162363
1250465799
1250474713
1250956587
1250958516
1251848512
1251982946
1252313590
1252335444
1252550319
1252915704
1253979206
1255110371
1255161699
1255431721
1255574248
1255982762
1256818512
1257129295
1257557371
1257617295
1257763694
1257768778
1257847580
1257895904
1258209318
1258506766
1258656575
1258696409
1258770347
1258864439
1259616476
1259833658
1260057164
1260086878
1260301299
1260319500
1260735346
1260784132
1260925004
1261040817
1261186877
1261320753
1261330057
1261448345
1261832644
1261934993
1262173602
1262727290
1263084148
1263142545
1263639774
1263779972
1264379646
1264771850
1265176476
1265512844
1265522320
1265677777
1265846302
1266193926
1266760894
1267668536
1268430557
1268683161
1269177820
1269605091
1269676417
1269818618
1270656382
1271308876
1271371742
1271393693
1271669991
1271740331
1274211700
1274802853
1274866499
1275061851
1275142968
1275574947
1275732604
1276726676
1276782913
1276993442
1277793794
1277969739
1278268557
1278370832
1278638116
1278703425
1278813271
1278846554
1279562295
1279987407
1280399177
1281131127
1281253687
1282789709
1283451127
1283650145
1283667547
1284063167
1284088225
1284217011
1284232875
1284261023
1284419408
1284732195
1284760633
1284839868
1285466032
1285543430
1286033196
1286187716
1286689539
1286772471
1287036188
1287099661
1287179508
1287453210
1287711895
1288841179
1289033889
1289485579
1289961204
1290000218
1290038661
1290927059
1291126825
1291295195
1291426427
1292102121
1292105564
1293793075
1293836403
1294579213
1294820937
1295215321
1296578843
1297054178
1297556288
1298259785
1298973995
1299039521
1299506041
1299605920
1300175303
1301862921
1302335983
1302445688
1303043737
1303233961
1303573959
1303611610
1303902289
1303951249
1304306376
1305125851
1305396293
1305431152
1306225614
1306267627
1306289440
1306386522
1306636159
1306704945
1307093688
1307289297
1307452025
1308320621
1308522652
1308601629
1309203476
1309223411
1309689614
1310111325
1310431205
1310554172
1310615918
1310854275
1311682087
1311726578
1311911213
1312655580
1312764955
1312987935
1313149156
1313218796
1313540417
1313899785
1314177473
1314214190
1314530316
1314554293
1314784085
1315294068
1315377910
1316027487
1316150433
1317523778
1317717186
1318273366
1318582528
1319283291
1319518063
1319602182
1319630731
1320369481
1320783529
1320837835
1321212511
1321435187
1321719541
1322029348
1322136055
1322290802
1322337656
1322368353
1323110859
1323242805
1323391412
1323767793
1324253754
1325902869
1326529455
1326571611
1326737631
1327452139
1327466248
1327797363
1327965007
1328020499
1328034205
1328441119
1328580458
1329509624
1329664588
1329885957
1330387188
1330586231
1331113180
1331299347
1331382304
1331423271
1331931840
1332043426
1332606633
1332633739
1332864355
1332899532
1333317277
1333436798
1333474248
1333693351
1333756194
1333823966
1334373349
1335046960
1335114390
1335551586
1335799404
1336187991
1336279363
1337316243
1337400891
1337488947
1337757618
1338102470
1338348957
1339529150
1339799703
1341327451
1341534610
1341876510
1341994749
1342490240
1343327437
1343625268
1343728564
1343755618
1343916299
1344363866
1344518822
1344750534
1345356589
1345358976
1345728238
1345874775
1346551428
1346987150
1347435606
1347492284
1347777289
1347938869
1348048818
1348550451
1348770926
1348865465
1348907927
1349636919
1349654512
1349726049
1351034577
1352504522
1352722440
1352856675
1353075568
1353224046
1353227940
1353410301
1353841844
1353990348
1353996132
1354080575
1354349267
1354479656
1354793612
1355347828
1355884435
1356364722
1356403006
1356554549
1356558252
1357062978
1357554454
1357686338
1358363477
1359065577
1359242420
1359260531
1359314700
1359831719
1359844237
1360051807
1360240737
1360284230
1360311028
1360891491
1360975666
1361851778
1362354199
1362398439
1362435820
1362875052
1362884104
1363789677
1364355185
1364525825
1364683770
1365459383
1365644898
1365983379
1366051796
1366111687
1366159875
1366486273
1366852684
1366897149
1367212651
1367640461
1368327756
1368587596
1368906633
1369588638
1369639489
1369827023
1370323997
1370492084
1370847331
1370856618
1371625753
1371758614
1371781071
1371816982
1372454443
1372911837
1373546823
1373942907
1374189582
1375221286
1375511435
1375814101
1375836692
1375973789
1376358410
1376417852
1376910055
1377398347
1378256480
1378466179
1378718102
1378718324
1379209437
1379826995
1380095424
1380455054
1380626288
1380817211
1381261390
1382271738
1382439305
1382494371
1382696986
1382761744
1383152540
1383403318
1383420312
1384481608
1385283623
1385360436
1385390956
1385392658
1385652206
1385752613
1385947119
1386009792
1386421510
1386837604
1386956342
1387169617
1387494800
1388027924
1388040668
1388257793
1388623592
1388971040
1388984130
1389022912
1389245370
1389502306
1389696769
1389715839
1390389662
1391281396
1391396683
1391730034
1391802586
1391991960
1392662147
1393546007
1393550097
1393905430
1394392536
1394884841
1395276294
1395286236
1395426857
1395602714
1395940478
1396015446
1396127432
1396642840
1396888503
1396939958
1397646514
1398126070
1398153407
1398457393
1398520330
1398530874
1398626337
1398904671
1398974555
1399001662
1399281405
1399870200
1400384040
1400409480
1400920951
1400937595
1402421949
1402723628
1403770072
1403795738
1405129258
1405223644
1405495604
1405709293
1405743406
1406204491
1406412663
1407640757
1407652798
1409467564
1409725804
1409987369
1410183460
1410294412
1410854627
1412237663
1412880037
1413627435
1414547206
1415028191
1416524263
1416837237
1416981955
1417331810
1417498483
1418534749
1418553348
1418893974
1419296285
1419641557
1419705729
1419834681
1420081461
1420284948
1420473983
1420750535
1421428108
1421683912
1422022797
1422190874
1422588954
1423180915
1423494180
1423850178
1424215936
1424341924
1425535160
1425742922
1426129707
1426221683
1426495336
1426744816
1426768433
1427232897
1427330477
1427580558
1427747707
1428411309
1428480594
1430330909
1430596488
1430749468
1430918555
1431190339
1431494939
1431942234
1432089890
1432724883
1432872057
1433158771
1433726992
1433889268
1433964603
1434212156
1434383328
1434527553
1434533298
1434542170
1434599579
1435344153
1435551590
1435826160
1435912573
1436144668
1436168825
1436628054
1436947427
1437073220
1437495238
1437759111
1438168055
1438193848
1438264471
1438360465
1438423052
1438876381
1439624454
1439944588
1440043082
1440521227
1440668571
1440846914
1441841473
1443356727
1443381188
1443509487
1444361163
1444588244
1444841975
1445424898
1445909143
1446284276
1447469702
1447504703
1447565836
1447613353
1447620238
1447667562
1448513478
1448803914
1449017297
1451073256
1451230341
1451643580
1451853481
1452180610
1452293015
1452444758
1452465280
1453311877
1453901253
1454410668
1454575197
1454758697
1454791080
1455046736
1455541134
1455681516
1456150214
1456154436
1456219570
1456425760
1457009479
1457181027
1457201496
1457233570
1457947835
1458556329
1459060997
1459102019
1460224729
1460601640
1460734394
1461772501
1462127112
1463149113
1463318290
1463815354
1464357302
1464483314
1464552275
1465469274
1465548279
1465709149
1465785596
1466170119
1467031483
1467148284
1467257348
1467654700
1468370037
1468456960
1469405285
1469754359
1470176246
1470659685
1470915137
1471149834
1472381245
1472639052
1473519120
1474099483
1474147444
1474446475
1474709730
1475406999
1476494422
1476879578
1476992282
1477271517
1477777183
1477983330
1478169327
1478284538
1478893493
1479293205
1479375463
1479399545
1479663826
1479819215
1479972382
1481395127
1481850521
1482333388
1482865033
1483511038
1485271550
1486614353
1486661882
1487244699
1487652517
1487986608
1488470410
1488724927
1489450816
1490567011
1490917926
1491242147
1491811827
1492199408
1493637808
1493683557
1493784548
1493845702
1493899836
1493956940
1494776887
1494887407
1495687008
1498502456
1498671782
1498679661
1499089795
1499153559
1499989756
1500551788
1500590436
1500666095
1500736289
1500945119
1501186968
1501521651
1501639874
1501943093
1503124021
1503254242
1503389307
1503719400
1503736063
1504025662
1504668798
1504989336
1505075226
1505480138
1505579132
1505586184
1505919392
1506429108
1506490324
1506931268
1506934334
1507185353
1507629037
1507716396
1508842280
1509124934
1509523999
1509553176
1509992802
1510076547
1510230344
1510434305
1510585813
1511888042
1512078265
1512117192
1512380776
1512586522
1512990767
1513011040
1513583940
1513720171
1513932710
1514352281
1514389688
1515382942
1515443125
1515520946
1516271486
1516373557
1516516597
1516616968
1516831912
1517852005
1518206097
1518529533
1519166535
1520157130
1521546063
1522384194
1522702465
1523094285
1523722338
1524019277
1524690883
1524746785
1525003056
1525037233
1525567029
1525669133
1525952112
1526090694
1526281924
1527640136
1527714171
1528088653
1528094472
1530560215
1531370202
1532204699
1532365106
1533140395
1533754170
1533953478
1535410051
1535429304
1536643521
1538455136
1539671651
1539698954
1539833180
1540654540
1540801987
1542645811
1542715463
1543093685
1543781300
1544290166
1546284955
1546806497
1546960957
1547162541
1548170170
1548322204
1548415955
1548587834
1548991042
1549009574
1549421726
1549487941
1549818666
1550097142
1550303469
1550369639
1550845813
1551026912
1551315333
1551491745
1552023678
1552188601
1552906172
1552959635
1553858052
1554734885
1554992708
1555245460
1555399949
1555648271
1555803295
1555935139
1556071537
1556515171
1556734469
1556872482
1556975894
1557059665
1557640124
1557840837
1557908969
1558289428
1558794064
1559190713
1559246777
1559736417
1559779935
1559836953
1559849189
1561167504
1561460687
1561895851
1562796236
1562800904
1562890901
1562968063
1563121643
1563168916
1563250921
1564221004
1564860793
1565108691
1565314637
1565334747
1565342873
1565522723
1566528135
1566615464
1566898314
1566969964
1568728014
1568898156
1569085335
1569790558
1569882463
1570800313
1571075023
1572185203
1573483415
1573777769
1573961554
1574052182
1574825648
1575586708
1576513247
1577498017
1577670788
1577804421
1578285819
1579387384
1581623342
1581729478
1581783683
1581798631
1582242599
1582250335
1582396325
1582796185
1582813586
1582865413
1582963134
1583077443
1583279369
1583372092
1583537295
1583976049
1584277240
1584302689
1584365289
1584507548
1585024542
1585299326
1585792084
1586141675
1586481292
1586839562
1586855914
1587819628
1589630594
1589708949
1589729079
1589899522
1590521637
1590605421
1590612862
1591108272
1591126130
1591268392
1592120902
1592939493
1594259649
1594714418
1595623054
1595696718
1596721206
1597033792
1597212153
1597730825
1597888056
1597924816
1597953908
1598465331
1599240214
1600438307
1601074018
1601511665
1601577112
1602290599
1604222039
1604236741
1604319521
1604843173
1604856851
1605595939
1605734975
1606040628
1606053560
1606269307
1606481637
1608090457
1608217672
1608315293
1608325852
1608744163
1608838212
1608873199
1609011023
1609132920
1609330833
1609651247
1609853100
1610401874
1610513485
1610808680
1611100561
1611833778
1612027460
1612556448
1612588204
1613785649
1613803028
1613913965
1615260863
1615864394
1615970064
1616041906
1616076988
1616092958
1616393873
1616524487
1617209906
1617312122
1617488180
1617532020
1617756035
1618023108
1618197828
1618297465
1618711841
1618725366
1618959837
1618969714
1619080834
1619268713
1619311641
1619494844
1619514967
1619932661
1619937057
1619990886
1620062281
1620622459
1621117532
1621720189
1622821617
1623056295
1623313048
1623700642
1624297908
1624714007
1625132442
1625885575
1625945660
1625951799
1626495856
1627133491
1627665084
1627717391
1627802458
1627978387
1628942660
1629535242
1630030067
1630049735
1630782794
1630836350
1631139585
1632622723
1632837673
1633233421
1633508546
1634003554
1634991518
1636054160
1636847611
1638476336
1638724254
1638866518
1639357706
1639919300
1640032842
1640356408
1641055033
1641075107
1641612322
1642300470
1642857479
1643587960
1643658347
1643943246
1644092758
1644437864
1644736969
1644792504
1645351892
1645434300
1645509284
1645983702
1646279927
1646824539
1646937606
1647041063
1647122528
1647787831
1648256602
1648713924
1648741492
1648795142
1648831885
1648942502
1649369048
1649381777
1649820329
1650264646
1650520852
1650544207
1650921828
1651158450
1651509397
1651924869
1652641430
1652945151
1652965381
1653080272
1653296974
1653503161
1653538007
1653970429
1654603116
1654649754
1654691795
1654726525
1654793862
1655436593
1655794013
1655937283
1656171386
1656597707
1656822193
1656829118
1657409777
1657442709
1657615712
1657686780
1658162821
1658431776
1658876197
1658955252
1659056567
1659718613
1661149492
1661820544
1663990159
1664361566
1664812444
1664816051
1665011178
1665299369
1666923602
1667455836
1667458080
1667584922
1667969073
1668203678
1669612701
1669930128
1670260720
1670552073
1671612996
1671726904
1671871627
1672116012
1672779783
1672925409
1672942621
1673082404
1673163545
1673409088
1674474178
1674656072
1674911021
1675997842
1676154838
1676324237
1676343420
1676384541
1676525995
1676652478
1676662694
1676767815
1677089329
1677343825
1677490504
1677818005
1677910995
1677975923
1679118320
1679136102
1679500475
1679734256
1680279745
1680825459
1681504179
1681568874
1681612968
1682284217
1682739316
1682852775
1683616518
1683950725
1684231968
1684276866
1684607983
1684736257
1686103895
1686512458
1686531379
1687758367
1689297617
1689652572
1689662833
1690894886
1691251922
1691720371
1691917432
1692363198
1692966486
1693306641
1694669940
1694753885
1695234486
1695288939
1695294607
1695321690
1696038018
1696065943
1696587450
1697106521
1697321344
1698920619
1699647533
1699956859
1700032480
1700178403
1700379786
1701172742
1701563317
1701783685
1703336049
1703442213
1703575103
1703751252
1704167260
1704754796
1705088543
1705112777
1705457576
1705617254
1705627789
1705983723
1706015766
1706704502
1707276438
1707435757
1707556604
1707696622
1708548952
1708620930
1709100804
1709694184
1709972588
1710009138
1710207259
1710207417
1710810275
1710898743
1711376208
1711579047
1712468593
1713116349
1713666951
1713942142
1714494837
1714538611
1714549768
1714950497
1715198552
1717080703
1717119635
1717967357
1718070430
1718182457
1719237579
1719345931
1720847660
1720950615
1721476029
1721665764
1722021950
1722044853
1722153716
1722378112
1722519322
1723147353
1723496014
1725079796
1725275810
1725285745
1725630187
1726175018
1726437366
1726671979
1727226056
1727683845
1728223701
1728465312
1729434752
1730155534
1730914211
1730915777
1730957776
1731277527
1731626620
1731896500
1732285963
1732425521
1732658915
1733094324
1733736819
1733874840
1733884766
1734110000
1734138034
1735209377
1735406654
1735555251
1735555764
1735603478
1735879444
1737750104
1737957211
1738210341
1738556535
1738724401
1739660862
1739839217
1740813990
1741126669
1741660505
1741874063
1742207610
1742261049
1742604782
1742908146
1743583106
1743645891
1743835574
1744316327
1744439137
1744678304
1744704182
1744758210
1745033546
1745650326
1746047322
1746242250
1746716114
1747602346
1748104474
1748376646
1748394209
1748563642
1748566454
1748699641
1748855323
1749957055
1750828260
1750904754
1751191200
1751345201
1751361435
1752454280
1752694699
1753157775
1754824870
1755762496
1756512704
1756723826
1757031124
1757764820
1759014051
1759085971
1759255089
1759276328
1760451509
1760758760
1761186653
1761319785
1761520785
1761603412
1762310273
1762381889
1763155788
1763666365
1764265629
1765488331
1765524691
1765770421
1766336930
1766558258
1766764947
1766830581
1766840151
1767344592
1768343116
1768375543
1768398513
1768490129
1768528693
1768685899
1768890660
1769319647
1769364628
1769728772
1769793106
1770445426
1771477431
1771913869
1771961228
1771968870
1772259913
1772692229
1773395869
1773860654
1774103658
1774402718
1775320080
1775621444
1775928385
1775937861
1775948215
1776458436
1776665976
1776893137
1777017862
1777374327
1777456177
1777942292
1779039635
1779084677
1779136324
1780073506
1780170370
1780431137
1780904032
1781555731
1781874460
1781941414
1782778860
1783109006
1783664756
1784506700
1784673454
1784731853
1785208745
1785898617
1786337179
1786682414
1786806443
1786851159
1787389468
1787847967
1787952855
1788142712
1788782885
1788921099
1789110567
1789492700
1789826046
1790195116
1790934465
1791298364
1791544421
1792244391
1793475913
1793723311
1793827965
1793860711
1794335101
1794406161
1794755139
1794924896
1795685942
1796410477
1797518876
1798348932
1798559554
1798916134
1798941958
1799021895
1799221899
1800117268
1800324766
1800667874
1800815431
1800991473
1801463857
1801620611
1801724193
1801962239
1802436073
1802440789
1802490650
1802508526
1802663952
1803597103
1803681464
1804023906
1805132769
1805897347
1806195530
1806365686
1806409939
1807096487
1807392435
1807409264
1807449433
1807784917
1807835207
1807838808
1809551778
1809927188
1810264219
1810341199
1810653193
1810945663
1811049318
1811132172
1811182813
1811238200
1812076846
1812983465
1813082085
1813871524
1814194147
1814271021
1814353506
1814987234
1815284908
1815457139
1815555272
1815993615
1816005100
1816787664
1817270965
1818029545
1818297048
1818430550
1819618516
1820006385
1821943500
1822155732
1822450225
1822779476
1822831231
1822843940
1823028674
1823316423
1823474235
1823639457
1824139486
1824403651
1824611135
1825261642
1825419462
1825665979
1825771145
1825818417
1826177167
1826221750
1826812321
1827023148
1827029563
1827495149
1827814780
1828238755
1828550734
1828816556
1829584491
1829640652
1829690761
1829927290
1829956569
1830050901
1830127334
1830665697
1830723849
1830773271
1831373368
1832061168
1832078587
1832275930
1832672322
1832692501
1832692644
1833358455
1833361950
1833403523
1833594824
1834226085
1835400718
1835793521
1836070027
1836245007
1836273421
1836746564
1837100873
1837276451
1838247411
1839735299
1839867376
1839895216
1840053396
1840594912
1841170098
1841479346
1841606315
1842326800
1842473024
1842477187
1843023765
1843232700
1844170331
1844334160
1844760705
1844896146
1845164242
1845560108
1845916677
1846538581
1846567329
1847086119
1848494274
1848767581
1849346661
1849763503
1850443774
1850818549
1850908553
1850910103
1851112864
1852650338
1852720052
1852874119
1852923644
1853153200
1853530549
1853907806
1854353272
1854443462
1855287632
1855352171
1855915339
1856208549
1856513405
1857475673
1857741813
1858446033
1858483171
1859208324
1859248571
1860752241
1861073837
1861269627
1861618716
1862314285
1862814789
1863047564
1863105269
1864702879
1864806889
1864841535
1865257772
1865594226
1865826355
1866158511
1866208435
1866863613
1867045102
1867274708
1867466921
1868434055
1869310429
1869529365
1870122759
1870269125
1870999593
1871556743
1871914193
1872133591
1872136393
1872156567
1872759768
1872802236
1873170347
1873182155
1873217487
1873503145
1873526421
1873572216
1874194725
1874299758
1874328230
1875008145
1875887899
1876172216
1876374573
1876376931
1877047960
1877191162
1877205645
1877414332
1877577837
1877853349
1878142126
1878230586
1879065511
1879371200
1879965085
1880898375
1881176956
1881316887
1881580991
1881623068
1881996627
1882341583
1882510548
1882871224
1883230130
1883280608
1883439563
1883515816
1883888049
1884377945
1885699051
1886073969
1886256682
1886997826
1887648355
1887671815
1887806737
1887963728
1888098943
1888676479
1888748329
1889334127
1889531227
1890186794
1890368280
1891203791
1891518981
1891527462
1892012525
1892418046
1892430198
1892470183
1892828911
1895332115
1895461411
1896106655
1896347505
1897781562
1898250190
1898272823
1898385994
1898756606
1898836648
1898876718
1899406770
1899546243
1899623849
1899932082
1900238756
1900637064
1900780653
1900886674
1901181530
1901557493
1901608531
1901983981
1902007830
1902169475
1902551454
1902995784
1904046235
1904283367
1905288337
1905343984
1905512672
1905569525
1906921427
1906989902
1907262319
1907638667
1907758005
1908105624
1908449142
1909290654
1909508326
1909954106
1910124681
1910439169
1910684661
1911033307
1911221695
1911375842
1912381255
1912409030
1913167112
1913332271
1913671763
1914200162
1914284550
1914851885
1915157082
1915186495
1915758648
1916105800
1916707522
1916794549
1916959716
1917145008
1917322572
1918216727
1918266868
1918267287
1918694350
1919030473
1919174678
1919402733
1919433113
1919508518
1919571503
1919945257
1920355932
1920921571
1921030367
1921189708
1921544914
1921553568
1921710920
1921811141
1921872829
1922040776
1922211249
1922699577
1922738209
1922824747
1923021213
1923041041
1923244973
1923311594
1923880102
1924288498
1925308928
1925682691
1926077451
1926269013
1926303844
1926354533
1926497080
1926520066
1926768113
1926781871
1928383402
1928418558
1928838724
1928852254
1929049717
1929359690
1931364889
1931758261
1932659950
1932969561
1933572471
1933989866
1935025948
1935044980
1935134649
1935888716
1936513322
1936834623
1937636551
1937915600
1937925493
1937951820
1938209466
1938722130
1939211357
1939324464
1939678360
1940023239
1940303619
1941648824
1942354353
1943053334
1943186761
1943254604
1944113116
1944816334
1945009064
1945381952
1945564559
1945726962
1946022617
1946158834
1946293236
1947169802
1947234028
1947430716
1947589390
1947860280
1948369742
1948571779
1949013822
1949945771
1949990350
1950408545
1950539299
1950852444
1951667818
1951743878
1951928972
1952332361
1953015604
1953153982
1953278492
1953719969
1953926288
1954214514
1954346456
1954435817
1954598272
1955076621
1955116521
1955298864
1955462648
1955532483
1955592946
1955854875
1955886041
1955950914
1956148504
1956274903
1956418671
1956718493
1956743126
1957605941
1957739216
1957880248
1958300264
1958610180
1958705931
1959006953
1959247178
1959810693
1959887921
1959933492
1959989742
1960391586
1960425364
1960619852
1961287866
1961601781
1961835746
1961976960
1962226421
1962435559
1962611095
1962680557
1962793115
1963399662
1963528688
1964366257
1964561035
1964603301
1964813804
1965188791
1965745487
1966336259
1966453799
1967140115
1967269982
1967330946
1968393481
1969444379
1969617315
1969779694
1970180503
1970782455
1971000582
1971391849
1971577392
1971603992
1971732529
1971957303
1972469733
1973371030
1975382817
1976362090
1976914439
1977588495
1978181094
1978186424
1978209172
1978394865
1979064352
1979083381
1979445367
1980312673
1980583070
1980846816
1980984922
1980985705
1981097882
1981246887
1981909360
1982048371
1982359791
1982963371
1982967440
1983752175
1984250738
1984336578
1984367944
1984680725
1984875509
1984906142
1985159830
1985469271
1986200733
1986665072
1986818307
1986913005
1987363806
1987680360
1987785478
1987946664
1988214476
1988580830
1988722695
1989182836
1989207819
1989626440
1989958711
1990091973
1990403355
1990504203
1990517483
1991735172
1992066567
1992245820
1992987268
1993058443
1993199390
1993259921
1993289822
1993538887
1993909414
1994035101
1994082829
1994463509
1995323458
1996268904
1996682991
1996699959
1997232867
1997581457
1997896098
1997946810
1999231249
1999249504
1999416908
1999702606
1999896758
2000137020
2000412102
2000828382
2001299889
2002164465
2002302008
2002884734
2003024480
2003090366
2003581776
2003688914
2004570856
2004636892
2005621344
2006046148
2006318926
2006399512
2006740466
2006905128
2007124286
2007222351
2007294115
2007778040
2008010239
2008719681
2009368857
2009567737
2009856933
2010169386
2010348807
2010393162
2011700542
2011940631
2012163973
2012450006
2013440701
2013448983
2013599920
2013837608
2015227659
2015325811
2015621923
2016068890
2016084227
2016232209
2016258583
2016754733
2016941163
2017117247
2017375438
2017477025
2017687869
2018659989
2018844301
2019317388
2019780099
2020164391
2020268305
2020868880
2020986653
2021029905
2021207557
2021377261
2021586850
2022294146
2022879097
2023221632
2023328573
2023499967
2023632205
2024140892
2024459929
2025426386
2025887991
2026334134
2026407582
2026827983
2027001879
2027374908
2027694384
2028402341
2028520739
2029816244
2029977214
2029980358
2030090147
2030107119
2030294119
2030586037
2031575269
2032198155
2032477165
2032506171
2032951796
2033133100
2034287257
2034696722
2034702230
2034912435
2035494892
2035812585
2036055513
2036393147
2036783497
2037058147
2037354397
2037607030
2037722372
2037848983
2038397545
2038518419
2039359559
2039461289
2039614380
2040110281
2040299556
2041268630
2041399509
2041571633
2041826654
2042725884
2043999887
2044157600
2044501135
2044501655
2044578005
2044612401
2044789743
2045424622
2046345133
2046920636
2047100668
2047924666
2048520219
2049519785
2049522416
2049833355
2049981634
2050362923
2050562992
2050808672
2050816439
2050950554
2051155486
2051486094
2051539291
2051601020
2051634275
2052680659
2053133953
2053184743
2053193491
2053442164
2054223452
2054344445
2055593736
2056175568
2056185822
2056336440
2056370388
2057255865
2057636008
2057889152
2058412612
2058626811
2058686036
2058756840
2058766284
2058907962
2058950529
2059025991
2059118913
2059208956
2059245083
2059534877
2059686486
2059836426
2060036569
2060273855
2060511317
2060859938
2060868421
2062094591
2062247944
2062626413
2063010139
2063535022
2064162062
2064794685
2065454749
2065622319
2066586516
2067362740
2067451641
2067856280
2068268817
2068550024
2068560970
2069810245
2070790049
2070944066
2071090218
2071108025
2071172345
2071497330
2071590148
2072476381
2072751094
2072988659
2073547344
2073667179
2073916116
2074454781
2074553117
2074924488
2075176058
2075592878
2075863692
2075940111
2076405168
2076521125
2077552731
2077852510
2078297070
2079532431
2079560954
2079865687
2080058176
2080085024
2080109061
2080469991
2081116779
2081312985
2083228228
2083888109
2084095339
2085435360
2085647480
2086133165
2087229550
2087390498
2087733495
2087740383
2087783062
2088781250
2088809725
2089931524
2089937194
2090206774
2090230238
2090238939
2090390232
2090441397
2090671507
2090819521
2091727392
2091855987
2092001827
2092256747
2092264302
2092379445
2092482126
2092943490
2093287439
2093534211
2093714895
2093746220
2093961253
2094042898
2094327406
2094581897
2094982089
2095297190
2095332949
2096049740
2096138946
2096621711
2097003501
2097210492
2097234688
2097373638
2097606432
2098049924
2098246907
2098346565
2098602249
2098758804
2098922138
2099204441
2099336466
2099956534
2099978985
2100053315
2100191102
2100386408
2100604074
2100679824
2101233917
2101252890
2102602084
2102644330
2103006822
2103232580
2103385437
2103543176
2103595028
2103963258
2104133793
2104838952
2105002773
2106037285
2106383093
2106609897
2106863723
2107283122
2107567608
2107949394
2108394567
2108613629
2108691879
2108697075
2108876279
2109129198
2109330710
2109400948
2109432880
2109658884
2109662435
2109717696
2109939823
2110557365
2110670076
2110736461
2110787179
2110984827
2111085202
2111951081
2113070994
2113621917
2113671921
2113984552
2114320359
2114419447
2114606623
2114872460
2115021094
2116513195
2118564661
2119103091
2119429929
2119661253
2119859861
2120003067
2120206911
2120311223
2120611049
2120953838
2121327347
2121473203
2121485608
2121806128
2121941834
2122136684
2122160487
2122266125
2122341338
2122931545
2123588619
2123833274
2123964487
2124181027
2125449272
2125464147
2125728165
2126369779
2126705305
2127081039
2127656320
2127777414
2127834404
2127943253
2128672722
2128731011
2128864391
2129326793
2129439218
2129670958
2129721432
2129934474
2130250848
2130339213
2130683345
2131475324
2131953686
2131963146
2132537680
2132561837
2132703446
2133007278
2133040093
2133870884
2134083005
2134231000
2134315805
2134638796
2134784549
2136167987
2136223976
2136466837
2137438874
2137538484
2137685500
2137790936
2137984202
2138240940
2138504607
2138684584
2139139669
2139185563
2140155261
2140699632
2140874051
2143064022
2143126994
2143368238
2143621076
2144044961
2144524164
2144532083
2144780980
2145936718
2145992474
2146388836
2146543671
2146555047
2146866064
2147162122
2147179532
