210114
298349
1234800
1479721
1957453
2792385
3108953
3131812
3466720
3473695
3493379
4017264
4241292
4604173
5431469
5796559
6351670
6368545
7212714
7396754
7523823
7747387
8053022
8549235
8613606
8860285
9668649
9805484
9810638
9868319
10389734
10507650
10859989
10864598
11656063
11656650
11906226
12246172
12758137
12979819
13936982
14275155
14879238
14910574
14923452
15032901
15414040
15436382
15764828
15829886
15888044
16138898
16221246
16968662
17009120
17458242
18267437
18464733
19271365
19453497
19678106
20227489
20312977
20366404
20483507
20517394
20717449
20823726
20871654
20878748
21107013
21322307
21795629
22414900
22932916
23239186
23727516
23763115
24264097
24988589
25022714
25192033
25436743
25571331
26515669
27134849
27965810
28756720
28767821
29248188
30310662
30416168
30449485
30835017
30951406
31033805
31592584
31825285
31887474
31913799
32759316
33118101
33422723
33489073
33747699
34889002
35065639
35286364
35294977
35759782
35839410
35976328
36534120
36814841
36959985
36966017
37024683
37034333
37224565
37817167
39249955
39535534
40956441
41491553
42051598
42399347
42890730
42951421
43078344
43092162
43231063
43385145
43659809
43822872
43869544
44491209
45005889
46480421
46484100
46660736
46689140
47294094
47746495
47892357
48163868
48697713
48856216
49428486
49613913
49662563
50452544
52116274
52266763
52400207
52481727
53211116
53443791
53848999
54041787
54346076
54434576
54928040
55142252
55908652
55909284
55968723
56181319
56369265
56618447
56660298
56688997
56796452
57148325
57642398
57741891
57915453
58065631
58438525
58569375
58569456
58587649
58649806
59018447
59123587
59176566
59353428
59365234
59449278
60000474
60670500
60871456
60953087
60962470
61145114
61677706
62315603
63139464
63449115
63503992
63554621
64216211
64385644
65696029
65786816
66449527
66679079
66975811
66993596
67021091
68091476
69120587
69155895
69265577
69393548
70520002
70619566
70632521
70779852
71526189
71892411
72195486
72297164
72519484
72918730
73271844
74091341
74135449
74929127
75292303
75441140
75879744
75917066
76252670
76314799
76732537
77082906
77849331
78791983
80082709
80105063
80366694
80466679
80530794
80610714
80743070
80835047
81028554
81453582
83119511
83368615
84018812
84545172
84587720
84749482
84762297
84851788
85289898
85936852
86414893
86457006
87205857
87618893
88347855
88454135
88739268
89455680
89540747
90324162
90349478
90544533
91006792
91074330
91104116
91105818
91332852
91645906
91904953
92679814
93061360
93509323
93532852
93571629
93762421
93874376
94407846
95102391
95290290
95889502
95988427
96266840
97313453
97442946
97497417
97682120
97753245
97826789
98354843
98688040
99009747
99536430
99643183
99677748
100404925
100982073
101379058
101787468
102076857
102410165
102526107
102599478
102684179
102733269
102766109
102875102
102907111
102981210
103379593
104169988
104226364
104240644
104268960
105363255
105636370
106008318
106585718
106590987
106729498
107666943
108128516
108563087
108748113
108899777
109025943
109036663
109398181
109656088
110415419
110664635
110895725
111342713
111426556
111449421
111606490
112182135
112262065
112518085
112532794
113251042
113378936
113407350
113484671
113752725
114005564
114298966
114888522
115312245
115379285
115475043
115634333
115757970
115768135
115997054
116041927
116472150
116595476
117292599
117688153
117796937
117799710
118256879
118407009
118653460
118835254
118958968
119411327
119575745
119611081
120086527
120483734
120835575
120937383
121372876
121518957
121752659
121963736
122113955
122156186
122261685
123269938
123443896
123769278
123894755
124841907
125364309
125738688
125769416
126134506
126167117
127117146
127312166
127349732
127695952
127842850
128132396
128277970
128342554
128443933
128705241
128926109
129155141
129384231
129602292
129746951
130163440
130308639
130372512
130394202
130726966
131170225
132039576
133335455
134239053
134395835
134478086
134621266
134861836
135012217
135346972
135630984
136162693
136406642
136425297
136497253
137152379
137284965
137688434
138477274
138478812
138618866
138660119
139047667
139071331
139446135
139656959
140008875
140077471
140570705
141925672
141956145
142326379
142435784
142477134
143026680
143380923
143428301
144186869
144376015
144383158
144869318
144917755
145834845
146108621
146392074
146410159
147050481
147899467
148439164
148850066
149927724
150194467
150321183
150410308
150898899
151102669
151641835
151977829
152113791
152792650
152884612
153158410
153870527
153888780
154111476
154399870
154429283
154477853
154826471
155060079
155067911
155438072
155440738
155514358
156030583
156099786
156554302
157271520
158230409
159078627
159180842
160025693
160070531
160233612
160547935
162141313
162637806
162889968
163220374
163410664
163445245
163796195
163863922
164567430
164619617
165696362
165851716
165911566
166617443
166649825
167486520
167990688
168053012
168309670
168312658
168450914
168568229
169175220
169308635
169402673
169502681
169629986
169699751
169721008
169974139
170118024
170119319
170623616
170849978
171737932
171990559
172127512
172145311
172499680
172687486
172801629
173434472
173562282
173713445
173777905
174336943
174732805
174884450
175277336
175695090
176059641
177607219
178247830
178712647
179087743
179196430
179416700
180121818
180472514
181170582
181189363
181300026
181499016
181508460
183128777
183433639
183634824
183793374
183977462
184356154
184506770
184620373
184624229
184794531
185236536
185372583
186218441
186447790
186533271
186545044
187288421
187607461
188063251
188065482
188175170
188178832
188241249
188261807
188534122
188688924
188751434
189392945
189539960
190101957
190617931
190652550
191364574
191691281
192436347
192767747
193636437
193701197
193702186
194098710
194308242
194371690
196094868
196687308
196932074
197113476
197125520
197319677
197382213
198136352
198362920
198887329
198951480
200163363
200201125
200337132
200586271
201163369
201668158
202135570
202398747
202554104
202570468
202650246
203015002
203557341
204225768
205175458
205191988
205717169
206376318
206424786
206495767
206709604
206788202
206977620
207045521
207346636
207813844
208449803
208913456
209000663
209045916
209139944
209466965
209474163
209719471
210748127
210931376
211613654
211812487
211997973
212560443
212857159
214057399
214404097
214453704
215078594
215949758
216329293
216501491
217130196
217372502
217936639
218038128
218592188
218806905
219162351
219198259
219373597
219421308
219686981
220478740
220649498
221066258
221621559
221817532
222246313
222458551
222664650
223200774
224214107
225305882
225352510
225366667
225430608
225569315
225728916
226377361
226602779
226907017
227071049
227154827
227260211
227262321
227622462
227676216
227851883
228024441
228351222
229976361
230931017
231002181
231522749
232212548
233223086
233679746
233781179
233984706
234023047
234239232
234818440
234835714
235092132
235342094
235918372
236160218
237199563
237392364
237545610
237609733
237798937
238374069
238709063
239037379
239073128
239218866
239512394
239693288
240272933
240708539
240779914
241030985
241609314
241927145
242061864
242340591
242558041
242588189
242876859
243292704
243466907
244305420
244347557
244642005
244659750
245108924
245598178
246092615
246162631
246540371
246553710
246945496
247046047
248264094
248472617
248599815
248801873
249986872
250255386
250312114
250829637
250994542
251179600
251302222
252165275
252278992
252532690
253154348
253198595
253411715
253570234
253620326
253819017
253869512
254103487
254157068
254377104
254797486
254882580
255072644
255074611
255226620
255774481
256339921
256538683
256722046
256740528
256791617
256883167
256903745
257047530
257608006
258049419
258157652
258230381
258815518
259283103
259327735
259479587
260559303
260626443
260918214
261091199
261173802
261203102
261242428
261337239
261498185
262439336
262748456
262805124
263187059
263876516
263939192
264071991
264540062
265212245
265964600
266199010
266220209
266261836
266707812
266755544
267656246
267934240
267970294
268011740
268432880
268817344
269108705
269303538
269485847
269570020
269633643
270147825
270373877
270375005
270589217
270662874
270953609
271395472
271575084
271613619
271996244
272536024
273257304
273261483
273813148
274069143
274234671
274315615
274631323
274939962
274975558
275353191
276418722
276527510
277756649
277852071
278009723
278877542
279170445
279279988
279700744
279897255
280367971
280833339
281006811
281133134
281568270
281747719
281924039
282077544
282634447
283163319
283633430
284135644
284153279
284170028
284673879
285615308
285707578
285939846
286387099
286568884
287423768
287933913
288044651
288117238
288266391
288512912
288707052
288866726
289533394
289592634
290036485
290039497
290321613
290585170
290654100
290909178
291816624
292048273
292166121
292236726
292672702
293043278
293092115
293156361
293239755
293352146
294236949
294609127
295066023
295184456
295434520
295520016
295610408
295694503
295886320
295900299
295915724
296238311
296765654
296979088
297124376
297461514
297573851
297750250
298336052
298499751
298997167
299318740
299439908
300168328
300648907
300736735
301054875
301122227
301367646
301723437
302350505
302417536
302496749
303199638
304063204
304371036
304701611
304704731
305281588
305334814
305407228
305649097
306283728
306475788
306577756
307779335
307793074
308098939
308676663
308744227
308928047
309042688
309139648
309470292
309751639
309968380
310028160
310325042
310500605
311131993
311380486
311454379
311605741
312041082
312222320
312788295
312909493
313119489
313396515
314290575
314382294
314758117
314795147
314979248
315585939
316003675
316170827
316700103
316738891
316754582
316795089
317027429
317478159
317641906
318485125
318525295
318747628
319250118
319820404
320076145
320701099
320970999
321042523
321153868
321502540
321726519
321931169
322012966
322221833
323389965
323478303
323605026
324203517
324437505
324439634
324510617
324622292
324876929
325288820
325426128
325570346
325891236
325921407
325994953
326172759
326526997
326561366
326583233
326785719
328438588
329024650
329632453
329736079
331506467
331740121
331956284
332110084
332184848
332766810
333005148
333093247
333333121
333478088
333529040
333647624
333679104
334217279
334293971
334419283
334607943
334764658
335143358
335463994
335669258
336186349
336296837
336657355
337504526
337690887
337734036
337784892
337931149
338219595
338271461
338273551
338569739
338732850
338946423
339162987
339430939
340516380
340889190
341114061
341133186
341558149
341593167
341696181
341899040
342403295
342487577
343310743
343801300
343923872
344403290
344579489
344599773
345023492
345181364
345395049
345976715
347102333
347226159
347577351
347644431
347993675
348100462
348540000
349373569
349738914
349747875
349878000
350190116
350585091
350640267
350710091
351253979
351388783
351407606
351612223
352345961
352860530
353541220
353708267
353796314
354034132
354143865
354439322
354883636
355455932
355530905
355973281
356212970
356787177
357093668
357394635
357614693
357615335
357848033
357917137
359217542
359263107
359422867
359674823
359710988
359788734
359989076
360388133
360690253
360800849
360981999
361158860
361711251
361772882
362309024
362314049
362496078
362675729
362969750
363211768
363313048
363564313
363619691
363625575
363656305
363804595
363807449
363890147
364069364
364846146
365398499
365568749
365605949
365796262
365904639
366784431
366954566
367330131
367369411
367585464
367634284
367719220
367877955
367960554
368172874
368249906
368688476
368787007
368907717
369143976
369148425
369652211
369833062
370257130
370497721
370635289
370947991
371812716
371998901
372113760
372506470
372667144
372781258
373421597
373571505
374193847
374338141
374499091
374879882
375103873
375206720
375506069
375950439
378111007
378146563
378155100
378607086
378708269
379033225
379330094
379997410
380085594
380131824
380228103
380268083
380776375
380845753
380863369
380882877
380989936
381181141
381682296
381761644
381922164
382377954
382652429
382679600
382922704
383508545
383840434
383982088
384363409
384498394
384595118
385005925
385467976
385541801
385586682
385627677
385938255
386056203
387156523
387252821
387826967
388094619
388483446
389097301
389184519
389654548
390104293
390233234
391655102
391914128
392119506
392498468
392539284
392905119
394409351
394642935
394673862
394696501
394769262
395334073
395542536
395642774
395686327
395715280
395858722
396027970
396404909
397245332
397643474
397877405
397945190
398490466
398827288
400103167
400345501
400464424
400658717
401212055
401541512
401607195
401646248
401761509
401857282
402568683
402683541
402782066
402789264
402804349
403060576
403414417
403997225
404528298
404611207
404758173
404778556
404782995
404959989
405069024
405550269
405580317
405723212
406767090
407297227
407675498
407934816
408023402
408387495
408820651
408867207
408910415
409269510
409706134
409835549
409880311
409957463
410088394
410096665
410196562
410687547
410916243
410933135
411511312
412730001
413172612
413810155
413944508
414129062
414187063
414897172
415119655
415951964
415960106
416369447
416827185
416835020
416937468
417114682
417262866
417318334
418129649
418329204
418352402
418480242
418877780
419149362
419500642
419966668
420277375
420676131
420733023
421234793
421292031
421352532
421791168
422132253
422358000
422476759
422826653
423080308
423226264
423579222
423604883
423766298
423851064
423906838
424091949
424346199
424574713
424865762
425069561
425094270
426082625
426336993
427043627
427616316
428181005
428504946
428669766
428686125
429258701
429657567
429904050
430463429
430770380
430793350
430844368
430895585
431286887
431469382
431554564
431750948
432180656
432205933
432879766
433034227
433110597
433430791
433611726
433736490
434499691
434785252
434962029
435147454
435481660
435667229
436138324
436256061
436620958
436669880
436892814
437004218
438341429
438820861
438929943
438976452
439987960
440459532
440533367
440587795
440685396
440836087
441119741
441239696
441569453
441749050
442836752
443083628
443606403
443637060
443657497
443718121
444020034
444423277
444551045
444866630
444903282
445265217
445304342
446021424
446525062
446746192
447063452
447569588
447618721
447660964
447861781
448184684
448299284
448416032
448774263
448848696
448987340
449799023
449970411
450498954
450627560
450681255
450761333
451083998
451244564
451462080
451580625
451713505
452344514
452799322
453087579
453119444
453873912
454063621
454237245
454252911
454368330
454456502
454458470
454480236
454920998
455412330
455731905
455878156
455890343
456042073
456413875
456504191
456715144
456735711
456848061
457117985
457123308
457326898
457449468
457465343
457785387
457980194
458601494
458794610
459159600
460272035
460294684
460421924
460617074
460843507
460951333
460974660
461392176
461600008
461882152
462038596
462153731
463823049
464136461
464421568
464958330
465225596
466425488
467587730
468612219
468647809
468720278
468896952
469183665
469524622
469763170
470152217
470210013
470310257
470337471
470413547
470489633
471002670
471316262
471584764
472026873
472068683
472404459
472449076
472610987
472659876
472874052
473195421
473377304
473491047
473573190
474142141
474787228
474877763
475065570
475209306
475409815
475586515
475631080
475640840
476340383
477529196
477807123
478098211
478191571
478359573
478403826
478476376
478476427
478692925
479028186
479217167
479915179
480456346
480496481
481561525
481772668
482264632
482410018
482508698
482792420
483044840
483156029
483512385
484107269
484710059
484941991
485121250
485368884
485516022
485621236
485745729
485897052
485982520
486192257
486780969
486799443
487075718
487271284
487573589
487578355
487862193
488039132
488059337
488793726
489004691
489376055
489793919
490076116
490173200
490291295
490618837
490888092
490894095
490998583
491527978
491569455
492348866
493062823
493153113
493496586
494414073
494616090
494712760
495219632
495667539
495834118
496585173
496870299
497109678
497575405
498511693
498804529
500016481
500089581
500283116
500318262
500525865
500535860
500862091
500973314
501093580
501095725
501164223
501616878
501821128
502051110
502411311
502505017
502544582
503109874
503474154
503590972
504400203
504518762
504788782
505495592
505532823
505576290
505600944
505722558
505976454
505991082
506213777
506317173
506492231
506584266
507309739
507737238
507955211
507997992
508167879
508496939
508539096
508576216
508908178
509139781
509645749
509823746
510211764
510491521
510759363
510989987
511136287
511656511
511921669
511956105
512330949
512694239
512781188
513031211
513456753
513481228
513690436
514187193
514928172
514945042
514955594
514967337
515096075
515230885
515347831
515791972
515828980
516297232
516328082
516418378
516634055
517357904
517505467
517923363
518070477
518101334
518142193
518361232
519041577
519436347
520089412
520094044
520326993
520853776
520992526
521025593
521319566
521614184
521680831
522505722
522610805
522970118
523042079
523090273
523229148
523281948
524146595
524393554
524961424
525024895
525500332
525752581
525771943
525802430
526318193
527066921
527113507
527227293
527772619
528141493
528567854
528596815
528598209
528739988
529360731
530136223
530422636
530472074
531010336
531230667
532638529
532724795
533162258
533203049
533538144
534733106
534883806
535899618
536026406
536719298
536759642
536803993
536933491
537167205
537504281
538233639
538587654
538623852
538918953
539049670
539139657
539402203
539632561
539668483
539679043
539853697
540332875
540484290
540584907
540686965
540931769
541006578
541632949
542650871
542971930
543932372
543953161
543985560
544360309
544375898
544432595
544625673
544719644
545029475
545186356
545604068
545801843
546333754
546426240
546436584
546669259
546947398
547131798
547752731
547853932
548174341
548522536
548808588
549137134
549173717
549317473
549558852
550146994
550333772
550400048
550603675
551269473
551513018
551775406
552541259
552747640
552858768
552894433
553288351
553401918
553709666
554459439
554474839
554766744
554910535
555647827
555856201
556202502
556292337
556899402
557379297
557571930
558046658
558423507
558651707
558702860
560328209
560329652
560391847
560883332
561136411
561791778
562186307
562966717
563359110
563562265
564024463
564229607
564317157
564854961
564893670
566536559
566804439
566894274
567231496
567347145
567373083
567525478
567540008
567558900
568495335
568530810
568755286
568876945
569236179
569315353
569438881
569877423
569891564
569960108
570640057
570970206
571365024
572080032
572150304
572329480
572430415
573076033
573504731
573509484
573922505
574093003
574235267
574816720
575196633
575556371
576322200
576735344
577304463
577559149
578134512
578233276
578298509
578417223
579023828
579117447
579352836
579658411
580552993
580562068
581168973
581557577
581633641
582057654
582425192
583293837
584113369
584229073
584687688
584925959
585024181
585137179
586092691
586226360
586244005
586587460
586897511
586937936
587458603
587811354
588843380
588946097
590853171
590880109
590913311
591108925
591414577
592216387
592218780
592406537
592609103
592724917
593068529
593251548
593394680
593508799
593708065
593770445
593995097
594409238
594490325
594581421
594763906
595019347
595035747
595073585
595367991
595536086
595544065
595642064
595857540
596031735
596354547
596529302
596587013
596727178
596930576
597035435
597235367
598251658
598266058
598777345
599480827
599488401
599716775
601463176
601613608
601802798
601882819
602074510
602137159
602622882
603212486
603256345
603460330
603524157
604214018
604572826
605040802
605607715
605720400
606233791
607213738
607306897
607372784
607425950
607599320
607973231
608003491
608758058
609213786
609306773
609923382
610257917
610386186
610515790
610558606
610639769
611323493
611546255
611677969
612099324
612884559
612956165
613096878
613273791
613560508
613653179
614052009
614439301
614495294
615184643
615293048
615353446
615448664
615741705
615781953
615786902
616515076
616984368
617151560
617443015
617883596
618034599
618178518
618452505
618555834
618802713
618805371
619104856
619452620
620118352
620185626
620204271
620415027
620676445
620828102
621270741
621274135
621486387
622521667
622664242
622683841
622885570
623222111
623254345
623461047
623466297
623898171
624307396
624406768
624601235
624623484
624782734
625264280
625324883
625643716
626270359
626601335
626674031
626765256
627640620
627927404
628771504
628806406
629136866
629311825
629334329
629534926
629832959
629918595
630033872
630750100
631016149
632368154
633790110
633978090
634235168
634567478
635046577
635244035
635258986
635359091
635452846
635540741
636270500
636526561
636786094
636982089
637306876
637719188
639128316
639388878
639543656
639793253
639829192
640219032
640735392
641199880
641247331
641715229
641724981
641984155
642311344
642713701
643103886
643496973
643750496
643885875
644280947
644689715
644760090
644800714
645191912
646369738
646414594
646427432
646578921
646669967
647154533
647311709
647912581
648128696
648380826
648450449
648483790
648912917
649023821
649321219
649501788
649598272
649742072
649930940
650093851
650099693
650210885
650409410
651015848
651567541
651613405
652081113
652226758
652630532
652752581
652898814
653263609
653854937
653991582
654577605
654635950
654661756
655804778
656203741
656240521
656299503
656468980
657059663
657179458
657391827
657730158
658604218
658876844
659115618
659192713
659690029
660956379
661263726
661838528
662018764
663286453
663569367
663617317
663886231
664037556
664378799
664636987
664770414
664841301
664859399
665022831
665096102
665314047
665507980
666046360
666310141
666472562
666615842
667014468
667346701
667711789
668149519
668480330
668726784
669161320
669201090
669684657
670012064
670056019
670266326
670441615
670577703
670578084
670923196
670991639
671179355
671527708
672489116
672794099
672853547
672917074
673476286
673664464
673789105
673793959
674207719
674415657
674422938
674859527
675049974
676047466
676140666
676150984
676154946
676299799
676579310
676747218
677229854
677516017
677564518
677587902
677885783
678323674
679201936
679241920
680192405
680254701
680444488
680538407
680668198
680968093
681971983
682633623
682884492
683428175
683627395
683784823
683954040
684803947
685216076
685521536
685995185
686160395
686228459
686530663
686882007
687684604
687995056
688531692
689429030
689929933
690288296
690456070
690473248
690800751
690822040
691566751
691699051
691773913
691779598
692061396
692418733
692433645
692689339
692736185
692844730
692932219
693094609
693282927
694026745
694094592
694363939
694614225
695090623
695104138
695298484
695507059
695557004
695597041
695645154
695730169
695761369
695981726
696023826
696061487
696691273
697196133
697318456
697715597
698027199
698036207
698794753
698806305
699023335
699616733
699731030
699806841
700341256
700380665
700501003
701253318
701792661
701796703
702030138
702079946
702581822
702969278
703480004
703564291
703640508
703930043
704014409
704185734
705103373
705353149
705845322
706028400
706038029
706288958
706499080
706585253
706812702
707057545
707943879
708012229
708508354
709276907
709746808
710129537
710194114
711840133
712267362
712620798
714376587
714436542
715148948
715565878
715649772
716008480
716130775
716612435
716701049
717290484
717340371
717812599
718073055
718120429
718407052
718413504
718707946
719017010
719023447
719815342
719917582
719974223
719990895
720263274
720364973
720494026
720658228
721341800
722191269
722418363
722923462
723073988
723325784
723665032
724209102
724380483
724740375
724743623
725180863
725542906
725835114
725937679
726378262
727008416
727517743
727554693
728113856
728743942
728984004
729747809
730293733
730842129
730881462
731482098
731551546
731672250
731920932
732786841
733223145
733453997
733485557
733881778
734095872
734111788
734117616
734422972
734667555
734818514
735063813
735927891
736564035
738078021
738343560
738537489
738543880
739357193
739440754
739841537
740048966
740620027
741256183
741554576
741563607
741634227
741703120
741950510
742167962
742577501
742686271
743307069
743480318
743486540
743550153
743839814
744077263
744195317
744276242
744497350
744596385
744646024
744984147
745319938
746742131
746900796
747780896
747812209
748077846
748841672
748883049
749792365
749945807
750099841
750378943
750507849
751357147
751748914
751752701
752244111
752353344
752492476
752850976
753198739
753698128
754284374
754307185
754569231
754850977
755055108
755173421
755214901
755228302
755564556
755679507
755891163
756069547
756137072
756952934
757067782
757144248
757153273
757519874
757589961
757953780
758714416
759545718
759558738
759617920
759675900
759677847
760713687
760988808
761340401
761449971
761472445
761523640
761550437
762328949
762429696
762520617
762542223
762543489
762917159
762993385
763298779
763446275
763471605
763558099
763646717
763898646
764177206
765009823
765175426
765775485
765850448
767430496
767596955
767843739
767993714
769423625
769749681
770013575
770651431
771028023
771300945
771381575
771640914
771735431
772552876
772726338
773083706
773092792
773097959
773116170
773327252
773531902
773875679
774331798
774339339
774572834
775368865
776420776
776531412
776589576
778011042
778062788
778375047
778725308
778899567
779063234
779629468
779988667
780128521
780962800
781244741
781372697
781729821
781770898
782046153
782353761
782364181
782539488
782584831
783077701
783159841
783343716
783512903
783830669
783964047
784383382
784523965
784647583
784703536
784727682
784927601
785606806
785965530
786117958
786302612
786819144
786884096
787553688
787653774
787991222
788325256
789127623
790042328
790386378
790521398
790549299
790579424
790804000
791008298
791866172
792313831
792521746
792946998
794534087
795527505
796079669
796105212
796274206
796440581
796975939
797668265
797882005
797960243
798045887
799111084
799127702
799306292
799397948
799939709
800115716
800237532
800290483
800783638
802252062
802379685
802380407
803160451
803529531
803983314
804050370
804175614
804222034
804315767
804399661
804551138
805449385
805517928
806165629
806523545
806569182
806932879
806983709
807066720
807138150
807634821
808225953
808769509
808966576
809564082
809614229
810188057
810399923
810478684
812061141
812886993
812957035
813137013
813957357
814410011
814901357
815043785
815260408
815450485
816195181
817489455
817500418
817620186
817645335
818356102
818474836
818535221
818602558
818916374
819729286
819981281
820377633
820502646
820590237
820735975
820802990
820965733
821275651
821280176
821303083
821333742
821614138
822355337
822362787
822834533
822852147
823354954
824385402
824476028
824905460
825281944
825370960
825386411
825691418
825912502
826064366
826128355
826361492
826406793
826543085
826742805
827115402
827262501
827409457
827499542
827669233
827789774
827835052
828007092
828161427
828269368
828643773
828981623
829175416
829682585
830103141
830110527
830123566
830125369
831773431
832738357
833197218
833267165
833381378
833969684
834647947
834667426
835578019
836578760
836690886
837094855
837105568
837138969
837497238
837644435
838155674
838328638
838515925
838803056
839534780
839868992
840077459
840502083
840552805
841079244
841828931
841848262
842527021
842628281
842880888
842931935
843287054
843783750
844067762
844813179
845209742
845388996
845515026
845800092
846036341
846080523
846083768
846492939
847283573
847530395
847537367
847676061
847699549
847897038
848605580
849487774
850009621
850048585
850103417
850187233
850648244
851009442
851262689
851458890
851520409
851585800
851788860
851862231
852056753
852148688
852298138
852342688
852624889
852742271
852876193
852906184
853618610
854468069
854681124
854823857
854971819
855051709
855137995
855237787
855549291
855981263
856070386
856902053
857264053
857330073
858162535
858284698
858753557
858789216
858891636
859237918
859279663
859361815
859376710
860426578
860485834
861307401
861417922
861466276
861583359
861809646
862118520
863817305
864199267
864678350
864749985
866272917
867195093
867429745
867772469
868220275
868902380
869096672
869129364
869304690
870083652
870203343
870368064
870799824
871170952
871283025
871797807
872229259
872926039
873157183
873426156
873666711
873818743
874404439
874577266
874883737
875598270
875735421
876425841
876512867
876629663
876664616
876682918
876876272
876996395
877408722
878077617
878483559
878655983
878936963
878958106
879343574
879388328
879770240
879848295
880016010
880724722
880917605
880921662
881735960
883030864
883480528
883591762
884143023
884171387
886764630
886773588
887056909
887251640
887272394
887318593
887388826
887651445
887693319
887974774
888520477
888769909
888918883
890423196
890492900
890851304
890860150
890975120
891091711
891114300
891233242
891311811
891989165
892467747
892533907
892764130
893755830
894422592
894918443
895310606
896117264
896274279
896627866
896657333
896995638
897027089
897987193
898017729
898183765
898729370
898879869
899100356
899739288
899815687
900138849
900632156
900648713
900702158
900774630
900862219
901227601
901523263
901755201
902650347
902805768
902992870
903247980
904685776
904807184
905441971
905636687
905725493
905915410
906139561
906172989
906278665
906613310
906721795
906776723
906845806
906867994
906913604
907229858
907367807
907650560
907843445
908285856
908625171
908793472
908925550
909067285
909177044
909800257
910091208
910419074
910875510
910970745
911246485
911290365
911329687
911432868
911766992
912218793
912655855
913468578
913637644
914019495
914045935
914226617
914291556
914484872
914585407
914750872
915763531
916033394
916153718
916291528
916364257
916559720
917150771
917153320
917190113
917483284
917527545
917759165
917983992
918230698
919601655
919843378
920048851
920524143
920675654
920758608
921775291
922105149
922175077
922288712
922716961
922879181
923428817
924372728
925018436
925391712
925559272
925781413
925788561
925823519
925912859
926480532
927403797
927642966
927931625
928265280
929147963
929376346
930061912
930324457
930410907
930439941
930575538
930637828
931097785
931744364
931760883
931854102
931953689
932186058
933402234
933926365
934013474
934263018
934697745
935111709
935515993
935548114
936471841
936498385
936539920
936797213
937107222
937470740
937479094
937991240
938186131
938413184
938919121
939323325
939549612
939807901
939900802
939986606
941134683
941340806
941615414
941786746
942014813
942266815
942553121
942587317
942640457
942645418
943548974
943554565
944082680
944362217
944917076
944988274
945253505
946068961
946902911
947599777
947817906
948019741
948244410
948461222
948660176
948739587
949154446
949377698
949781629
950166099
950251174
950501615
951307664
951491185
951564541
951793737
952040401
952643463
952697902
953004509
953158488
953496800
954354609
955481756
955541068
955604208
956134520
956503307
957102345
957161956
957259772
957324280
957423360
957879243
957965318
958685023
958900518
959167583
959562166
959803979
960048203
960278532
960893232
960991305
961153691
961292236
961373877
961631752
962355148
962358701
962542460
962555422
962820414
963003964
963439087
963517138
963718477
963740274
963878464
964018543
964093998
964253337
964800484
964827632
965144228
965243161
965279485
965302880
965309907
966901316
966989043
967398667
967411270
967483621
967608001
968305018
968553047
969143860
970033873
970477730
970562871
970820301
971425244
971459256
971948475
972140837
972289995
972830794
973032317
973258078
973333129
973663534
973960362
973965706
974139805
974420206
974633510
975366361
975752640
975878230
976155642
976197104
976293668
976512403
976863492
977042029
977333785
977462627
977667350
977999270
978230380
978825240
978860714
980542630
980794024
981127182
981280346
981291124
981396188
981890760
981896342
982955112
983411321
983433874
983453835
984100378
984367884
984451608
985087388
985473467
985824509
985951729
986469712
986648311
986842100
987006004
987213589
988247117
988877943
989257277
989306838
989814560
989976233
990035801
990334687
990346118
990404655
990537613
990672295
990876213
991436037
991584338
992617082
992717623
993138703
993656847
993755563
993844029
993956012
993983913
994565656
995054586
995640072
995966062
996124174
996258426
997939531
998308691
998418203
998528238
998601985
999133714
999469837
999703526
1000140093
1000248479
1000493912
1000735010
1000762240
1000998171
1001437254
1001481026
1001817528
1002050981
1002297761
1002408203
1002576375
1003420583
1003653064
1003958439
1004054243
1004359950
1004743824
1004783418
1005344646
1005373393
1005631556
1005987958
1006750552
1006916474
1007497298
1007602246
1008010450
1008398487
1008595648
1008674525
1010493263
1010495655
1011947209
1012250147
1012265098
1012462109
1012984197
1013015570
1013623346
1014022983
1014202687
1014326779
1014599050
1014719804
1014765577
1015037815
1015335066
1015494654
1015683986
1015919203
1016015379
1016279681
1016858054
1016896552
1016998326
1017618162
1018583388
1018943651
1019137491
1019248708
1019326648
1021496503
1021859356
1022026941
1022694629
1023619785
1024004450
1024199741
1024907424
1024985150
1025471429
1025851671
1026260864
1026458029
1026878791
1027231773
1029197747
1029503118
1029742708
1030020010
1031004597
1031372575
1031483546
1031607117
1031641923
1031826239
1032068171
1032315915
1032469998
1032685035
1033014713
1033173014
1033227701
1033393301
1033883502
1034191925
1034311571
1034389193
1034543138
1034842680
1035035214
1035089795
1035434478
1035531942
1035773623
1036092738
1036288762
1036395943
1036741954
1036748721
1036749350
1036773300
1037390427
1037664127
1038064356
1038195279
1039358402
1039378237
1039608687
1039660323
1039943970
1041202466
1041484651
1042573035
1043087125
1043182776
1043208612
1043457694
1043642264
1044138613
1044335574
1044628139
1044670294
1045155353
1045772490
1046146690
1046764833
1046816780
1046970082
1047178455
1047297179
1047363430
1048048072
1048245260
1048761154
1049206584
1049348581
1049635082
1050215640
1050724831
1051568744
1051771439
1052235252
1052607826
1052705018
1052856101
1052931008
1054038428
1054550725
1055692927
1055741521
1056463913
1056723099
1057181304
1057428736
1057630687
1057944873
1058125240
1058185306
1058925364
1059178770
1059282117
1059369112
1059413843
1059996827
1060059927
1060208540
1061011021
1061052934
1061133612
1061585499
1061686960
1062400958
1062573086
1062884963
1063314181
1063353719
1064557190
1064595817
1064897815
1064903916
1064966532
1065271650
1065333650
1065650494
1065901353
1065915128
1066690130
1067287378
1067928467
1068349820
1068407068
1068811008
1068820667
1069396525
1069526476
1070042410
1070410713
1070447389
1070673727
1070828296
1070904383
1071116451
1071281686
1071782305
1071891866
1073603536
1073820750
1073825835
1074204751
1074639774
1074686944
1074913518
1075201831
1075655407
1075949283
1076276797
1076572139
1076798921
1077028902
1077341479
1077953648
1078737337
1079143947
1079269600
1079339061
1079532539
1079546062
1080297732
1080591796
1080885160
1080967673
1081212931
1081525266
1081724713
1081851370
1082212878
1082244030
1082462358
1083419270
1083659608
1084395125
1085113021
1085338258
1086326809
1086352944
1086846103
1087219408
1087276379
1087396071
1087539844
1088139626
1088871936
1088924938
1089081611
1089170272
1089212807
1089240014
1089250060
1089341886
1089805710
1089976927
1090315594
1090338785
1090386266
1091742348
1091832301
1091909877
1092231855
1092637215
1092837110
1093005128
1093080328
1093297640
1093384102
1093613015
1093802422
1093992475
1093992645
1094397125
1094433817
1094705621
1094786504
1094931458
1095029586
1095032094
1095321801
1095808406
1095944896
1096181591
1096271448
1096479057
1097428685
1098016490
1098172981
1098592131
1098743984
1099119751
1099520492
1099924324
1099968780
1100032319
1100148748
1100545182
1100608926
1100690013
1100808475
1101272933
1101557916
1101821849
1101848149
1101880942
1101969802
1102353882
1103886708
1103924097
1104274150
1104294979
1105278384
1105308270
1105580912
1105754602
1105985236
1106517928
1107032043
1107351225
1107692300
1107986409
1108206602
1108451720
1108594908
1108731561
1108834896
1109016942
1109458151
1110249193
1110414088
1110443821
1110745356
1111575471
1111759014
1111952438
1111958841
1112257105
1112299321
1112383571
1112823619
1113346413
1113837888
1114004103
1114557531
1114611211
1115276366
1116030125
1116619023
1116669041
1117285214
1117831685
1118241201
1118319081
1118442366
1118623295
1119273484
1119794138
1119931062
1119951278
1119998384
1120292290
1120610941
1121183131
1121651544
1122523480
1122749901
1122979312
1122992567
1123315717
1124250391
1124693066
1124815586
1125597121
1125647021
1125704321
1125706342
1125740302
1125811506
1125866934
1125922158
1126188604
1126619762
1126645022
1127390316
1127520556
1127804522
1128039935
1128082649
1128533334
1128726830
1128788598
1128799487
1129109450
1129225234
1130668176
1130766698
1131735203
1132406710
1132925821
1133037168
1133279735
1133381400
1133809926
1133955793
1134149232
1134201614
1134219585
1134347055
1134384421
1134393808
1134958866
1135073446
1135511525
1135550388
1135751983
1135861896
1135956408
1136041425
1136388285
1136506230
1136874685
1137574117
1137807768
1137852564
1137904647
1137946782
1138100293
1138281220
1138435727
1138439587
1139031101
1139042344
1139343113
1139400235
1139797030
1140079018
1140153985
1140856170
1141343615
1141935829
1142288387
1142545565
1143085683
1143407202
1143705798
1143768063
1143880569
1144310895
1144424461
1144586087
1144857145
1145025119
1145081593
1145330899
1145543598
1145788140
1145965967
1146183198
1146244059
1146839780
1147104554
1147441759
1147499216
1147500088
1147738153
1147758032
1147898265
1148105799
1148666498
1149008820
1149009553
1149145499
1149360370
1149409776
1149454369
1149624734
1149631401
1149893860
1150134850
1150160152
1150283815
1150402240
1150855124
1151133497
1151437751
1151632174
1151725646
1151836945
1152488745
1152507574
1152531640
1152821029
1153548880
1153609924
1153813476
1153871263
1154523814
1155011566
1155623056
1155710772
1155780558
1156380681
1156874899
1157288123
1157597824
1157778540
1157907174
1157911700
1157993068
1158563169
1158820446
1159110505
1159196144
1159803325
1160072989
1160256040
1160429970
1161703584
1161894064
1162276783
1162766299
1163245653
1163439923
1163477049
1163573405
1164223098
1164478701
1164684964
1164736385
1164832322
1164987213
1165307245
1165333138
1165804114
1166615886
1166929865
1167562665
1168165629
1168231313
1168556319
1168706840
1168776191
1169171037
1170243293
1170331241
1172883699
1173622139
1174041590
1174064606
1174322550
1174397764
1174745189
1174937909
1175010663
1175864499
1175886623
1176048136
1176192760
1176921209
1176972554
1177506391
1177749712
1178433765
1179090183
1179585432
1179729025
1179860950
1179910433
1180136240
1181329689
1181457655
1181657726
1181740762
1182305719
1182467417
1182631415
1182648391
1183033060
1183130172
1183249722
1183553742
1183677845
1184422396
1184596586
1184866281
1184986500
1185268512
1185723850
1186296672
1186499323
1186638953
1186646084
1186653126
1186831583
1187378823
1187669017
1187796038
1188098238
1188894457
1188904104
1189035811
1189628900
1190123938
1190422092
1190818634
1190980898
1191094430
1191533086
1191592572
1192032629
1192618617
1192710803
1192943555
1193407022
1193430992
1193482163
1193482529
1193626685
1193645815
1194215543
1194444664
1194785124
1194991279
1195260818
1195318894
1195762498
1196094051
1196194756
1196248141
1196315996
1196660257
1196696380
1196712386
1196906524
1197000704
1197004021
1197083283
1197191944
1197412029
1197574389
1197608513
1198010008
1198019823
1198207776
1198341915
1198398345
1198410935
1198843215
1198945049
1199813425
1200497225
1200855879
1202088420
1202247906
1202470829
1202485759
1202686265
1202691596
1203257404
1203538499
1203571468
1204888073
1205002025
1205316458
1206319668
1206414985
1206707995
1206713189
1207121594
1207224677
1207515459
1208338688
1209207309
1209325595
1209415266
1209448495
1210464305
1210598700
1210684412
1210919082
1211055045
1211056546
1211275142
1211633547
1211708298
1211734960
1212139479
1212231744
1212316287
1212923624
1213238326
1213470262
1213715037
1214126003
1214542081
1214569163
1214937568
1214962711
1215457186
1215640094
1217856997
1218323571
1218806689
1218883358
1219225084
1219250360
1219917227
1221104668
1221506420
1221847024
1222843608
1223078376
1223199306
1223369110
1224107136
1224216348
1224676374
1224903928
1224990354
1225029861
1225351341
1225896967
1227332274
1227918471
1227966884
1228011221
1228373274
1228862770
1229831161
1230501081
1230886903
1231334241
1231681353
1232037813
1232046595
1232306142
1233170029
1233237653
1234667583
1234749835
1234844682
1234984195
1235098976
1235329146
1236119039
1236343905
1236937816
1237256153
1237457778
1237488405
1238016161
1238045244
1239056001
1239208428
1239411471
1239479433
1239594245
1240019524
1240397029
1240604359
1240912407
1241087650
1241319018
1241364976
1241424224
1242235017
1242518490
1242869072
1242930406
1243124847
1244537910
1245278406
1245344062
1245638869
1245951529
1245995380
1246097432
1246717780
1247583879
1247585210
1247934477
1248599279
1248838429
1248950962
1249128761
1249326919
1249530979
1249658678
1249794658
1249918510
1250508823
1250602524
1250748126
1251057666
1251327754
1251618547
1251787742
1252018225
1252107753
1252493008
1252601257
1253186780
1253215694
1253267525
1253725441
1253876872
1254231882
1254271908
1254356872
1254397898
1254554913
1254693275
1254861197
1254914287
1255834829
1256292080
1256301852
1256308101
1256786695
1257014104
1257433385
1257588510
1257823011
1258005657
1258208978
1258626284
1259150065
1259547184
1259730598
1260021076
1260158953
1260240914
1260391886
1261559561
1261866018
1261915430
1262160883
1262331771
1262434622
1262537544
1262557968
1262978523
1263024102
1263708969
1263758691
1263763172
1263765236
1263971742
1264583514
1265017241
1265177547
1265279849
1265290418
1265556528
1266397843
1266811751
1267153052
1267541393
1267786568
1268473384
1268567885
1268708564
1269159768
1269438772
1269514489
1269871961
1269908977
1269993913
1270210381
1270348039
1270936773
1271449300
1271459073
1271512650
1271623550
1271754138
1271982949
1272304659
1272437684
1272680435
1272965211
1273050394
1273120879
1273210538
1273753299
1274412059
1274752174
1275463611
1276051810
1276402651
1276644741
1277056207
1277305691
1277410997
1277727706
1277824184
1279557704
1279918499
1280085494
1280227230
1280327494
1280445700
1280775454
1280864965
1281378493
1281637573
1281810322
1282129524
1282396471
1283983936
1284770917
1284821433
1284830400
1284876537
1285142272
1287301246
1287332760
1287470523
1287748897
1287972110
1288693228
1288924419
1289361000
1289554083
1289631090
1289792638
1289827734
1289907471
1290047272
1290062848
1290433744
1290751618
1290811564
1290949850
1291137986
1291162006
1291596222
1291700771
1291753716
1291812725
1291849006
1292313355
1292610732
1293938984
1294063923
1294093557
1294422302
1294548760
1295420608
1297079565
1297081106
1297146508
1297459413
1297762050
1298077444
1298256677
1298329496
1299520593
1299789443
1300492447
1300537058
1301110755
1301366000
1301815103
1301982568
1302426975
1302819952
1303011005
1303178257
1303240124
1303588497
1303902303
1303942056
1304328145
1304625544
1304852010
1304882709
1304958111
1305434632
1305900205
1305975758
1306061962
1306671460
1306696282
1306761180
1307109380
1307639467
1307642045
1307680642
1307831646
1307942638
1308372994
1309375403
1310000098
1310069123
1311382986
1311438537
1311463260
1311728820
1313824582
1314512443
1314535554
1314687929
1314729265
1314825912
1314875190
1315613816
1315806685
1315872367
1316001487
1316058127
1316075418
1316210004
1316523267
1316619309
1316766034
1316813985
1317228815
1317585366
1317779562
1317848693
1318450379
1318983175
1319379745
1319444049
1319934041
1320158854
1320715141
1320804358
1321117988
1321275789
1321643038
1321703357
1321842144
1321865114
1322188206
1322340849
1323321489
1323456833
1324749578
1324947923
1325433171
1325959740
1326319235
1327673090
1327699892
1328262488
1328464196
1328787070
1328797909
1328956131
1329056881
1329123463
1329349318
1329752699
1329935769
1330173321
1330340290
1330446252
1330556913
1331363651
1331744004
1331851000
1332751985
1332777085
1332808204
1333147557
1333186002
1333580470
1334037673
1334166827
1334473469
1334578141
1334726790
1335972078
1336385294
1336762793
1336803194
1337394927
1337882227
1338409890
1338442817
1338530386
1339118677
1339151607
1339390217
1339440086
1339556591
1339571039
1339837891
1339870137
1340897188
1340913716
1341029281
1341133558
1341693345
1341797676
1341974606
1342027673
1342041733
1342717405
1342940062
1343013879
1343510248
1343852161
1344277784
1344304209
1344490071
1344642490
1344699398
1345219741
1345230648
1345342044
1345474771
1345483767
1345592854
1346093237
1346300148
1347067631
1347262678
1347290075
1348143496
1348452306
1348972574
1349751984
1350458328
1350517502
1351301227
1351346293
1351753109
1351794604
1352484074
1352610948
1352765272
1353018403
1353121397
1353390646
1353724925
1353906832
1354012049
1354031412
1354374366
1354467585
1355154586
1355277147
1355291501
1355550520
1355569412
1355921184
1356139635
1356561681
1356686434
1356817468
1357761600
1357809108
1358111436
1358143757
1358276627
1359239075
1359395979
1359586575
1360702167
1361916493
1361970476
1362004309
1362049550
1362420565
1362722550
1363278982
1363389408
1363407161
1364441612
1364511013
1365138827
1365256177
1366125175
1366813319
1367172880
1367289955
1367538216
1367860088
1367915328
1368458534
1368646128
1368695395
1368888466
1369298278
1369774440
1369834123
1369928243
1370392171
1370547242
1371217829
1371468807
1371473668
1372624676
1372675397
1372700258
1372908616
1373394352
1374568645
1374674923
1374857806
1374928544
1375201798
1376143708
1376223103
1376363983
1376527633
1376957507
1377197572
1377199055
1377276657
1377374291
1377621513
1378190954
1378590369
1379218934
1379267526
1379341463
1379580613
1379662900
1380269005
1381137605
1381218538
1381268074
1381511947
1381793207
1383586586
1383795887
1384117180
1384421479
1384551502
1384559974
1385303469
1385632651
1386317313
1386769975
1387259151
1387317899
1387454890
1387627470
1387996037
1388066077
1388408609
1388704876
1389019214
1389474547
1389701612
1389792364
1390662100
1390995305
1391262054
1391325254
1391465452
1391801764
1392228480
1392652097
1392652759
1392843109
1392993689
1392993888
1393486843
1393665248
1393678215
1393706202
1394503134
1394744357
1394748482
1395238862
1395321018
1395669892
1396110392
1396201567
1396251904
1396334856
1396492851
1396663590
1397199926
1397215992
1397467584
1397812621
1397937124
1398041357
1398219990
1398220610
1398653008
1398726678
1399271606
1400126136
1400276847
1400673664
1400726472
1401394524
1401854018
1401885905
1401992072
1402623440
1402721950
1403784011
1404050536
1404334243
1404514703
1404706817
1405041398
1405063120
1406065855
1406298541
1406950912
1407840561
1407863979
1408228506
1408263591
1408422118
1408461914
1408817837
1408988503
1409144359
1409174390
1409264503
1410267727
1410345670
1410753906
1410878869
1410918855
1410959691
1411087317
1411398473
1411954892
1412213126
1412635266
1412742269
1412911222
1413088513
1413932321
1414352668
1414356386
1414499043
1415125103
1415287765
1415329020
1415630421
1415979206
1416046245
1416453403
1416888189
1416959465
1417083712
1417204600
1417337144
1417393794
1417524178
1417580067
1418294433
1418819742
1419657813
1419807213
1419911593
1419923657
1419944341
1420129780
1420146767
1420157492
1420405660
1420483390
1420804703
1421365046
1421449719
1421549192
1422038093
1422506422
1422696711
1423378439
1423499288
1423626697
1424571799
1424654459
1425259981
1425323785
1425393063
1426264607
1426477392
1426508177
1427163746
1427433760
1427489633
1427534469
1427765041
1427925767
1428135908
1428346690
1429944624
1430332629
1430515681
1430584780
1431432719
1431721596
1431817549
1431976707
1432091709
1432504231
1432602265
1432717314
1432865784
1432903805
1433407063
1433639198
1434143515
1434458953
1434749121
1435128407
1435159730
1435187307
1435835491
1435892784
1436223942
1436667270
1437107848
1437215324
1437351268
1437676286
1437987632
1438689746
1438714972
1438937358
1439128686
1439203537
1439430305
1440344194
1440353782
1440516184
1440693592
1440988966
1441270686
1441711430
1441886023
1442115294
1442258093
1442309538
1442552584
1443279700
1444178727
1444695191
1444800622
1444819123
1445278553
1445511117
1445587543
1445844661
1445943504
1445950760
1445985948
1446060532
1446193867
1446538588
1446824201
1446892071
1446969506
1447282354
1447859907
1447928446
1449124084
1449337676
1449414264
1449738586
1449779377
1449845413
1449860195
1449947750
1450080928
1450342417
1450694385
1450723209
1450999564
1451240566
1452108775
1452323545
1452642612
1452741663
1453278609
1453489804
1453537364
1454042557
1454105350
1454236279
1454325358
1454481479
1455039845
1455079149
1455145128
1455213407
1455573738
1455690641
1455794773
1455842310
1455852283
1456353798
1456784006
1456791163
1456809396
1457762320
1457909548
1457916587
1458129690
1458172974
1458392837
1458454291
1458662755
1459509882
1459549190
1459593140
1459638592
1459739852
1460070080
1460136352
1460442136
1460873877
1461225104
1461349791
1461517813
1461641399
1461956330
1462025161
1462100972
1462400009
1462427786
1462474230
1462820535
1463112721
1463161476
1463459872
1463885241
1464565889
1465002503
1465922766
1466027809
1466065141
1466104838
1466171272
1466481421
1466641271
1467781716
1467948158
1467961752
1468090599
1468565928
1469277881
1469686621
1469696633
1470098914
1470142836
1470297117
1470497318
1470644700
1471616519
1471698149
1471899767
1472076140
1472229539
1472244140
1473018847
1473185957
1473594330
1474459628
1474463417
1475195817
1475891714
1476003308
1476083092
1476187058
1476549561
1476825773
1477122256
1477618847
1477634085
1477660801
1477683867
1477956136
1477961228
1478293442
1478796793
1479548684
1479672767
1480698715
1480742258
1480904470
1480944028
1480957366
1481906109
1482056019
1482179057
1482187706
1482209449
1482267072
1483090980
1483620402
1484323652
1484745519
1484812329
1485032930
1485404611
1485412449
1486015325
1486132738
1486266896
1486293526
1486616582
1487311588
1487636540
1487914221
1488335718
1489049355
1489152466
1489262549
1489536253
1489972057
1490294487
1490419972
1490562689
1491156736
1491168175
1491939514
1492323085
1492968827
1492974416
1493345929
1493394982
1493591866
1494081576
1495885941
1495965004
1496326268
1497010056
1497397066
1497502572
1497567962
1497940944
1499307113
1499582268
1500149778
1500452456
1500665485
1500879675
1501036099
1501114820
1501436397
1501539446
1502097531
1502926138
1503234234
1503928629
1504966748
1505193264
1505411034
1505943973
1506398543
1506596139
1506648173
1507361118
1507941734
1508740959
1509103930
1509690946
1509737390
1509895970
1510250815
1510482530
1510542902
1510593239
1511185316
1511770374
1513092266
1513292043
1513425032
1513634501
1513641489
1513678910
1514087484
1514325133
1514696150
1515032240
1515480734
1515570255
1515749396
1515856147
1516116720
1516348858
1516619416
1516733687
1516806916
1516903480
1517094388
1517840015
1518385392
1518555478
1518837419
1519269618
1519406648
1519442927
1519889362
1519959346
1520387761
1520775126
1520960421
1521340750
1521499250
1521670493
1521803828
1522294522
1522512984
1522656472
1522663771
1523718073
1523906920
1524169621
1524276150
1524671689
1524768377
1524897502
1524973215
1525792586
1525958984
1525968374
1526146466
1526513390
1527677721
1527714298
1528003605
1528073724
1528249786
1528675533
1529044163
1529251230
1529347070
1529555542
1529677844
1529933437
1530179912
1531226481
1531273791
1531777172
1531912127
1532017422
1532249968
1532449485
1533025239
1533594587
1534772658
1535604516
1535638844
1535824202
1535853892
1536017674
1536046589
1536126841
1536221904
1536378388
1536512607
1536533432
1536685625
1537025474
1537405234
1538132776
1538462133
1538704230
1538725486
1540193963
1540302107
1540310594
1540373587
1540510594
1540878561
1540899884
1540919232
1543701314
1543738877
1543915249
1544404828
1545090270
1545544190
1545633462
1545750771
1546135060
1546727112
1547126438
1547647328
1548782572
1549266777
1549549453
1549576073
1549576102
1549827749
1549873595
1550284779
1550527577
1550661383
1550987076
1552146490
1553010958
1553146054
1553219769
1553453061
1553748636
1554199967
1554314662
1554371619
1554811041
1555265176
1555276489
1555588555
1555616234
1555942421
1556056359
1556268075
1556753063
1557002114
1557022785
1557199072
1557265422
1557305908
1557332433
1558443999
1558517486
1558786532
1558916289
1559034244
1560371364
1560648551
1561877936
1561896540
1563183516
1563197519
1563228922
1563572276
1563714598
1563937499
1564173832
1564395370
1565310196
1566686899
1566984052
1567246367
1568125854
1568412058
1568428290
1568831877
1569281460
1569588049
1569751620
1569901613
1570016274
1570249462
1570483160
1570633530
1570678454
1570880706
1570996383
1571091403
1571393308
1571419386
1572141467
1572186632
1572957425
1573029133
1573500888
1573811283
1573980067
1574531456
1574776754
1574838790
1575132358
1575490730
1575833243
1575962893
1576243245
1576249389
1576290564
1576365025
1576505490
1576925332
1577061179
1577220938
1577604740
1578249090
1578320583
1578674206
1579254269
1580159207
1580274829
1580745732
1581162825
1581291550
1581530350
1582063149
1582181264
1582280145
1582450223
1583044962
1583926789
1583933140
1584086968
1584095531
1584197937
1584583621
1585257738
1585814575
1586341648
1586356413
1586663381
1586830814
1586921618
1587248660
1587426912
1587475209
1587805338
1588011469
1588276886
1588542238
1588684058
1589811651
1589882532
1590201446
1590810574
1590828467
1592640976
1592847316
1592860847
1592862515
1593001450
1593027487
1593249472
1593365724
1593453364
1593500513
1594023653
1594440233
1594780758
1595129272
1595152377
1595817795
1596764571
1597007276
1598174137
1598374701
1598866548
1599046822
1599608065
1599872110
1599904907
1600235573
1600768519
1600784240
1601207889
1601457901
1601709519
1602751099
1603191031
1603467726
1603620687
1603661689
1603753645
1603776128
1604048532
1605011766
1605300332
1605378026
1605814958
1606180508
1606220214
1606427646
1606550293
1607058103
1607702631
1608064106
1608512864
1608789705
1608961553
1608993860
1609054206
1609830195
1610398630
1611256435
1611278678
1611308235
1611386732
1611766479
1611940825
1612218437
1613110107
1613249121
1613663824
1614044797
1615030504
1615091449
1615276942
1615502799
1615823553
1616119352
1616133183
1616301139
1616580976
1617358488
1617593237
1617885737
1617917576
1618045844
1619332516
1619710884
1619750027
1619961906
1620037971
1620146472
1620294866
1620507984
1621498090
1621573476
1621629254
1621821246
1621833616
1622592654
1622789620
1622883175
1622997546
1623102939
1623142296
1623758284
1623820497
1624147882
1624361894
1624410786
1624695017
1624730314
1624837664
1624962117
1626806125
1627031609
1627347468
1628372645
1628456826
1628776010
1628842370
1629262736
1629343687
1629475276
1629611158
1629927334
1630145971
1630224933
1630364986
1630626276
1630753725
1631152666
1632062256
1632081343
1632262904
1632336876
1632454206
1632674228
1632810567
1633154240
1633453686
1633609750
1633966868
1635245421
1636058701
1636059503
1636375963
1636398401
1636650366
1636673723
1636776628
1637354596
1637517003
1637840984
1637851295
1637916348
1638962131
1639150018
1639185961
1639640482
1639968266
1639989687
1640403941
1640437324
1640687398
1640736541
1640954125
1641529828
1641587604
1643085869
1643436034
1643826532
1644878144
1645196113
1645277988
1645359622
1645494213
1646642494
1646868759
1647068162
1647450466
1647898250
1648251590
1648307064
1648709154
1648909204
1649311352
1649356099
1649584186
1649644856
1649747665
1650363036
1650604932
1650777719
1650837924
1650944725
1651312441
1651411367
1651522494
1652074593
1652097448
1652150883
1652245481
1652330623
1652644631
1652807746
1652873975
1653099061
1653300656
1653402606
1653455226
1653590680
1654067704
1654251354
1654487688
1655000763
1655514891
1655743968
1655861946
1655992216
1656010282
1656056428
1656121747
1656151679
1656431558
1656588300
1656607987
1656755185
1657062170
1657163968
1657276314
1657611319
1659089169
1659246322
1660594530
1660622024
1661669784
1662667475
1662702912
1663098853
1663277770
1663771743
1663831278
1663835050
1664414078
1664705183
1664969360
1665870525
1666730700
1666760303
1666797777
1666815321
1666974276
1667395205
1667584970
1668076825
1668310784
1668363708
1668616117
1668659517
1668744493
1669188629
1669217927
1669463332
1669525759
1669793572
1670187451
1670339827
1670745822
1670754912
1670966685
1671125759
1671194921
1671238476
1671325429
1671781250
1672464285
1673141983
1673496159
1673959370
1674130755
1674236532
1674476011
1676030214
1676254913
1676637637
1676723512
1676725402
1676827504
1676841438
1676968810
1676976045
1677033122
1677563722
1677907980
1678156800
1678310074
1678406607
1678852190
1679653222
1679991549
1681654019
1682288998
1682383485
1682679312
1682791841
1682831509
1683322586
1683362192
1683494618
1683972664
1684273950
1684294701
1684493155
1684514237
1684810052
1684951184
1684957777
1685107207
1685307800
1685487579
1685558451
1685594217
1686229235
1686697288
1687192345
1687961402
1688309014
1688536980
1688789922
1689116771
1689407805
1689622839
1690353487
1690452241
1690517378
1691278476
1692512362
1692763447
1693560223
1693931617
1695275176
1695321300
1695805173
1695935849
1696075679
1696195222
1697079152
1697173334
1697225885
1697292122
1697321778
1697422995
1697532231
1697708365
1697739253
1697818170
1698335129
1698367207
1698453908
1698474361
1698676573
1698690745
1698758148
1699120440
1699224864
1699829222
1699853373
1699989030
1700787246
1700838444
1701409463
1701624872
1701934389
1702156853
1702289784
1702540603
1702713485
1702898785
1703131660
1703159127
1703553475
1703643371
1704097652
1704113706
1704209436
1704267020
1704330274
1704656672
1705430601
1705446531
1705672115
1706513831
1706596688
1706657301
1706902276
1706926018
1707282705
1707712770
1707761311
1707840640
1708360992
1708529070
1709379360
1709838955
1710233803
1710503014
1710599436
1710874133
1712324031
1712330106
1712528884
1712646239
1712861799
1713127286
1713404310
1713529885
1713875396
1714781466
1715454615
1716157161
1716263824
1716437030
1716693466
1718572456
1719059534
1719250083
1719450000
1719892310
1720403813
1720544589
1720930791
1721211805
1721737734
1722102333
1722200662
1722276948
1722399997
1722709364
1722720976
1723067305
1723315620
1724753140
1724776798
1724864762
1725800353
1725828653
1725897891
1725997741
1726160557
1726387247
1726469045
1726746285
1727120457
1727177170
1727268237
1727368163
1727973606
1728561603
1729376867
1729827900
1729928264
1729955206
1730059102
1730510426
1730663385
1731089416
1731482950
1731568908
1731737039
1731801380
1732180798
1732186667
1732210444
1732810950
1733048373
1733115277
1733430280
1733534529
1734007023
1734033509
1734707642
1734874926
1734954179
1735138272
1735371662
1735589486
1735632109
1735887725
1736410279
1736879913
1737253013
1737334565
1737719753
1737795893
1738001187
1738082061
1738936307
1739466173
1739563892
1740502030
1741502097
1741916553
1742124560
1742632393
1742893998
1742958521
1743007443
1744055733
1744900648
1746029625
1746289531
1746578625
1746826462
1746943487
1747386824
1747765484
1748410881
1748423100
1748935031
1749104868
1749969653
1749998285
1750211181
1750367817
1750728335
1751435342
1751515577
1751609671
1751982451
1752157484
1752302701
1752783556
1753161769
1753320569
1753678109
1753724966
1753741993
1753961502
1754150629
1754556954
1754756139
1755158474
1755402938
1755742349
1755808282
1756815313
1758147916
1758741527
1758816977
1759252261
1759253988
1759289254
1759459558
1759485932
1759845324
1760254115
1760471243
1761301221
1761376944
1761409832
1761421689
1761439554
1761504582
1762719176
1762866558
1763093527
1763410957
1763571958
1763763987
1763791038
1764540377
1764644454
1764730355
1765086747
1766153723
1766311205
1766626301
1766751569
1766814102
1767011628
1767169828
1767596326
1767730955
1768543140
1768651256
1768663247
1768756872
1768989017
1769290551
1769482498
1770386437
1770730688
1770732661
1771498640
1771662943
1771676702
1771873751
1771913636
1771957055
1771995291
1772039145
1772514636
1773248881
1773642522
1773857646
1773893943
1773955208
1773961016
1773962296
1774026563
1774476556
1774535940
1774712591
1775607596
1776644583
1777225462
1777626729
1777774572
1777899425
1778494666
1778822048
1779025954
1779114141
1779323255
1780290082
1780403073
1780467541
1780880831
1781352532
1781599196
1781731573
1782378176
1782797303
1782984830
1783393435
1783992044
1784255789
1784473553
1784474901
1785118912
1785392296
1785434957
1785532613
1785567456
1785821231
1786434828
1787276299
1787430165
1787437808
1787809501
1788204427
1788274666
1788385593
1788543030
1789563641
1789892294
1790239885
1790620758
1791634879
1791971728
1792264183
1792450086
1792654900
1793232896
1793257196
1793657135
1794968084
1795159040
1795225032
1795501061
1795627258
1795656583
1795765486
1796055054
1796608225
1797031566
1797037983
1797173281
1797775672
1797802896
1798152328
1798187352
1798378054
1798503411
1798544798
1798595441
1798639860
1798651834
1798727918
1799674001
1800299555
1800454823
1800878885
1801501300
1801567880
1802296426
1802382304
1802539818
1802905023
1803240274
1804252313
1804310903
1804381973
1804431191
1804497326
1805134465
1805585804
1805600434
1805837792
1806076316
1806121047
1806465045
1806822816
1807558064
1807567049
1808092662
1808399442
1808422535
1808425142
1808457337
1808861445
1809068646
1809803372
1809892424
1809949564
1810030459
1810082525
1810450273
1810605188
1810665578
1810692384
1811873374
1812001170
1812043151
1812344197
1812675411
1812689115
1812878058
1813328216
1813422225
1813483768
1813789694
1813949136
1813975919
1814877249
1815314930
1815383544
1815409928
1815753348
1816531208
1816664036
1816962851
1817108345
1817161847
1817200919
1817598657
1818253967
1818639792
1819327649
1819471642
1819940406
1820015296
1820209021
1820216743
1820517015
1820672558
1820804893
1821011749
1821387368
1822346503
1822536213
1822615905
1822670146
1822800941
1823224285
1823601856
1823995663
1824027302
1824087222
1824587281
1825514643
1825693183
1825857091
1826668864
1826761474
1827037630
1827299015
1827464720
1827488268
1827576027
1827649371
1828008179
1828125606
1828160362
1828816811
1828992055
1829027298
1829216076
1829218030
1829246068
1829715767
1829906240
1830130198
1830259682
1830661508
1830773996
1831075080
1831077646
1831083410
1831486157
1832261416
1833428102
1833980418
1834301501
1834385650
1835516974
1835551747
1835691146
1835879519
1837151797
1837329389
1837471084
1837548396
1837851271
1838505654
1838567567
1839726259
1840040267
1840222588
1841302416
1842184275
1842260544
1842694063
1842948663
1843648566
1843938536
1844384916
1844479503
1844926812
1845686414
1845865489
1846069780
1846274098
1846369044
1846594127
1846594380
1846940041
1847008885
1847411814
1847678026
1847734338
1847969377
1848052627
1848290561
1848867439
1849668465
1850251920
1850543829
1850801770
1850864592
1851010106
1851124223
1851373522
1851399434
1851850721
1851881752
1852030356
1852033895
1852144579
1852202537
1852630496
1853410910
1853650461
1853900152
1854423989
1854446712
1855185784
1855480957
1855497023
1855800621
1855889826
1855900231
1856362429
1856855816
1856866545
1856922748
1856976925
1857481193
1858271136
1858297920
1859026785
1859506576
1859856183
1859864872
1860860490
1861069934
1861139536
1861473692
1861729544
1861925816
1862116859
1862360949
1862417147
1862808358
1863100600
1863920412
1863922610
1864689914
1865065317
1865228444
1865519737
1865827883
1866472763
1866855303
1866859354
1867198737
1867308764
1868029201
1868880007
1869084761
1869422299
1870336773
1871193053
1871339456
1871815518
1871975848
1872669999
1872988608
1873545085
1873823423
1874307470
1874314822
1874504461
1874723067
1875104135
1875155195
1875418780
1875433680
1875695511
1876294960
1876317035
1876563696
1876958544
1877120220
1877423282
1877515157
1878606461
1878786096
1879100376
1879341018
1879479155
1880326927
1880391244
1880640578
1880691279
1881258103
1881491708
1881552679
1881781649
1882227252
1882843652
1883097517
1883266024
1883388324
1883902832
1884235294
1885359123
1885751612
1885798542
1886187635
1886768852
1886805971
1887284036
1887927563
1888122923
1888169504
1888401432
1888591812
1889171586
1889529934
1889874728
1890003595
1890483825
1890572363
1890604020
1890618241
1890729775
1891043582
1891706268
1891842424
1892196073
1893096336
1893880499
1893957995
1894066912
1894361349
1894682992
1895112135
1895153787
1895572337
1896468329
1896621918
1896748293
1897343937
1897361139
1897703416
1898040497
1898203663
1899344554
1899618982
1899919649
1901718881
1902410237
1902697372
1902789095
1903038817
1903309092
1903341543
1903353239
1904124513
1904325521
1905421826
1905456791
1905480662
1905598951
1905970255
1906066301
1906150690
1906442838
1906782048
1907085594
1907148039
1907193860
1907249067
1907625134
1907664123
1907882231
1907997756
1908128652
1909248568
1909399298
1909743462
1910058816
1910209488
1910427381
1910480632
1910537272
1910959196
1911815852
1912060801
1912308721
1912807039
1912862361
1913054344
1913329752
1913502953
1913769404
1913829264
1914292186
1914364576
1914755923
1914764782
1915016621
1915165002
1915310445
1915721370
1915722801
1915872064
1916031271
1916855250
1917285804
1917421997
1917424328
1917478530
1917685834
1917788570
1917803631
1918310408
1918332730
1918398524
1918796959
1919189157
1919439667
1919464582
1919533801
1919877921
1919996319
1920472264
1920719839
1921797228
1921807396
1922219663
1922219691
1922233146
1922752044
1923282226
1923429204
1923545541
1923908831
1923998333
1924450062
1924601597
1924734391
1924955239
1925211783
1925730315
1926149059
1926150361
1926311057
1926398846
1926465807
1926680550
1926731390
1927010371
1928088929
1928114991
1928431843
1929143836
1929915934
1929934417
1930306536
1930643294
1931204755
1931240656
1931747364
1932551788
1932946462
1933656183
1933917453
1933951646
1934185935
1934573573
1934682757
1935008008
1935244398
1935274874
1935813291
1937117682
1937260211
1937859259
1938044122
1938716643
1938777220
1938810897
1938988714
1939356571
1939387907
1939438919
1940264994
1940843260
1940916732
1941567223
1941884875
1942518333
1942784043
1942900611
1942963454
1942994673
1943441906
1943479971
1943636796
1944518956
1944908996
1945825820
1945864265
1945929570
1946098427
1946973170
1947570744
1947738339
1947837053
1948105631
1948592854
1949961598
1951142365
1951518007
1951567522
1951963637
1952426262
1952561986
1953098987
1953216034
1953238479
1953572455
1953628919
1953857730
1954101455
1954142942
1954953436
1955237696
1955505569
1955782461
1955872418
1956280798
1956559580
1957264409
1957286335
1957511252
1958224390
1958525086
1959707423
1959955084
1960255889
1960489560
1960608469
1960897744
1961292387
1962167970
1962248551
1962251607
1962548939
1962600601
1962830984
1962881765
1963172098
1963625525
1964396610
1964413181
1964431289
1965019314
1965068171
1965154370
1965343642
1965352913
1965688606
1965826741
1966055229
1966335448
1966406047
1966445550
1966513955
1967247019
1967320333
1967324503
1968250275
1968304072
1968992980
1969029140
1969116154
1970183824
1970388101
1970577277
1970738635
1970863820
1971128240
1971208814
1971487380
1972228670
1973278073
1973392188
1973745819
1973936938
1974207280
1974775622
1975016457
1975470223
1975520221
1975906266
1976522813
1977064614
1977126701
1977190009
1977235681
1977315618
1977424138
1977521398
1977523229
1977540482
1977547112
1977866751
1978450048
1979161988
1979232712
1979342615
1979551704
1979747302
1980213514
1980310493
1980587115
1980748356
1981528502
1981595640
1982291980
1982430528
1983093674
1983123836
1983243246
1983333260
1983344006
1983767286
1984659615
1985872198
1987015739
1987130385
1987942250
1987981924
1988004839
1988470505
1988582122
1988648334
1988739807
1989428821
1989551926
1989667667
1989804386
1990128949
1990477628
1990530105
1990749501
1990936455
1992055773
1992584440
1992672053
1992894097
1992989426
1993145405
1993217099
1993387847
1993850681
1993985992
1994249406
1994693070
1995693153
1995974792
1996195159
1996269881
1996367008
1996822267
1996912042
1997763972
1997865109
1998021997
1998051874
1998404066
1998611592
1998663371
1998843993
1998997507
1999203075
1999349120
1999528230
1999599591
1999681924
2000164409
2000631021
2001162071
2001427703
2001491530
2001499233
2001505622
2002418242
2002827102
2003119742
2003208014
2004191603
2004236021
2004313985
2004475374
2004647405
2005047751
2005160058
2005490368
2006155925
2006310460
2006770595
2007204040
2007243514
2007448183
2007597848
2008698391
2008764482
2008859417
2009226179
2009251927
2009284648
2009477139
2009560677
2009658276
2010288802
2010564325
2010891835
2010934497
2011266143
2011550212
2011592878
2012082664
2012444179
2013199535
2013351673
2013619967
2014185925
2014639463
2014662008
2015669968
2015961874
2016036547
2016896337
2016989685
2017040492
2017628732
2018268168
2018327835
2018878147
2018972820
2019023806
2019024053
2019030001
2019356171
2020149233
2020501019
2020935464
2021010328
2021049519
2021326258
2021644285
2021788923
2021991205
2022053479
2022267377
2022396504
2022407409
2022647515
2022907186
2023634285
2023823450
2024462912
2024627999
2024863204
2025460162
2025473452
2025596232
2025732334
2025948532
2026063758
2026089554
2026156324
2026238583
2026409009
2026769960
2026808435
2027066870
2027400012
2027856521
2027874706
2028206415
2028239934
2028391443
2028770998
2028920509
2029012564
2029426995
2030075344
2030397945
2031420599
2031451950
2031523251
2031654578
2031839184
2032081974
2032322221
2032612385
2032700847
2032706139
2033141096
2033282655
2033439645
2033448766
2033726798
2033746274
2034285253
2034626671
2034983081
2035296511
2035461075
2036313930
2037229639
2037291685
2037293202
2037461204
2037928221
2037945611
2038783216
2039903096
2040125809
2040186216
2040190756
2040195572
2040903333
2041392814
2041490050
2041552320
2042208665
2042570510
2042959722
2043200232
2043344124
2043635236
2044363859
2044411372
2045034053
2045462495
2045616774
2046103962
2047687494
2048426931
2048496109
2048552098
2048623745
2048704015
2048859759
2049047517
2049352835
2049450929
2049499636
2050642573
2050856098
2050933790
2051352976
2051582599
2051965957
2052749436
2053292821
2053467605
2053582128
2054185061
2055313118
2055705106
2056551059
2056649427
2056911034
2057340728
2057587090
2059001111
2059059717
2059127598
2059177287
2059411726
2059464720
2060133276
2060300133
2060353064
2060368009
2060882588
2061350571
2061537606
2062190425
2062835364
2062838767
2063250812
2063395424
2063553174
2063570816
2064127424
2064295968
2064969658
2065941194
2067499677
2067593257
2067903477
2068024562
2068111961
2068718938
2068855435
2069027784
2069047818
2069514009
2069602863
2069746711
2070199278
2070470201
2070558847
2071708531
2071964034
2072045306
2072223782
2072448770
2072538072
2072587957
2073362115
2073480835
2073574940
2073682484
2073991615
2074140828
2074576646
2074895922
2076104464
2076193104
2076387964
2076455036
2076515812
2076922865
2077233953
2077783343
2077901180
2078630974
2079417447
2079691889
2080085941
2080520845
2080692673
2081012703
2081663182
2081705534
2081803658
2081868139
2081937536
2082044523
2083172297
2083645459
2083991889
2084319580
2085470147
2085560276
2085964441
2086047858
2086206638
2086416422
2086477730
2086971179
2087031261
2087176188
2087508859
2089196562
2089264389
2090605243
2090709613
2090749393
2090928552
2091092513
2092589075
2092881755
2092929214
2094531703
2094586685
2094616968
2094632572
2094639409
2094851160
2094914852
2094947418
2095211782
2095490235
2095524230
2095529155
2095811505
2096142592
2096184256
2096224558
2096267417
2096940850
2097106310
2097370170
2097446143
2098791604
2099472918
2099551537
2099879190
2099925031
2099943669
2100006861
2100121216
2100329733
2100998280
2101140717
2101518543
2102468180
2102986160
2103226435
2103571556
2103948682
2104014045
2104033125
2104057179
2105558286
2105799648
2106175320
2106595884
2106759146
2106817857
2107121132
2107354658
2107745932
2107785353
2108081910
2108203839
2108747092
2109229332
2109363360
2109526151
2109549307
2109774104
2111198431
2111885951
2112146884
2112443961
2112575225
2112999994
2113319409
2113478793
2113799612
2114545537
2114616335
2114996116
2115255678
2115306702
2115654170
2115859391
2116068205
2116159053
2116923925
2117203022
2118655504
2118994871
2119031538
2119538715
2120043688
2120369190
2120759666
2120946066
2121458775
2121549296
2121567434
2121953080
2122540919
2122665591
2123207500
2123367746
2123699925
2125146259
2125577021
2126257571
2126278623
2126328314
2126508138
2126762180
2126812125
2126976836
2127849750
2127930590
2128133177
2128362717
2128402632
2128949483
2129543758
2130289662
2130311964
2130425030
2130717365
2130909561
2130990811
2131054934
2131207789
2131649779
2131880062
2132706373
2133045816
2133046829
2133250423
2135332378
2135468181
2135807273
2136075560
2136666629
2137033346
2137243519
2137270324
2137538961
2137845219
2138141520
2138417233
2138458732
2138846034
2139090726
2139551350
2139605306
2139827187
2139863590
2140461033
2141267545
2142761512
2143045263
2143254560
2143718904
2144685247
2144782609
2145397225
2145460477
2145567777
2145591507
2146002379
2146460266
