405577
659081
1152262
1545604
1572900
1820637
1958136
2751952
3086923
3620946
4702269
4704774
4705913
4977328
5017939
5135443
6614382
6856728
6866803
7322163
7487727
7527503
8341019
8490915
8562186
9167160
9296411
9612112
9747740
9804731
10011576
10293752
10414954
10841278
11490183
11674222
11684573
12049270
12123965
12317524
12502357
12739916
12925111
13433873
13889735
13890684
14076561
14172185
14888193
14905430
14975997
15382916
15435158
15840240
15942709
15986046
16071051
16215663
16353569
16726141
16820900
16839067
16847710
17064761
17378967
18301337
18481048
18494363
18596673
18647629
18698725
19052072
19145821
19510642
19668814
20020391
20168072
20286872
20357332
20587105
20592516
20715688
21821243
22345129
22707036
23244587
23464094
23600885
23624624
23686001
23699108
23993971
24081057
24381900
24529521
24539325
24777855
24821985
24841942
25127507
25511579
25801829
25929773
26042451
26630783
27223315
27282860
27486035
27496439
27550810
27618043
27642167
27693061
27866479
28060482
28112027
28210546
28728618
28903356
29171419
29573775
29593318
29652512
29771111
29902212
30480197
30499646
30931451
31160567
31772189
31828926
32037338
32452023
32716796
33048733
33079083
33453343
33464662
33512993
33709825
33772299
33861782
34074142
34192981
34306965
34453501
34655891
35162612
35277534
35426661
35475195
35773447
35793923
36461431
36602691
36667066
36680852
36854238
37084732
37847947
38738953
38984017
39100429
39129434
39847839
40844183
41075384
41265371
41383261
41551951
41703679
41858555
41920270
42496681
42571060
42647090
42730665
43046789
43354624
43366064
43427666
44336450
44570305
45096976
45440426
45750160
45849773
46147816
46402552
46522907
46651056
47197206
47371384
48455233
48540878
48970742
49156300
49231869
49265262
49432954
49721236
49822455
50026285
50097899
50182294
50348263
50539525
51029079
51334138
51948282
51955102
52461875
52595232
52699061
52955252
53015711
53041761
53411972
53457979
53741448
54046041
54187635
54764160
55006737
55127217
55430379
55512189
55604355
55848333
55906742
56571803
56588263
57116688
57506679
57787288
57820731
58225922
58670865
58783847
58843581
58966915
59026969
59042944
59045581
59103010
59518287
59573426
59645543
60655829
60749508
61160666
61334981
61506822
62044099
62271846
62989526
63346454
63496253
63680297
63950282
64250061
65837766
66700674
67040624
67099422
67137065
67224892
67504809
67755992
68161184
68545244
68657885
68951364
69420025
71180589
71571227
71650308
72519697
72751733
72971289
73364466
73379889
73508544
74239627
74510808
74814103
74873102
74928088
75142507
75142969
75267495
75464745
75499927
76362446
76954897
77026237
77827771
77863350
77953775
78395888
78499730
78501867
78556540
78723138
78809841
79090789
79189539
79398610
79425070
80342969
80398555
80827737
82503375
82582167
83174898
83283953
83293765
83954503
84063507
84425495
84525558
84910653
85189183
85219430
85383053
85678296
86476816
86528082
86539303
86584863
86777897
88928775
88967877
88993812
89366677
89515258
89553954
89619866
89884830
90140346
90587405
90592443
91239813
92030868
92578206
92694447
92838053
92857358
93134243
93300017
94135138
94318628
94346550
94727340
94960852
95386060
95480578
95786414
95944529
96013648
96188159
96334166
96616185
97366609
97366693
97424256
97811268
98032412
99274990
99525274
99762633
99979183
100115756
100538128
101196985
101327687
101392010
101712185
102226151
102247874
102374834
102543734
102763807
106307928
106455489
106734950
106914895
107378652
107457679
107655505
108409620
108898934
109040219
109122628
109303805
109914884
110184764
110306204
111780651
111836837
112589462
112635601
112714247
112915714
112931565
113330071
113767811
113803690
114151252
114357389
114380036
114513756
114558759
114866245
114923301
115086604
115389328
115538904
115618761
116051709
116466558
116713182
117195677
117567497
117922553
117959349
118122146
118499567
119605656
119742729
119867978
119959625
120277456
120506420
120630107
120699989
120990903
121702110
121880021
121959813
122208581
122397049
122453251
122505305
123120550
123210805
123745518
123798378
123990914
124037191
124254352
124588685
125054413
125474176
126911855
127306196
127383252
127527783
127682749
128091700
129145103
129366225
129715925
129768758
130078919
130622785
130846319
130908397
131075430
131243980
131343878
132003594
132133835
132226085
132678626
132702393
132852631
133909633
133937332
134036523
134107023
134199658
134581786
134598280
134693122
134709391
134792151
134937602
135092503
135214847
135499858
135932840
136211686
136242263
136445120
136445301
136627068
137080270
137248758
137348097
137653736
137860212
138047077
138711700
139632659
139835437
140107568
140194466
140911441
140940786
141210260
141314602
141316240
142018827
142057830
143044772
143280299
143435242
143992271
144053770
144172626
144694239
144801638
144861971
145416621
145688353
145720478
145862274
145965873
146013107
146093479
146613018
146855302
147134661
147152057
147268329
147655560
148182408
148215889
148235946
148303202
148429906
148832787
149111325
149278496
149345936
149485078
149488462
149716373
149836824
150146939
150209627
150825716
150998156
151074303
151595562
151688514
151741620
152697240
152954078
153357427
153766830
153781891
153824993
153845713
154550803
155847893
156064441
156221829
156226828
156235002
156347354
156886737
156981817
157454852
157504523
157724220
158670466
158792488
159165434
160668628
161079945
161779658
162417169
162452817
163073631
163102196
163108719
163188562
163315539
163345210
163768387
164143579
164265638
164758160
165113050
165676629
165973035
166015023
166279140
166467797
167329716
167600354
168353150
168576955
168588620
168693223
168721442
168823048
169386349
169764497
169923762
170200724
170575961
171073674
171160491
171199060
171374868
171883966
172193398
172318996
172362247
172376499
172390565
172429949
172616001
172671085
172712759
172837978
172914334
173863965
173957057
173993688
174138164
174172083
174716588
174904261
174908408
175386000
175388383
175657546
175926620
176056997
176193402
176203688
176778054
176942173
177071881
177149059
177616490
177999516
178059285
178093708
178177036
178651322
178886068
179120575
179965318
180174784
180404445
181146357
181258529
181466596
181625273
182037983
182144049
182183920
182209964
182681318
182919170
183243661
183561124
183617260
183630441
183861163
184289524
184422985
184728016
184894759
185358527
185451061
185555340
186164879
186709496
187059582
187528077
187764428
187855723
187967286
189039596
189161092
189361942
189781815
189966953
190003172
190728999
190945499
191303727
191388903
191420584
191452357
191586315
191646967
192288693
192302169
192715632
192835780
192906974
192915979
192970502
193188794
193345351
193371818
194260755
194812653
194931073
195213022
195241685
195490236
195821861
196733079
196860469
196905103
197211549
197356972
197383105
197899113
198190015
198861680
199031413
199097703
199120069
199362769
199668328
200413866
200454811
200739072
200972924
201522112
201704555
201991506
202004877
202093206
202243171
202349658
202527817
202799808
202883552
203283293
203590282
204121699
204275169
204359955
204495473
204707406
205754872
205843465
206187007
206827438
207020720
207167470
207343166
207362554
207402235
207872067
208075931
208791242
209399404
210075546
210088257
210352571
210458657
210547758
210547967
210762189
210762254
211074813
211131210
211319905
212030029
212260889
212665628
213140560
213276048
213348089
213550376
213585865
213928366
214744663
214988682
215172292
215273142
215708119
215770139
215928250
216320721
216431326
216585513
217398998
217745755
217818734
217830795
217887527
218207304
219484708
219837059
219948702
220723654
221457170
221574264
221766757
221778112
221856217
222029025
223353460
223511653
223533947
223562687
223589920
223721897
223972120
226132953
226321951
226495985
226640804
226923891
226933453
227093124
227472143
227516028
227529961
227567305
227944479
228163912
228234824
228298649
228321269
228433980
228991524
229112576
229502450
230619370
231136493
231179146
232015167
232446153
232826530
232941074
232956999
233361560
233719261
233947483
234005825
234624773
235462285
236105457
236147024
236336820
237212476
237289352
237583856
237820848
238054457
238148478
238344642
238354348
238417499
238531707
238684892
239241973
239350128
239491554
239701310
239893800
239913128
239928035
240178688
240422491
240504738
240619200
240957021
241103380
241132471
241320240
241445106
241792578
242440473
242585935
242865116
242938872
243435133
243453985
243737974
243913576
243943744
244678247
244993070
245126286
245292782
245512343
245702431
245845689
245949694
245991370
246302824
246363338
246586637
247000156
247280048
247534697
248949956
248950938
249212412
249538229
249780083
250497262
250729012
251235648
251635877
252221760
253398535
253868638
254042250
254651753
255318746
255445620
255745029
255864549
256207514
256376306
256388662
256424512
256594350
256707836
257790119
258455526
258512219
258631196
258965259
259139926
259177210
259180878
259374121
259693717
259754038
259914378
260161570
260583324
260873792
260996986
261256514
261573469
261856263
262035629
262313690
262367750
262448580
262678668
262682698
263222824
263404689
263514711
263577430
263589902
264414622
264599732
264628372
264792687
264985208
265067573
265474108
266346556
267175064
267406231
267621331
267665045
267779793
267883631
268046760
268093241
268297374
269315572
269403828
269417761
269620824
269869930
270091978
270115270
270589522
271065905
271079407
271548945
271739672
271784099
272169105
272274035
273090572
273215463
273757188
273980509
274210197
275188072
275737739
275852991
275968815
276093654
276545391
276606426
277220383
277243744
277300611
277379744
278035894
278150522
278186503
278205651
278277120
278670264
278787040
279026768
279299076
279376768
279485921
279973654
280077866
280310006
280348388
280798566
281098905
281251257
281380024
281964611
282464376
282706080
283050880
283723563
283889534
283892385
284683208
284747372
284816995
285018569
285109770
285580715
285712469
285727097
285764843
285955180
285981466
286316940
286678674
287027698
287181212
287470938
287513711
287845595
288017860
288082791
288110200
288199938
288220834
288326339
288563766
288596568
288683186
288955046
288988733
289122321
289162362
289844809
289887502
290057025
290277619
290851263
291051960
291665270
291759726
291908199
292236068
292562410
292628718
292822300
293171863
293340424
294050762
294139772
294153585
294540725
295036313
295318567
295918322
296401548
296409763
296665122
297828560
298168544
298288343
298525342
298609166
299046300
299478029
299480834
299611530
300315720
300480532
300581543
300658010
301512218
301699167
301717612
301804746
301887449
301907321
301951570
302242402
302470837
302480344
302816463
302830095
302837396
302977213
303101565
303111988
303117586
303336388
303857566
303871960
303902090
303963449
304001595
304035064
304292825
304390489
304896388
304950158
305189080
305359377
305389959
305601017
306161883
306167332
306239694
306874742
307165105
307321696
307758219
307840573
307861850
307927756
308658082
308782556
309286617
310205705
310543767
310859298
311940113
312001879
312009991
312243869
312274173
312386441
312440994
312529224
312546039
312695560
312851611
313251721
314433591
314476551
314521713
314768256
314816495
316011563
316212314
317119086
317391639
318100538
318427698
318663215
318680017
319359977
319370286
319634741
319774140
320006253
320057301
320740509
320858578
321108940
321517887
321542014
321751016
321840934
321947740
322100010
322764092
322855562
322909423
322977067
323081418
323738071
323957466
324312376
324521539
324547159
325379951
325754447
326023596
326282142
326432108
326472706
326483578
326793655
326841055
327774442
328016576
328186786
328312466
328381355
328895915
329018846
329185678
329446768
329567963
329577787
329720495
329881680
330699792
331825500
332085293
332120757
332202970
332336724
332435297
332626080
332791766
332873704
333054009
333156140
333170774
333306850
333524415
333578363
333625714
333880751
334046158
334763886
334902042
334943205
335415101
335517092
335661769
336204539
336248661
336340736
336682153
336845483
337584458
338215801
338229159
338598612
338754781
338755665
338781880
338860866
339109002
340030528
340101102
340216064
340689098
340762801
341079760
341473913
341488605
342840743
343053585
343666922
343852403
344383242
344481187
344964347
345379505
345387492
345984358
345988718
346147553
347014164
347577734
347753060
347807905
348327880
348697138
348876896
349125141
349131084
349954259
350068037
350152453
350414107
350483673
350673290
350861831
350890835
350955895
351185381
351693330
352024813
352574930
352707832
352806995
353180800
353257113
353309165
353865265
354068229
354640407
354689328
355801990
355812404
355993779
356148110
356242555
356977135
357096100
357145742
357677984
357888658
358247032
358968102
359404759
359429098
359704624
359710472
359870202
359898055
360885050
361181587
361328614
361380111
361462173
361726904
361794632
362159148
362515969
362889992
363084267
363301443
363739010
363822823
364206311
364319522
364922428
365183694
365262938
365393875
365412844
365415324
365439854
365480493
365733621
365897113
365945783
366021086
366048318
366082502
366301116
366438302
366814821
366851758
367791340
368050255
368189088
368841428
368883909
369126886
369390040
369501996
369929161
370153200
370253214
370261287
370386184
370569036
370732765
370926258
371147936
371323508
371409536
371543775
371802997
372448371
372796581
373018784
373054074
373091533
373096673
373145036
373366406
373672347
373754498
374040892
374482543
374737097
375308384
375942172
376136595
377137790
377438803
377741755
377853531
377887356
377909860
378314891
378903101
379537505
379628096
379738395
379946619
380130750
380216658
381351464
382107378
382129912
382270139
382288355
382341836
382922359
383439023
383964830
384325884
384399156
384524729
384963144
385480729
386474668
386829499
386916136
387471896
387493955
387661874
387807858
388682361
388749319
388800363
389328684
389559660
389937771
390211502
390232700
390368754
390471784
391427799
391576947
391666260
392061718
392095744
392193204
392268271
392380373
392609449
392927810
393014323
393071350
393214590
393349060
393560891
394026870
394055416
394243709
394462977
394676201
394850875
395340931
396008757
396041864
396117056
396504640
396810727
396812645
396848120
396850882
396981962
397087863
398355509
398422615
398788076
399061916
399375685
399665937
400121417
400171957
400359446
400869349
401347391
401426421
401703648
401736109
401764071
402173916
402246371
402381201
402689140
402897938
403757065
403821003
404126175
404959416
405190052
405525295
406074461
406480813
406715937
406817198
406868808
406985935
407098305
407854556
407955684
408134315
408619121
408631870
409292658
409359827
409925007
409934074
410066717
410573574
410592620
410600824
410976400
411099207
411171309
411293400
411503815
411642441
411650882
411766783
411881824
411992634
412552561
412752237
412929910
413110133
413207489
413681647
413712430
414226837
414345761
414420876
414487833
414495554
414688180
414783244
414931477
415106631
415687609
415975244
416678158
416902660
417232753
418556567
418787898
419049482
419594885
419598622
419874025
420153366
420632169
420790638
420920877
421191318
421206994
421579928
421728379
421916702
421963318
422214702
423254767
423975572
424129455
424249261
424577339
424636240
424720577
424997243
425062475
425236565
426139371
426235941
426260613
426830412
426836008
427237056
427358061
427641296
427820113
427890139
428199699
428235789
428437925
428938491
429067320
429266508
429479437
429607786
431092068
431642511
431779304
431927285
431990172
432116876
432132540
432576784
433268446
433622629
433631710
433788938
433789757
434133644
434284798
434740412
434784157
434978853
435060531
435242119
435333085
435558723
436081736
436427157
436674216
436931536
437016027
437698169
437808243
437876044
437905518
437965684
438033067
438037598
438308561
438323872
438677353
438946265
439352597
439758469
440101863
440278713
440884615
441397172
441437206
441510935
442115564
442618883
442972197
443217562
443692833
443943532
444158670
444251249
444423612
444809034
445073628
445076356
445346726
445355905
445589263
445748693
445827295
446165745
446538214
447073085
447120037
447650270
448209534
448344104
448566957
448811157
449062044
449075229
449224124
449664088
449817336
450206642
450368778
450960271
450973021
451189730
451235116
451581138
452360836
452744025
454393634
454724400
454818485
454857962
455338579
455812729
455933318
456005963
456094432
456142966
456348661
456833289
457836270
458279809
458505442
458630897
458707081
458780281
459292170
459326954
459368385
459781538
459804390
459878101
460149076
460408019
460471180
460598848
461040547
461373209
461747159
461978167
462817302
463233471
463360163
464043471
464159216
464639474
464776207
465129709
465130347
465645511
465934796
466108892
466587512
466713110
466909937
467108930
467392850
467570434
467595267
468123083
468409119
468595219
468619071
469026576
469290624
469318474
469604211
469653315
469666444
469968023
470271165
470580425
470699156
470824073
470965248
471015769
471723300
471803810
471942227
472018802
472803358
473120393
473387264
473635046
474433967
474582785
474631363
474691095
475452411
475577156
476016511
476530106
476623619
476811796
477162714
477846049
478091603
478117016
478300759
478544600
478708133
478817658
478845721
479109362
479110795
479213374
479727130
480575234
481503469
481525250
481544979
481695791
481736358
481877509
482159954
482496119
482924633
483927820
484128255
484628298
484772846
484839159
484964607
485276782
486100983
486236885
486472204
486697362
486843512
486844887
486890523
486954664
487903664
487975573
488056465
488950846
489252494
489605559
489892101
490692624
490908584
491500274
491594294
492041695
493515299
493543295
493785038
493852312
493855212
493945863
494095829
494341019
494693010
495156362
495378020
495486232
495688888
495831634
495896508
496392317
496981651
497037177
498217222
498305282
499548690
499848841
500050330
500133599
500454359
500979102
501496182
501587921
501649754
501758032
502032050
502229885
502250674
502750148
502764260
503017913
503706132
503726088
503775015
504102308
504117586
504186734
504635943
504681175
504706071
504752404
505018672
505243302
505365753
505421896
506319526
507400226
508939214
509604969
509639613
510008310
510573968
510825784
510986007
510995034
511358312
511452161
511759968
511889861
512335619
512398988
512798573
512867843
513028265
513170594
513184831
513289583
513328384
513434836
513997772
514104978
514115378
514762211
515551103
516059965
516127136
516172610
516737826
516798495
517767722
518075964
518106727
518229522
518265294
518269582
518576665
518702178
518929830
518944395
518983814
519252701
519632461
520236029
520263865
520298519
520445254
520480271
521458380
521649231
521935003
522000590
522260994
522959918
523070914
523096996
523118155
523361362
523492465
525108573
525636122
525708644
525857351
525918582
526175914
526406684
526504028
526522603
526618748
526932513
527031732
527682210
528233319
528470027
529251384
529284645
529536293
529718417
529805419
530282029
530298033
530343660
530518255
530933778
531051769
531059803
531271038
532015276
532152905
532547843
532594310
532632138
533015276
533627878
533935928
534008267
534120816
534170121
534301788
534446556
534814017
535204887
535308163
535421904
535516470
536179733
536703119
537499110
538187092
538488236
538724699
539005346
539259211
539340136
539579337
539615771
539789279
540247116
540544830
541083599
541641946
542721464
543339326
543402763
543646888
544395754
544552409
545202286
545482159
545762468
546040224
546081314
546415629
546664711
546777826
546851601
546962173
547172085
548080269
548144687
548797302
549001103
549580034
550076884
550358268
550539837
550991277
551179714
551354390
551690918
552050460
552683606
553117150
553156531
553643988
553897126
553988608
554224060
554281214
554395285
554655388
554929698
555275486
555345237
555376293
555556184
555608972
556959921
556978147
557081408
557213343
558881399
558914881
559401194
559964748
560049544
560153765
560213751
560220481
560286604
560473713
560875690
561238796
561513377
562279934
563783114
563855825
564526086
565208774
565290600
565854958
565880599
566422708
566750038
566855056
567007189
567310089
567855256
568068151
568729422
568878103
568889869
569092294
569187792
570336677
571197484
571238928
571455104
571836828
572101016
572269141
572523487
572659727
573166097
573332093
573588076
574284519
574895743
574940868
575059165
575194119
575206638
575255646
575728488
575852844
575985135
576781178
577319258
577388899
577471680
577554564
577589678
578019266
578481139
578806506
578876854
579124892
579171989
579296133
579869371
580211500
580235450
580524181
580708075
580810501
581028846
581526182
581567746
581929429
582185272
582542546
583324504
583554727
583564681
583863382
584072442
584211949
584388142
584857164
585088524
585169009
586517667
586580494
586873949
586876130
587052028
587136829
587318789
587842090
588182459
588565894
588711997
588786398
589316661
589381842
589617006
590290249
590728509
591052265
592633105
593036597
593118576
593130269
593347386
593472691
593615602
593646122
593924922
594138086
594849175
595230115
595238700
595523514
595754815
596133361
596475792
596623350
596654910
596708532
596723029
596783880
597464202
597868976
597890347
597924409
599596854
599888565
600031916
600226769
600421183
600480131
600661181
600723804
601331230
601532583
601534342
601632623
601927083
602448802
602493550
602785984
603113270
603811687
603823796
603974402
604162705
604518957
604757537
605113790
605348222
605459331
605645130
605667214
606470665
606753847
606977872
607137575
607198084
607253718
607722428
607849392
607898035
608350320
608531812
608571205
609115100
609381063
609413563
610869471
611071003
611093997
611163228
611373020
611555320
611868039
612180522
612771964
612945020
613212978
613617886
614023211
614052001
614191478
614400684
614736901
614895056
615054371
615147395
615169688
615226068
615337977
615454653
615944147
616052084
616263418
616365408
616434023
616455972
616533449
617461274
617468525
617619343
617771514
618093561
618127059
618197583
618781366
619126428
620066240
620155820
620396686
620671153
621260955
622051753
622192843
622926055
622994068
623238236
623713589
623791118
624206412
624342020
624586837
624690233
625188482
625295748
626286837
626894354
627026427
627125541
627131394
627309411
627566084
627595284
627677111
628291748
628605538
628744785
629066326
629449673
629989138
630000285
630260946
630670025
631555903
631810471
632184267
632364540
632815000
632913446
632983139
633131300
633259664
633309418
633565456
633565844
634027160
634683754
634829481
634896826
635648408
636026082
636613639
636654292
637034247
637236235
637248242
637733096
638027039
639200114
639790416
639822405
639961739
640443985
641894799
642208823
642271265
642432607
642580237
642776521
642776669
642998116
643380773
643433655
643767968
644468811
644509133
644795375
644876070
644919094
644980283
645087758
645174257
645259467
646056141
646315388
646541658
646687289
646875864
646887718
647015034
647077740
647288692
647600092
647640313
648085512
648543452
648577024
648882840
648970631
649049879
649998642
651053200
651065167
652260446
652569451
653364245
653615237
653943458
654475681
654643659
654766748
655560261
655909348
656074246
656265696
656571055
656649409
656842225
656892399
657113445
657174705
657420571
658803599
659037756
659575584
660028405
660292619
660447564
660447947
660883857
661140924
661158542
661922375
662173471
662941205
663201391
663482210
663652538
664928950
665041982
665560685
666150213
666315797
666514336
666593704
666910544
667521262
668148065
668288633
668619546
668808818
668821480
668966269
669818227
670023760
670191914
670321645
670503305
670576166
671151980
671195706
671241152
671342641
671435433
672670991
672713451
672996220
673037805
673183418
673285903
673692117
673863382
674360913
674375859
674780705
674961551
674984421
675726683
675995428
676030175
676350792
676649680
676738502
676978030
677395947
677467921
677596426
677815385
677936964
678131577
678537365
678595892
679124471
679401105
679506095
679581172
679670827
679806812
680337610
680797347
681986831
682381654
682607604
682932991
683130275
683351985
683639439
683736848
684081413
684212124
684330255
684411007
684647862
684920088
685184142
686185262
686318069
686321484
686465667
686769380
687330381
687588918
687781833
688086663
688187437
688295248
688653512
688890542
689042428
689092783
689589190
689791389
689979659
690044353
690110079
690270933
690515653
690557210
690608994
690816260
691174995
691177640
691293353
691640553
691894424
691969813
692073795
692153265
692314046
692558931
692679018
692722041
692742079
693679576
693680542
694143355
695243633
695486085
695788448
696052759
696282973
696382159
697899881
697950906
698191120
698290458
698424041
699323254
699402444
700552363
700754553
701239922
701348232
701624224
701644689
702661397
703047642
703283069
703759148
703827163
703855424
703963667
703975881
704086630
704191847
704847133
704874078
705003335
705174623
705293719
705321421
705566843
705713119
706132530
707184791
707384597
707701589
707755496
707760016
708084394
708887245
708950324
709106529
709171110
709320598
709717688
709764910
709883388
709918026
710063135
710553226
710773548
710883445
711047700
711071893
711151038
711245829
711249107
711370591
711393862
712211834
712331110
712591879
712807681
712879323
712899709
713171387
713268388
713511229
713518068
713640018
714133024
714375036
714542659
714667578
714735744
715244191
715749872
715777108
715994638
716031551
716179834
717326604
718154876
718310946
718362869
718627718
718690359
718799914
719074844
719368922
719456370
719522373
719735958
719791527
719802013
719875211
720133273
720350686
720673105
720737622
721171516
721261385
721389441
721597711
721808404
722107261
722322020
722656667
722683743
722750140
722801347
723354502
723471189
723584445
723629194
724031503
724221542
724413231
725019826
725369943
725414244
726187452
726329150
726388712
726709770
726798254
726829903
727386202
727915445
727948404
727983593
728049374
728587817
728880195
729397003
729478724
729586936
729935331
730055467
730385169
730706701
730750512
730879965
731471382
732051188
732117706
732277963
732286864
732300209
732578876
732693272
732797327
732825681
733090689
733527144
733719866
734070315
734415905
734488877
734529129
734544824
734826412
735411584
735487838
735657258
736289926
736501816
736595324
736832802
738152039
738322635
738376547
738608040
738697024
739533590
739847002
740079506
740743110
741346358
741472129
741528965
741550565
741567149
741705313
742215139
742781481
743091902
743367867
743894196
744224845
744737259
745148461
745675142
746780141
746833217
747022995
747265341
747387782
747873038
748384431
748575269
748784193
748844507
748952675
749190614
749346410
749420036
749518762
749779199
749833952
749956112
750389740
750767017
750895674
751024168
751049433
751394442
751479642
752102247
752647348
752755640
753517222
753643824
754045724
754217718
754232465
754279456
754672709
755039285
755101947
755215876
755468886
755633102
756061564
756094909
756104738
756272045
757451501
758266730
758510391
758608675
758837457
758952880
759780897
760058885
760149138
760426877
760620995
760647768
760979370
761252375
761285741
761582983
761710650
762306000
762473080
763151707
763563641
764059614
764875983
764911614
765061972
765347459
766087063
766181035
766599725
766628159
766884974
767219976
767776558
767839654
768339733
768497087
769239619
769382366
769667197
769895768
770413016
770475676
770755431
770820050
770821267
771542494
771556942
771637780
771649344
771929819
772045022
772262003
772546247
772789286
772968842
773315102
773712775
774141376
774549030
774595935
774613793
774678457
774976516
775461705
775755460
776129061
776225009
776310759
776344641
776883307
776930487
776985156
778312510
778563064
778585720
779059499
779288872
779378282
779498401
779612983
779837968
779931627
780505865
780957851
781249666
781321627
782043445
782437433
782947345
783289909
783720917
783738887
783836210
784462332
784600958
784680849
785193527
785454375
785603915
785756927
785950933
785962428
786131532
786430207
786948825
787039105
787042182
787188961
787256203
787504236
787774957
787833529
788907825
788972469
789018835
789091612
789365356
789430654
789554168
789596763
789938053
790246706
790249151
790454190
790810499
791524067
791931808
792253768
792272773
793129314
793499739
793845837
793888266
794065058
794066201
794159008
794250023
794731757
795175615
795279277
796032280
796525978
796564970
796632636
797096600
797392710
797510814
798224505
799018814
799067013
799128407
799295864
799564296
799615233
799909237
799935526
800520284
800799126
800989476
801491905
801521110
802194844
802441526
802811624
802815042
803464256
803775304
804155651
804697132
804896006
805501408
805746716
806243577
806290771
806348183
806547966
806796862
806849170
807016391
807149608
807471533
807474496
807814609
808278687
808319248
808940696
809244771
809394139
809813353
810057330
810468518
810524580
810526141
810746313
810951136
810970903
811155535
811793586
812261943
812496465
813428381
813453449
813517134
813761829
814195298
814295227
814931170
815412130
815769297
815779980
816008612
816082635
816814477
816820757
817615188
817799231
818176356
818511153
818618058
819104665
819563001
819629451
819897970
820050320
821004192
821467745
822239326
822514468
823154581
823338330
823345635
823367824
823456065
823630157
823667524
824180370
824501458
824648154
825110280
825497064
825648054
826051119
826177622
826932770
827176260
827323152
828040171
828204214
828674969
828780187
829173792
829444603
829962270
830916763
831968067
831977664
832468828
832932411
832932881
833829185
833937337
835045372
835173753
835215863
835242819
835766637
835951358
835960562
836288358
836548909
836759492
837687204
838529211
839435459
839712687
840440036
840669366
840734758
840934449
841407792
841503815
841579579
841745314
841796539
841852085
841872592
842133612
842216444
842374352
842629376
842847150
843068096
843759984
843828233
843854651
844089113
844207581
844412070
844458529
844689311
844934111
844977431
845318961
845458141
845632252
845997698
846349450
846416858
846609065
847406461
847408266
847767993
848354380
848394570
848942800
849329841
849334569
849426784
849549548
849861052
849867611
849890928
850445405
850509946
850574433
850664505
850803217
851311891
851343234
851491221
851584748
851643387
852029613
852253628
852540460
852789498
852971271
853198547
853279118
853832985
853930931
856639183
856775690
857036598
857910218
857930956
858379088
858629831
858831510
859180733
859587483
860017632
860099821
860136280
860151181
860266193
860625632
860672993
861053527
861585083
861718198
861726691
862018945
862093847
862187348
862238863
862460065
862615269
863334177
863535376
863687270
863872054
864071523
864086407
864553620
864559022
864731988
865140202
865184076
865792985
866618700
866859310
867360338
868002880
868129005
868376211
868389277
868504927
868910016
869008863
869010792
869337398
869471699
869515032
869650051
869906887
870274558
870436421
870816553
871019869
871135531
871304901
871583003
871663499
871928842
872472335
872692141
872855914
872980612
873263081
873299489
873362354
873415074
873506757
873578391
874505854
874578338
874833823
874990856
875423398
875481916
875693174
875807785
876436333
876478150
877250652
878161089
878216340
878446071
878697095
878713712
879121327
880070911
880117533
880441781
880528392
880643453
880680617
881000282
881199846
881436873
881487215
881630015
881756428
882144180
882321892
882768874
883058165
883245913
883609763
884477621
884575949
884809401
885068070
885222883
885687241
886777861
886966368
887163958
887780052
887807700
887862387
887961772
888116916
888736036
888759004
888837010
888932759
889220751
890097380
890339798
890661276
890689644
890864931
890894938
890924698
891095920
891111945
891499824
891603136
891831209
891974224
892116224
892200467
892542037
892698254
893052638
893133324
894201127
894329759
894364154
894458813
894758981
894912443
895160796
895343098
895407898
895577886
896140768
896370890
896976606
897089492
897888006
898385986
898585201
898607041
898717155
898867018
899686783
900335400
901058599
901209511
901312573
901412589
901535559
901580489
901636991
901862069
901873092
901876565
902212907
902276363
902475010
902519276
902674434
903032667
903033461
903201122
903625596
903951247
904296993
904598082
905005643
905007402
905100998
905136643
905384826
905827028
906102571
906309236
906434185
906491964
906773178
906807028
906894442
906962012
907235604
907257064
907372521
907582800
908252248
908277618
908426374
908744774
908768942
908941902
909039152
909903087
910038747
910119863
910129601
910170695
910349907
910365899
910581008
910669577
911157338
911361335
911393529
911712958
911821837
911912147
912016954
912094435
912356417
912382808
912492603
912790859
913037059
913732573
914037052
914335304
916121937
916135199
916159661
916180722
916780371
917178315
917428909
917430261
918432089
918437552
918869627
919325863
920200831
920242891
920670291
921018145
921850003
921860084
922004031
922008486
922426215
922433348
922505025
923178113
923716139
923716477
924453268
924469414
924549824
924710366
924766466
924834228
924956440
925298837
925383116
925395137
925707803
926156442
926347491
926716205
926742234
927461906
927480004
927571192
927875640
928216369
928273712
928432238
928754642
929089071
929204672
929775557
930088444
930185663
930249229
930526696
931614400
931636500
931643903
931759829
931832941
931962143
933448788
933623927
933700702
934591519
934761865
935396941
935760583
936152866
936168216
936676935
936738553
936743844
937131741
937483822
937586746
937611479
937669442
938292394
939677712
940560860
940588668
941118431
941214467
941265795
941758941
941866645
942343919
942653124
942906380
943546662
943856586
943868831
944050570
944133323
944188788
944219814
944901899
944994377
945227593
945280265
945330325
945806317
946708895
946950474
947257156
948375026
948705543
948930599
949040289
949759578
949907453
950580774
950806609
951121105
951382501
951690088
951910157
952146934
952240038
952240584
952302121
952316229
952401544
952430298
952458581
953025417
953117667
953594900
953669368
953806640
953955997
954015288
954188165
954748366
955159358
955231308
955469062
955470240
955815295
955965491
956169793
956316719
956472244
956586108
957549447
957611693
958189632
958507853
958690298
959541435
960595414
960756186
960792648
960837982
961310066
961619307
961652040
961798211
962163386
962327165
962824492
963207124
963746603
963916427
964028605
964167319
964393408
964968005
965042091
965489233
965926164
966106366
966141982
966552476
967168910
967256031
967324521
967551375
967556439
967669953
968471978
968814387
969188851
969274907
969304622
969459942
969473196
969626654
970518945
970793430
970828414
971123387
971516511
971529982
971929237
972383758
972810214
972832238
973008355
973438140
974137048
974160214
974266238
974624087
975126796
975235129
976036303
976212914
976279722
976315738
976697544
976942052
977107843
977219055
977837049
978294414
978452491
978740530
979451636
979607944
979728602
979794780
980178882
980235079
980307574
980428796
980499356
980643884
980806893
981631555
982218909
982641120
982822611
982843401
983132255
983318525
983600610
983819172
984103462
984484500
984709520
985039185
985950302
987140514
987358204
987447038
987643898
987820207
988120817
988162932
988283355
988324908
988375695
988423218
988726917
988898896
988994647
989051321
989063296
989375673
989418929
989444788
989559322
989629424
989910232
989951898
989999567
990313452
990353699
991155668
991320469
991414852
991421066
991763500
991976341
992234241
992384705
992574385
992658006
992796308
992815997
992908764
993064402
993183085
993343508
993667272
993725916
993914508
994191451
994370606
994377735
994570745
994682416
994884777
995431379
995835012
996629788
996745767
997148298
997240731
997545541
997706272
997785568
998161819
998396317
998515692
998923373
998945848
999297750
999480667
999505933
1000207949
1000427964
1000487291
1000774175
1001105691
1001330397
1001823503
1001845449
1001887024
1002150990
1002387329
1002481589
1002670332
1002715180
1004005056
1004009187
1004088897
1004276181
1004539964
1004770413
1004781576
1005047080
1005192578
1005264133
1005364785
1005615764
1005817221
1006257902
1006329399
1006467392
1006704145
1007214276
1007510938
1007632479
1007771987
1008061585
1008331757
1008632033
1008952892
1010165042
1010597146
1010771675
1010844068
1010862144
1011253566
1011639004
1011672789
1011685295
1012002963
1012280052
1012443340
1012580336
1012618370
1012721398
1012777309
1012930117
1013307057
1013509068
1013777669
1014099017
1014156406
1014442805
1014697148
1014846229
1015131248
1015262907
1015789629
1016275730
1016523075
1016735254
1016816912
1016869504
1017044985
1017858832
1017956257
1018225149
1018677628
1018706755
1018780377
1018814530
1018916126
1018919920
1019556399
1019586423
1019623102
1019756628
1020270947
1020280452
1020447760
1020992144
1021128230
1021163258
1021195600
1021219225
1021320056
1021634656
1022156151
1022300322
1022636586
1022672141
1023245492
1023717516
1023926697
1023960939
1024590948
1024734191
1024798822
1025425337
1026140404
1026754371
1026831385
1026890269
1026917813
1027165591
1027422572
1027626394
1028135653
1028476918
1028877907
1029010282
1029295717
1029538602
1029927457
1030387368
1030572767
1030596548
1030908984
1031046312
1031209320
1031467146
1031552822
1031599409
1031792529
1031892913
1031940555
1032049282
1032186636
1033616567
1033857734
1034223616
1034277336
1034538540
1035358866
1035367408
1035510949
1035577285
1035643957
1035797050
1035887159
1036101512
1036529373
1036587287
1036629391
1037265363
1037854751
1037907583
1038462150
1039052532
1039080500
1039500892
1039885577
1039900666
1040010775
1040166561
1040180119
1040545961
1040886295
1041263542
1041345492
1041347685
1041459119
1042073705
1042759909
1042978113
1043346198
1044019384
1044146950
1044337034
1044421370
1044519158
1044902967
1045426930
1045580873
1045789517
1046025413
1046032944
1046104492
1046409002
1046630859
1046782021
1046872162
1047050632
1047433639
1047484755
1048130730
1048211254
1048666902
1048717655
1048852926
1049455908
1049506230
1049548734
1049724791
1049766430
1049859174
1049994260
1050616682
1051081444
1051144926
1051263648
1051857559
1052133982
1052224591
1052357155
1052616849
1053073106
1053138584
1053281262
1053572379
1054092879
1054263696
1054816377
1054831384
1054930487
1055399409
1055464020
1055728385
1056108254
1056195133
1056346869
1056696123
1056938832
1056963759
1057355221
1057385777
1057534141
1057923227
1058076304
1058559623
1058995651
1059111091
1059900104
1059908656
1060023576
1060066495
1060162938
1060657592
1061105894
1061207686
1061704809
1061764998
1061812989
1061865476
1062076902
1062081628
1062339021
1062456965
1062543345
1062654023
1062660175
1062900345
1063009930
1063031561
1063369781
1064138259
1064636622
1064707907
1064720966
1064840382
1064969573
1065523880
1065703095
1065960519
1066820394
1066884051
1066957320
1067165151
1067205210
1067420781
1067484446
1067586272
1067619198
1068550201
1068582061
1068772083
1069351910
1069404977
1069542208
1069814058
1070249560
1070257423
1070374685
1070919168
1071014917
1071084544
1071123862
1071586549
1071824074
1072020926
1072139979
1072157183
1072405373
1072747712
1073228725
1073659782
1073720550
1073991217
1074004851
1074261429
1074654102
1074822799
1074872720
1074952848
1075236110
1075442751
1076119745
1076592180
1076745667
1076798621
1077563976
1077672917
1077687767
1078418006
1078510892
1079418429
1079431795
1079450647
1079607490
1080081088
1080952940
1081453325
1081527781
1081660456
1081720465
1081793157
1082175390
1083066963
1083191846
1083320976
1083702978
1083719082
1083883704
1084007995
1084068849
1084144388
1084703280
1084908151
1084981494
1085124651
1085382452
1085445160
1085531357
1085635735
1085933002
1086570922
1086642020
1086676296
1087141531
1087259054
1087267734
1087276645
1088056616
1088323236
1088404768
1088472482
1088647442
1089052925
1089249280
1089256893
1089460582
1089654460
1089905031
1090477560
1091097860
1091145274
1091853207
1092149023
1093434304
1093818040
1094001697
1094601031
1094604292
1094849816
1094900584
1094923365
1095091302
1095595294
1095763491
1095766623
1096076021
1096092735
1096163070
1096298068
1096375217
1096376371
1096388079
1096590698
1096654583
1097086101
1097102834
1097453493
1097873670
1098588658
1098724631
1099023862
1099203685
1099280971
1100083951
1100237293
1100368774
1100504400
1100601263
1100671746
1100824121
1102075155
1102322211
1102362206
1102488963
1102601213
1102723176
1103171850
1103371959
1103471596
1104090180
1104285308
1104682790
1104713734
1104761981
1105339341
1105385365
1105497764
1105716168
1105908908
1105914141
1106116248
1106917862
1107043884
1107186983
1107269345
1107449162
1107515809
1107585899
1107957200
1108052023
1108212901
1108532843
1108798038
1109426229
1109477345
1109506778
1109612438
1109961314
1110569431
1110606011
1110792724
1111043306
1111078834
1111611071
1111645913
1111696498
1111832548
1112330615
1112464291
1112742357
1112909823
1113433547
1113438766
1113513086
1113675740
1113875465
1113997514
1114487261
1114834816
1114955958
1115088384
1115326596
1115358519
1116421864
1116521736
1116787049
1116800735
1116842058
1116884160
1117166578
1117196659
1117337489
1118010861
1118176892
1118287732
1118391660
1119355403
1120083526
1121000272
1121018333
1121146248
1121290499
1121297019
1121769273
1121811344
1121972676
1122656872
1122816064
1122879519
1123308621
1123574694
1123756471
1123767536
1123831196
1123955322
1124003032
1124017104
1124547547
1125554711
1126020406
1126067118
1126381201
1126531878
1126873041
1127106122
1128015200
1128060206
1128406087
1128962266
1129217055
1129489360
1129876430
1129882115
1130040857
1130175235
1130232441
1130316606
1130650433
1130913662
1131262791
1131582253
1131667293
1132175727
1132473527
1132557180
1132594605
1132743963
1133372533
1133679278
1133728678
1133742737
1133964189
1134259770
1135130228
1135492436
1135669151
1135922341
1136220783
1136895133
1136905292
1137049366
1137637905
1137721181
1137779093
1138075833
1138306781
1138377392
1138600213
1138670493
1139186879
1139292267
1139440077
1139507209
1140007729
1140018897
1140133269
1140727347
1141369417
1142909280
1142916134
1143170910
1143521494
1144006834
1144178704
1144371337
1144577667
1144594412
1144813292
1145449421
1145826796
1145984404
1146081054
1146239521
1146319358
1146490195
1147044230
1147527073
1147894752
1147928212
1148033967
1148367638
1148481344
1148527384
1149436235
1149888616
1150114696
1150238755
1150268348
1150497628
1150706803
1150859211
1151261987
1151799662
1151905973
1152420115
1153327045
1153412341
1153423604
1153533361
1154195422
1154260609
1154680297
1154710743
1154733928
1154751210
1155033598
1155213381
1155290113
1155369389
1155696859
1155898556
1155945203
1156007275
1156370295
1156572618
1156596537
1156889544
1156900106
1156940272
1157011374
1157933093
1158182931
1158611683
1159541995
1159567615
1159760161
1159995805
1160129834
1160306697
1160826037
1160929999
1161549186
1162064252
1162098810
1162430405
1163184594
1163259578
1163608388
1163900137
1164038120
1164421092
1164446940
1164481333
1164604700
1164674546
1165407651
1165599663
1165996645
1166274103
1166359425
1166932744
1168106939
1168746160
1168772739
1168782223
1169024653
1169437528
1170329265
1170658524
1170777124
1171026731
1171501505
1171599117
1171640172
1171718943
1171910392
1171926573
1172057661
1172296908
1172380813
1172409612
1172593110
1172724196
1172871644
1172936403
1173023786
1173211233
1173341549
1173510012
1173542201
1174141080
1174251484
1174269518
1174334165
1174571531
1174794912
1174946319
1174986307
1175480401
1175627698
1175809234
1176527268
1176531912
1176583269
1176857973
1177011910
1177357086
1177624440
1177650035
1178239241
1178665414
1178719901
1179363284
1179578424
1179874118
1180839790
1181180455
1181270369
1181455136
1181793598
1181861354
1182857002
1183489296
1183642947
1183901305
1184526579
1184707670
1185080594
1185705463
1186600225
1186909223
1187000157
1187129495
1187187777
1187918222
1187953878
1188015858
1188297450
1188307910
1188657663
1189156926
1189456815
1189544678
1190528530
1190646402
1190983274
1191378782
1191807118
1191938055
1192413491
1192844970
1193396378
1193492758
1193623045
1193965618
1194315343
1194470722
1194535741
1194635932
1194902841
1195136833
1195265483
1195648089
1195874935
1196495899
1196655260
1196805861
1196974603
1197591776
1198084214
1198254842
1198257681
1198347678
1198461574
1198513452
1198531803
1198699499
1198746346
1198869546
1198899698
1198984842
1199427589
1200308731
1200387218
1200454375
1200592658
1201039870
1201101204
1201176932
1201516536
1201602176
1201629721
1201743153
1202806361
1202849551
1203131114
1203386451
1203409939
1203504486
1203585311
1203831562
1203868201
1204249244
1204370016
1205050792
1205310877
1206161337
1206381300
1206473947
1206484951
1207270645
1207644722
1207877094
1207977465
1208398828
1209218541
1209218563
1209351725
1209515678
1209776269
1209822469
1209899150
1210453128
1210477763
1210528418
1210774845
1210935127
1210975707
1211425611
1211495114
1211683310
1211741090
1211935359
1212512302
1212813316
1213334600
1213510283
1213565356
1213942905
1214908988
1215192188
1215209029
1215323342
1215921618
1216176065
1216354576
1216630932
1216722769
1216831482
1216978610
1217002919
1217231609
1217831620
1218202372
1218215851
1218314020
1218629265
1218913911
1219531477
1219929311
1220165170
1220424863
1220564038
1220696990
1220718813
1221009666
1221040176
1221053824
1221310195
1221476912
1221714680
1221953193
1222656653
1222667225
1222816068
1223029651
1223081863
1224026377
1224346978
1224641599
1224797055
1224974134
1225112680
1225252653
1225844499
1226022495
1226109491
1226131838
1226199330
1226304772
1226409066
1226548757
1227012725
1227013406
1227152571
1227629342
1227689290
1227791305
1227919187
1227949356
1228295815
1228355843
1229085273
1229587775
1229679077
1229739787
1229914135
1230546824
1230759160
1230875457
1231233564
1231235831
1231400153
1231472664
1231506696
1231511087
1231569017
1231764249
1231855569
1231876461
1232149016
1232597685
1233160279
1233472838
1233546903
1235158792
1235210678
1235656142
1235760717
1235773744
1236074095
1236078794
1236219263
1236289110
1236478907
1236518086
1236606181
1236683408
1236943673
1237119296
1237180498
1237224421
1238061866
1238065579
1238694200
1238919982
1239070432
1239247940
1239273339
1239884263
1240067218
1240084335
1240475667
1240486896
1240645138
1240806083
1241282069
1242683176
1243007361
1243057898
1243133820
1243259195
1243537396
1243646656
1243950740
1244198289
1244553335
1244832314
1245040800
1245732720
1246076712
1246210086
1246403888
1246433032
1246726834
1246837906
1247408627
1247682913
1247871764
1247900489
1247971653
1248209778
1248242643
1248389529
1248561532
1248571462
1248847918
1248857317
1248925759
1249057787
1249340616
1249361844
1249432037
1249618093
1249721976
1249936918
1250153928
1250405484
1250964225
1250977007
1251148974
1251529871
1251866844
1252099259
1252829181
1253186930
1253712518
1253836838
1254107951
1254341246
1254528479
1254665692
1254672216
1254918059
1255401094
1255554980
1255751382
1255872863
1255874968
1255926926
1256238667
1256286683
1256639850
1257214471
1257412060
1257700705
1258538789
1258638092
1258650819
1258709575
1259041813
1259080521
1259200734
1259274000
1259727273
1259758169
1260121113
1260123778
1260254983
1260307752
1261283531
1261408831
1261769771
1261941345
1261973317
1262064702
1262071785
1262072592
1262200764
1262235414
1262756662
1262773938
1262861333
1262907692
1263157977
1263206966
1263526260
1263784004
1263897306
1264313767
1264847057
1265552337
1265669861
1266811306
1266963050
1267104244
1267792411
1267841208
1268072019
1268264238
1269629791
1270001847
1270030046
1270048063
1270537542
1270914162
1271042685
1271261577
1271304657
1271730124
1271941210
1272246394
1272391033
1272470921
1272590693
1272714106
1272852332
1273172453
1273252507
1273274087
1273433552
1273653032
1273668252
1273669364
1273708342
1274099365
1274618736
1275039698
1275372987
1275631587
1276251551
1276278536
1276767745
1276833324
1277117434
1277428660
1277656391
1277892411
1278093998
1278129043
1278540028
1278954069
1278962236
1279362122
1279828343
1280856065
1280920605
1281218214
1281589884
1281692506
1281706781
1281731062
1281753650
1281896556
1282000838
1282334289
1283394734
1283500465
1283694922
1283755048
1283789020
1283956303
1284021448
1284058939
1284228098
1284822711
1284828256
1285111089
1285272374
1285445803
1285647740
1286025417
1286296691
1286665256
1287117071
1287335071
1287511947
1287518821
1287615724
1287625822
1287713231
1287735387
1288362517
1288553546
1288693924
1289256236
1289478234
1289490509
1289873148
1289875678
1290295050
1290349763
1290495913
1290851127
1291330336
1291354637
1291393879
1292029584
1292172042
1292201091
1292992954
1293150514
1293261637
1293564050
1294821455
1294889053
1295004684
1295028326
1295234081
1295337828
1295423966
1295657530
1295742277
1295967572
1296184024
1296284734
1296284953
1296871023
1296952158
1296974393
1297375707
1298109502
1298307170
1298379084
1298776568
1299007810
1299250505
1299307542
1299655162
1299762466
1299977561
1300218382
1300535668
1300563979
1300819140
1301209455
1301458004
1301501480
1301850365
1302083462
1302252811
1302599181
1302671690
1302763707
1303240735
1303251153
1304292621
1304670775
1305834653
1306158102
1307226238
1308330836
1308462399
1308607748
1309210936
1309419186
1310245404
1310346513
1310673156
1311004010
1311214971
1311309090
1311464967
1311594961
1311953204
1311969024
1311984819
1312386993
1312711648
1312741310
1312893561
1313027013
1313081652
1313147940
1313668369
1313704692
1313969769
1314151496
1314168567
1314356141
1314434414
1315544239
1315555682
1315589303
1315617457
1316157664
1316202860
1316281361
1316469969
1316579047
1316951543
1317101756
1317129723
1317297483
1317398663
1317692488
1317947142
1318137018
1318379977
1318380518
1319152307
1319176227
1320351180
1320461743
1320507925
1320579094
1320662969
1321329041
1321679598
1321724143
1321851159
1321896038
1321900550
1322018862
1322033140
1322273078
1322463114
1322544488
1322729173
1322731924
1322976226
1323172169
1323236131
1323344084
1323409818
1323958128
1324221888
1324338008
1325976657
1326572893
1327422366
1327801634
1328046068
1328365825
1328393915
1329422485
1329739295
1330175438
1330218371
1330405943
1330804743
1330850861
1330964402
1331653187
1331757791
1332009704
1332186873
1332222923
1332265805
1332900497
1333094721
1333128579
1333240908
1333695877
1333839826
1334217518
1334322411
1334362022
1334674962
1334874716
1335136195
1335182860
1335918914
1336283154
1336438416
1336839358
1336886558
1336905083
1337260591
1337342118
1337473776
1337687736
1337739176
1337902371
1337961510
1338701533
1338767266
1339025232
1339075323
1339330768
1339382637
1339899431
1339951441
1340027820
1340245877
1340340503
1340732442
1340771110
1340972424
1341118745
1342429543
1342594780
1342613642
1342626354
1343087122
1343151670
1344008228
1344284602
1344470211
1344681636
1344811363
1344982422
1345067080
1345225900
1345474386
1346586975
1346772521
1346786405
1346973455
1347516848
1347636553
1347880700
1348151405
1348506560
1348760437
1349019615
1349082027
1350118213
1350169406
1350374136
1350430412
1350554989
1351455297
1351525444
1352022327
1352062937
1352546504
1353586510
1353623611
1353893953
1353915928
1353946651
1354169327
1354184984
1354408913
1354416774
1355304729
1356793517
1357050326
1357408180
1357568778
1357609026
1358287875
1358406190
1358578185
1359438773
1359469639
1360062003
1360262268
1360804534
1360946203
1361265230
1361649359
1361923365
1362106199
1362391521
1362653410
1363609662
1364232506
1364542792
1364742496
1364855613
1364949791
1365646076
1365833692
1365915495
1366163955
1366785876
1366805355
1367329357
1367623198
1367635862
1367783100
1367979925
1367992527
1368166466
1368535863
1369212513
1369580884
1369973824
1370070352
1370178183
1371636788
1371858243
1373025164
1373188089
1373537263
1374089323
1374497747
1374607867
1374794988
1374832415
1375308640
1375518298
1375835745
1376711287
1377493899
1377882144
1379238412
1379462641
1380469711
1380588771
1380829725
1381136750
1381353593
1381403377
1381752475
1382069353
1382870483
1382923890
1383171803
1383227576
1384100190
1384284987
1384310497
1384572040
1385799397
1385893298
1386015913
1386236759
1386437750
1386767150
1387209076
1387439209
1387466336
1387646316
1388776138
1388947979
1389082979
1389552393
1389647212
1389663285
1389698637
1389705333
1389739477
1389946426
1389974837
1390264194
1390478103
1390873519
1390915358
1391109751
1392003944
1392690160
1392915232
1393575206
1393598832
1393602543
1393684332
1394073858
1394536564
1395131705
1395307410
1396510757
1397249966
1397923897
1397979322
1398128945
1398239769
1398351583
1398383530
1398758635
1399010247
1399014866
1399171429
1399274017
1399487859
1399938094
1400621733
1401115921
1401299169
1401567467
1401926305
1402150157
1402209064
1402535926
1403026999
1403275290
1403275393
1403302628
1403434517
1403477680
1403477970
1404381739
1404656070
1406031309
1406145343
1406462518
1407378677
1407603843
1408333524
1408678169
1408695232
1408860624
1409049810
1409056146
1409146650
1409218937
1410043995
1410490925
1410695045
1410818199
1410923023
1410970330
1411020572
1411304136
1411649893
1411662397
1412289639
1412352800
1412555545
1412596580
1412617558
1413398721
1413845574
1414197434
1414851814
1415624984
1415626248
1415955330
1416362835
1416631669
1416963237
1417306522
1417513367
1417890812
1418582673
1418796930
1419258542
1419264255
1419572808
1419710678
1419777610
1420233676
1420269204
1420288454
1420747523
1421039892
1421352170
1421568247
1421732176
1421903055
1421993491
1422112217
1422138365
1422141153
1422445238
1422758591
1423030153
1423120314
1423380431
1423438648
1423472760
1423477299
1423559901
1423575406
1424517433
1424615951
1424663789
1424672941
1425515716
1425983370
1426008339
1426142256
1426513653
1426954229
1427444236
1428464198
1428558282
1428863951
1429246742
1429543131
1429623506
1429738810
1429742131
1429920566
1429944083
1430192995
1430733142
1431394410
1432219669
1432364636
1432563661
1433619768
1433789286
1433839677
1433845665
1434219931
1434426948
1435626067
1435704376
1436395301
1436460623
1436820500
1436913077
1437185942
1437374988
1437628693
1437750467
1437811955
1437837401
1437888843
1437911131
1437978873
1438055271
1438636373
1438999033
1439431980
1439564918
1439710519
1440357553
1440390693
1440988530
1441225201
1441706555
1442014359
1442298976
1442530434
1442531502
1442543651
1443049311
1443125636
1443541229
1444560111
1444848604
1445057057
1445332729
1445340264
1445430336
1445656917
1445832057
1446279558
1446578754
1447024593
1447133972
1447515191
1447519486
1447768944
1447860140
1449200151
1449393237
1449733532
1449955584
1450496545
1450752805
1450796132
1451537390
1451631292
1451960154
1452054944
1452159442
1453041539
1453076912
1453163086
1453230124
1453710370
1454166153
1454167525
1454242775
1454601128
1454740218
1454890006
1454970832
1455681310
1455907179
1456283842
1456301770
1456591574
1456594488
1457217458
1457221069
1457439969
1457910233
1457919151
1458054185
1458300350
1458311572
1458385122
1458481730
1459063956
1460159465
1460509435
1460664501
1460759581
1460767681
1461332440
1461971776
1462481334
1462624913
1462651513
1463523649
1463544788
1463727611
1463905722
1464252138
1464356351
1464379601
1464740193
1465126786
1465319016
1465367507
1465657815
1465826997
1465929362
1466036987
1466279029
1466296188
1466433190
1466877428
1467231418
1467820718
1468656965
1468882663
1468966415
1468967372
1469421975
1470565850
1471005597
1471246616
1471530550
1471536357
1471579826
1472278018
1473725976
1473778958
1474138330
1474264213
1474400284
1474490077
1474860469
1474867191
1474981955
1475110146
1475493453
1475535416
1475594056
1476403304
1476456876
1477098615
1477269984
1477387703
1477982744
1478236093
1478248617
1478393968
1478887608
1479151362
1479680021
1480072809
1480689305
1480958631
1481223390
1481455182
1481979103
1482459791
1482471342
1482576481
1482859442
1483137133
1483295000
1483529243
1483586465
1483611079
1483719164
1483892523
1483920728
1484521042
1485269792
1485274517
1485640266
1485705676
1486038393
1486221327
1486605202
1487082118
1487137047
1487217460
1487399336
1487724264
1488117416
1488379892
1488558228
1488571313
1489039205
1489132975
1489241732
1489388602
1489682719
1489710550
1489772379
1489886499
1490114131
1490557841
1490761263
1491122113
1491869684
1492190216
1492610671
1492716602
1492785056
1493283147
1493638103
1493766974
1494143995
1494435038
1494511041
1494526904
1495051151
1495122647
1495525447
1495558417
1495876698
1496310057
1496855268
1497571797
1497687727
1497821251
1498033012
1498165339
1498412633
1499651689
1501346832
1501511419
1501707919
1502021451
1502867742
1503139935
1503664245
1503819913
1503932511
1504025675
1504085326
1504884779
1505544733
1505809800
1506625510
1506795829
1506847766
1506938191
1507437468
1508612789
1508931704
1509576656
1510053861
1510082304
1510247878
1510541941
1510699890
1510832499
1510934602
1510987023
1511125446
1512011940
1512141964
1512281759
1512330235
1512340640
1512518653
1512595150
1512678252
1513233936
1513325361
1513902756
1513969862
1514217241
1514444843
1514637237
1514752402
1514776943
1516233331
1516247796
1516583049
1516649592
1516775697
1516796111
1516812347
1516993333
1517149488
1517343623
1517719727
1517998446
1518810253
1518963023
1519107448
1519370871
1519656462
1520005409
1520174927
1520418155
1520524665
1520600374
1520638863
1521133858
1521441000
1521502221
1521541674
1522292308
1522429998
1522752535
1522984521
1523366867
1523527001
1523679694
1523965430
1524401811
1524526114
1525084401
1525323168
1525378189
1525463735
1525487154
1525667837
1525873336
1526050624
1526201492
1526317128
1526332888
1526919640
1526941649
1527199346
1527278981
1527498017
1527921788
1527953556
1528028726
1528110050
1528180661
1528382961
1528466473
1528497450
1528598645
1528722270
1529315326
1529529777
1529646698
1529927632
1529969879
1530860965
1531121076
1531158042
1531509819
1531534249
1531592580
1532468361
1532794431
1532840140
1533258672
1533724621
1533911029
1534557230
1535211930
1535632648
1535770881
1536822881
1537401001
1537422254
1537423836
1537472540
1537480120
1537613818
1537842275
1537864772
1538003487
1538046296
1538068187
1538078673
1538104013
1538157509
1538320346
1539470523
1539535469
1539550246
1540721912
1540838177
1541860510
1541886312
1541904102
1542083106
1542237361
1542425430
1543209291
1543898301
1544031978
1545073926
1545253219
1545309997
1545478584
1545782385
1546108289
1546296828
1547267973
1547274895
1547370991
1548017866
1548047748
1548257017
1550294360
1550448819
1551604125
1552264497
1552664217
1552870792
1553005778
1553308798
1553332148
1553566931
1554764467
1555316159
1555359413
1555371780
1555378542
1555564878
1555761034
1556497608
1556763270
1556983497
1556988812
1557442289
1557484807
1557499879
1558171641
1558193606
1558266116
1558358701
1558479843
1558897849
1559111318
1559158518
1559646230
1559771247
1560581097
1561250211
1561384569
1562345640
1562565925
1562671036
1562732453
1562954113
1562954299
1563002224
1563522803
1563585358
1563839084
1563904284
1564260010
1564286666
1564470089
1564657730
1564890600
1565200378
1565378370
1565751558
1566242151
1566397287
1566805538
1566840362
1567685652
1567846518
1567862939
1568049298
1568102998
1568376304
1568488745
1568564186
1569970560
1570237980
1570390998
1571207742
1571418313
1571797957
1572005437
1572013636
1572306493
1572877419
1572890172
1573441346
1573976264
1574084274
1574087965
1574531094
1574561762
1574960136
1574969983
1574991361
1575193373
1575472978
1575696336
1575730426
1575841294
1576325764
1576369937
1576942140
1577110287
1577215372
1577568859
1577589213
1577642486
1577904902
1578221872
1578925201
1578956592
1579599358
1580448990
1580814312
1580970274
1581622984
1581783991
1582766060
1582884361
1583317398
1583970767
1584186180
1585435514
1585441176
1585452112
1585611130
1585772307
1586050455
1586174699
1586468846
1588038791
1588403964
1588524783
1589170486
1589456988
1589496694
1589650253
1589659980
1589667369
1589761817
1590011051
1590241082
1590468531
1590492477
1591253511
1591354412
1591394529
1591676019
1591843650
1591936396
1591964197
1592113544
1592145035
1592145658
1592222619
1592376074
1592577916
1592790482
1593049027
1593097589
1593314073
1593354099
1593681622
1593698171
1593732763
1593825413
1593950735
1593964550
1594354922
1594607031
1594789292
1594998232
1594999043
1595014565
1595115877
1595246086
1595460643
1595697053
1596471780
1596551922
1596832702
1597057539
1597092157
1597212046
1597526694
1598086333
1598174666
1598241856
1598304479
1598482983
1598601418
1598684307
1598803943
1598908015
1599097269
1599269061
1599363693
1599453562
1599635968
1599963578
1600034201
1600238912
1600558989
1600731616
1601093043
1601131507
1601449131
1602131622
1603411752
1603412964
1603529492
1604383857
1604446961
1604631575
1605019493
1605149980
1605213260
1605474649
1605507417
1605670386
1606426197
1606687528
1607160745
1607192040
1608067280
1608322454
1608392516
1608408630
1609468785
1609652296
1609798411
1610891394
1611087755
1611166702
1611366461
1611769802
1611771030
1611787437
1611880603
1611935813
1612439961
1612497027
1612630085
1612895855
1613468406
1613532745
1613586218
1614197986
1614328789
1614493624
1614908857
1615266088
1615444494
1615790890
1616142316
1616188596
1616266198
1616357755
1616474258
1616759120
1616986529
1617327393
1617668235
1618109949
1618259580
1618449689
1618574419
1618842155
1620352146
1620517027
1620651212
1620706412
1620813976
1620944092
1621071979
1621078642
1621083579
1621319409
1622355732
1622682514
1622708656
1622816022
1622966737
1623237531
1623438721
1623468657
1624186977
1624416305
1624574907
1624719354
1624768147
1625221131
1625547312
1626356390
1626858145
1627308073
1627868041
1628003686
1628240611
1628570902
1628634645
1628799609
1628822175
1628995933
1629579581
1629613288
1630023859
1630331901
1630741406
1630760923
1630815724
1630895176
1631887648
1632263938
1632631563
1632775262
1633297800
1633364050
1633575497
1634565561
1635051660
1635098390
1635496784
1635653625
1636407341
1636836079
1637237170
1637288468
1637365625
1637443631
1637925467
1638098849
1638111070
1638190291
1638441057
1638615139
1638773969
1639204468
1639777258
1640564485
1640666484
1640701235
1640946117
1641381031
1641386083
1641469062
1641798447
1642374596
1643691784
1643695430
1643720350
1644030359
1644087399
1644199753
1644293166
1644359344
1644992651
1645098799
1645195397
1645533770
1645746176
1646318760
1646545790
1647028908
1647212854
1647355678
1647418780
1647797189
1647848314
1647921259
1648684637
1648857907
1649134686
1649260621
1649290977
1649753880
1650331396
1650438636
1650503231
1650638186
1650832254
1650925786
1651523115
1651620261
1651763832
1652581181
1652662953
1653155711
1653725029
1653880867
1653938856
1654073761
1654645041
1655154743
1655311883
1655522582
1655602532
1655604681
1655673491
1655703580
1655889639
1656152412
1656982590
1657088795
1657802963
1658453528
1658671840
1659500584
1659690140
1659875992
1660137704
1660681060
1661218562
1661732822
1661968641
1661999805
1662944055
1663457735
1663673298
1664014713
1664353004
1664531754
1664731928
1665241041
1666425638
1666555699
1666702536
1667002859
1667423910
1667572267
1668059081
1668189673
1668258137
1668760298
1669158403
1669183781
1669186388
1669332522
1669615973
1669916580
1669966197
1670520700
1671069195
1671096462
1671243875
1671244987
1671470941
1671705710
1671716341
1672379282
1672470727
1673089885
1674208832
1674259585
1674263319
1674501008
1675217254
1675392121
1675594993
1675804865
1675859876
1676058807
1676098454
1676281838
1676381336
1676967667
1677033243
1677330270
1677342137
1677389211
1677407989
1678072005
1678137654
1678260506
1678316051
1678647011
1679319839
1679632227
1679935769
1680886940
1681459587
1681497478
1681518353
1681542942
1681635415
1681645481
1681678544
1681953227
1682077953
1682132674
1682284367
1682503191
1683005609
1683469121
1683579202
1683809169
1684191099
1684397579
1684610856
1686074162
1686167348
1686706943
1686761298
1686857225
1687391246
1687727514
1687866787
1688070390
1688118976
1688270235
1688339986
1689548400
1689691510
1689776584
1690340652
1690614660
1690621496
1691061447
1691129866
1691875185
1693260105
1693302456
1693820809
1694128651
1694173718
1694550327
1694726738
1694818384
1694830975
1694894064
1694968605
1695464936
1695528421
1695882432
1696007863
1696128176
1696851268
1697232884
1697543136
1697688152
1697865416
1698090270
1698478266
1698527065
1698580428
1698773885
1699095301
1699673426
1700335375
1700843300
1701025020
1701141823
1702086897
1702500445
1702638489
1702757627
1703261796
1703426185
1703470144
1703539542
1703544709
1703598637
1703783274
1704198425
1704451603
1705159214
1705199319
1705266599
1705638635
1705839325
1706336064
1706578269
1706869031
1706997582
1707965885
1708192033
1708652444
1709580642
1710357128
1710750162
1711212369
1711247938
1711757863
1711992514
1712255996
1712450073
1712783486
1713170636
1713554196
1713630614
1714368397
1714602149
1714798029
1715172092
1715373718
1715909113
1715914356
1716103628
1716105660
1716111448
1716206654
1716424901
1716531654
1716589835
1716656587
1716832609
1717473762
1717852625
1718070581
1718657071
1718875176
1719273192
1719439128
1719700561
1720116897
1720519074
1720874763
1721198470
1721576284
1721718750
1721821638
1721998081
1722250311
1722368065
1723070415
1723322285
1723716638
1723735665
1724240047
1724419361
1724454830
1724693498
1724893271
1725135043
1725227188
1725302498
1725516063
1725589542
1725809888
1726378359
1726927434
1727105552
1727921245
1728245279
1728612732
1728641714
1728811508
1729324108
1729421805
1729815113
1729981894
1730401744
1730617486
1730631309
1730655704
1730873782
1730996541
1731453209
1731791681
1731970718
1732367599
1732443304
1732700152
1733604041
1733726694
1734017496
1734970495
1734988294
1735041307
1735141106
1735208373
1735586963
1735606734
1735689277
1735748872
1735749327
1735774306
1735834929
1735842408
1735945484
1735958824
1736039054
1736535217
1737292173
1737416046
1738082520
1738535295
1739164272
1739255830
1739787160
1740125939
1740570089
1741061018
1741488481
1741534981
1741902517
1741915228
1742250807
1742405076
1742543909
1743047646
1743533790
1743697895
1743799213
1743850317
1744125172
1744314550
1744514685
1744653361
1745651891
1745961927
1746273553
1746411282
1746436355
1746675972
1746856002
1746952950
1746984655
1747035133
1747882925
1748409463
1748915507
1749185833
1749448682
1749896738
1750249561
1750271198
1750341029
1750390102
1750865454
1750921357
1751181550
1751232419
1751953246
1751967882
1751993246
1752360285
1752403498
1752546644
1752648686
1752774942
1752796971
1752849721
1753157501
1754195011
1754512877
1754796949
1755892569
1756350689
1756354704
1756525277
1756587744
1757026926
1757148922
1757579736
1757820758
1758324198
1758813842
1759397908
1759427101
1759658594
1760111525
1760136401
1760161657
1760532529
1760654348
1761536896
1761556060
1761956959
1762760895
1762811362
1762902397
1762991729
1763671745
1764243890
1764341890
1764500437
1764579979
1765343126
1765357520
1765390944
1765464318
1765510347
1765699185
1766501827
1766702462
1767022257
1767594950
1767830070
1768825539
1768918966
1769112829
1769224487
1769260668
1769498815
1769522007
1769911032
1770068287
1770303012
1770579296
1770854443
1771021797
1771127895
1771599377
1771830170
1772103155
1772323744
1773196920
1773208503
1773273682
1773767882
1773851750
1774210677
1774456726
1774962509
1775005847
1775375316
1775803426
1775913602
1776086383
1776231684
1776435819
1776640713
1776851978
1776977295
1777102882
1777381838
1777494832
1777545889
1777740281
1777872291
1778127784
1778213228
1778404572
1778499046
1778793762
1778937500
1779248510
1779481312
1779611144
1779649052
1779752082
1779861227
1780426955
1780502958
1780533311
1780778436
1780843449
1781137760
1781605029
1781758233
1782057843
1782139875
1782378468
1782943652
1782992743
1783838239
1783847477
1783850467
1783944176
1784622992
1784917671
1785393830
1785991937
1786185785
1786998112
1786999093
1787064616
1787280211
1787393675
1787673561
1787745376
1787755770
1788304092
1788408555
1788494552
1788739356
1788747976
1789081740
1789119979
1789141718
1789149702
1789886298
1789976585
1790653583
1790695298
1790820024
1790937584
1791036731
1791175581
1791553086
1791640947
1791757566
1791881111
1791888365
1792124298
1792716772
1792718766
1793067244
1793557534
1793628238
1793652694
1793980296
1794340527
1794649680
1794703612
1794869851
1794954931
1795029591
1795157773
1795247297
1795357437
1795370955
1795512397
1795845834
1796171553
1796711068
1797086916
1797307671
1797394046
1797662119
1797948570
1798304584
1798342645
1798752478
1798835060
1798964426
1798999542
1799185571
1799465208
1799484802
1799494734
1799926071
1800043411
1800089812
1800736710
1800991347
1801345630
1801451220
1801538315
1801720968
1802294929
1802648217
1803047775
1803107528
1803241222
1803568487
1803768593
1804481759
1805032153
1805120763
1805173780
1805451202
1805583759
1805668213
1805828746
1805950516
1806320976
1806456986
1806576158
1807795702
1807932954
1808133772
1808351313
1808419946
1808474226
1808507567
1808551648
1809026459
1809070311
1809219654
1809341369
1809656564
1810158295
1810536611
1810651390
1810887459
1811266688
1811495180
1811621091
1811844680
1812178994
1812202492
1812327854
1812446299
1812574915
1812780373
1813175373
1814927016
1814933256
1816548538
1816660640
1816949895
1817468098
1817931404
1818196701
1818878271
1818940078
1818947597
1819700756
1820210547
1821039116
1821107974
1821687350
1821885262
1822263745
1822284754
1822544343
1822590334
1822625722
1823342219
1823450149
1823645912
1823752094
1823956848
1824053560
1824390853
1824559778
1825190537
1825305667
1825319536
1825435406
1825510691
1825754953
1825772183
1825964993
1826306731
1826464681
1826672539
1826672728
1826764913
1827272567
1827396280
1827444176
1827481715
1827607825
1827789112
1827953806
1829165406
1829295528
1829688562
1829837133
1829880502
1829917767
1829981956
1830075475
1830111613
1830864179
1830886175
1831312155
1831701009
1831845218
1833202884
1833582687
1833762484
1833832578
1833995586
1834132548
1834230921
1834551252
1834585597
1834611451
1834674235
1834678490
1835320755
1836303576
1836385108
1836615578
1836632070
1837155292
1837486240
1838057621
1838259469
1838557221
1838712830
1838757260
1839130396
1839200618
1839270962
1839480321
1839613756
1839979899
1840059859
1840257780
1840433092
1840454070
1840868151
1841451649
1841965688
1841973802
1842029908
1842343769
1842395979
1842576010
1842657414
1843163009
1843245335
1843709118
1843762499
1844582013
1844586362
1844994948
1845408459
1846160291
1846210186
1848215508
1848555120
1848800601
1849055714
1849403253
1849447979
1849500430
1850227121
1851267228
1852675428
1852685192
1853357781
1853507699
1853596820
1854333350
1854523181
1854641068
1855329656
1855343123
1855465313
1855495224
1855611632
1856280368
1856892505
1856919324
1856977416
1857266779
1858178317
1858846025
1858882442
1858927963
1859235485
1859682375
1859892502
1859988646
1860487191
1860831848
1861063329
1861301091
1861615643
1861667482
1861763061
1862010763
1862032456
1862152012
1862449184
1862843081
1863304554
1863504426
1864282684
1864497975
1864705485
1865295770
1865569932
1865775503
1866421971
1866644623
1867393335
1868328273
1868718462
1868861295
1868954032
1869091482
1869100290
1869279782
1869963841
1870535330
1871292085
1871452048
1871788855
1871811084
1872260152
1872381693
1873155166
1873364368
1873466228
1873488088
1873860640
1874153761
1875478366
1875522601
1875753271
1875984570
1876618229
1877366456
1877531524
1877686629
1878138432
1878156096
1878262848
1878432949
1878508184
1878594380
1878761708
1878783788
1878994268
1879089875
1879273154
1879336038
1879393866
1879472936
1879814316
1879831221
1879905553
1880022595
1880878037
1881132534
1881164027
1881316572
1881821333
1882409082
1882467939
1882739965
1882785201
1883107235
1883421372
1883464676
1884628121
1884631507
1884699706
1884793488
1884907891
1885307660
1886417172
1886627395
1886648075
1886940532
1886968821
1887281840
1887736974
1888080032
1888656503
1888812621
1888923342
1888988992
1889228834
1889453020
1889641221
1889727476
1889843755
1889991647
1890467618
1890511940
1890642826
1891023748
1891040850
1891789115
1892009502
1892205807
1892331694
1892490353
1892554783
1892565443
1892638842
1892896567
1893282257
1893410210
1893809648
1893905135
1893959846
1893993796
1894037760
1894832130
1894970370
1895185264
1895495429
1895697637
1896513261
1896922226
1897134824
1897427190
1897646297
1897670325
1897921774
1897994589
1898142709
1898229328
1898339482
1898474259
1898485878
1898501183
1898888075
1898935299
1899409489
1899483233
1900438508
1900644994
1901083403
1901137746
1901217762
1901896778
1902087649
1902246542
1902529365
1902953651
1903087610
1903228640
1903272462
1903329339
1903361200
1903502894
1903929408
1903997302
1904636372
1904682415
1904808718
1905449928
1905704807
1906224069
1906547829
1906550643
1906659381
1906889710
1907016426
1907590270
1907884623
1908166791
1908198731
1908414481
1908751588
1908904487
1908908686
1909237488
1909390760
1909581059
1909734714
1910360078
1910548983
1910774890
1910848592
1911002889
1911505427
1911775510
1912149533
1912368034
1912617975
1912749748
1912891536
1913306956
1913449089
1913499212
1913863459
1914105443
1914200392
1914325186
1914572525
1914588027
1914872423
1914885359
1915151133
1915383746
1915596906
1915754722
1915810455
1915813651
1916139410
1916575931
1916722182
1916736056
1916753129
1916817328
1916820974
1916942265
1917591950
1917817945
1918065304
1918101726
1918495010
1918503917
1918753281
1919101937
1919418252
1919818870
1919996512
1920130249
1920184203
1920488380
1920645701
1920722999
1920876033
1921213513
1921275723
1921558001
1921775980
1921893164
1922656910
1922791619
1923539792
1923542293
1923708813
1923974856
1924511410
1924593496
1924653709
1924966010
1924974121
1925040799
1925198036
1925205545
1925229365
1925725741
1925751528
1925873145
1926140375
1926524792
1926932916
1927102801
1927294295
1927307120
1927572584
1927668638
1927951035
1928848131
1928867693
1928908272
1929024090
1929233759
1929448543
1929973568
1930010454
1930749700
1930929409
1931897672
1932169578
1932239898
1932850723
1932901333
1932907951
1933056777
1933091414
1933193758
1933465855
1933669601
1933734102
1934151040
1934539128
1934668201
1934768866
1934856102
1934914125
1934973772
1935062065
1935355040
1935688458
1935785231
1936113804
1936181893
1936564290
1936688943
1937348909
1937510486
1937556169
1937664720
1937746604
1937823327
1938417195
1938479014
1938609923
1938700775
1939080587
1939331851
1939866679
1940111735
1940604608
1940675326
1940763645
1941168778
1941316574
1942055851
1942127896
1942154517
1942381667
1942555486
1942557674
1942953718
1943001968
1943322799
1943748620
1943990940
1944031311
1944169241
1944445416
1944652469
1944684010
1945144410
1945181796
1945707030
1945854306
1946060473
1946133865
1946150730
1946189941
1946423919
1946507717
1946601314
1946606567
1946615713
1946708522
1946751027
1946763111
1947020032
1947663385
1947716615
1947824973
1948151255
1948540464
1948588556
1948710326
1949698908
1950321504
1950528018
1950878869
1951548972
1951613766
1951616850
1952153319
1952257176
1952283158
1952369822
1952856945
1953251482
1953272420
1953553908
1954110799
1954571268
1954804766
1955003368
1955251363
1955981241
1955984633
1956196498
1956247978
1956342419
1956581995
1956622126
1956702745
1957089737
1957207009
1957263158
1957355154
1957598485
1957621636
1957710070
1957743637
1957752909
1957864675
1957888038
1957927090
1958044937
1958172443
1958299447
1958478608
1958541962
1958957879
1959568219
1959790977
1960146815
1960470109
1960767764
1961158278
1961498543
1961672163
1961708845
1961834289
1961851902
1961960226
1962261951
1962428313
1962635498
1962655378
1962862054
1963329683
1963438633
1963626150
1964375585
1964873332
1965381988
1966089324
1966123972
1966487418
1966785812
1966812705
1967017873
1967239110
1967860465
1967970740
1968096387
1968322768
1968855651
1969052237
1969103462
1969363627
1969382388
1969455299
1969497607
1969631445
1969700859
1969832443
1969940287
1970195681
1970546023
1970611724
1971122554
1971137222
1971156839
1971575967
1971693845
1972680794
1972973989
1973418783
1973562254
1973975375
1974146395
1974313912
1974569403
1976441522
1976827028
1977276607
1977550001
1977656232
1977977638
1978033500
1978099582
1978242444
1978536722
1978755776
1978926196
1978953772
1979153772
1979276939
1979871473
1981621225
1981858208
1982014839
1982459687
1982554060
1982636413
1982710126
1983311036
1983957997
1984002227
1984732365
1985032705
1985211346
1985369317
1985555590
1985858566
1986060172
1986074780
1986492343
1986575383
1987172084
1987350807
1987598483
1987737298
1987741979
1988091245
1988250647
1988345479
1988663749
1988688695
1988748518
1988780629
1989467441
1990083186
1990168700
1990176398
1991221569
1991650064
1992263458
1992401334
1992490098
1992717822
1992910350
1993007727
1993764847
1994503713
1994792698
1995012263
1995083337
1996376017
1996454297
1996739765
1996748986
1997169792
1997307194
1997583628
1997699607
1997771163
1998310614
1998344305
1998391618
1998527007
1998698816
1998916725
1998982730
1999237556
1999316232
1999426043
1999476893
1999583993
1999613904
1999886466
1999991556
2000045793
2000172968
2000481223
2000519395
2001322473
2001327203
2001560680
2002970064
2002974380
2002979749
2003523534
2003639415
2003726379
2004135927
2004192322
2004436124
2004577957
2004734825
2005420896
2005450529
2005752298
2005898904
2006187842
2006344590
2006456724
2006837671
2006914840
2007038466
2007062084
2007071947
2007170329
2007219985
2007510715
2007715324
2007757075
2008191892
2008240651
2008449489
2008540421
2008595780
2008817348
2009159093
2009253346
2009520384
2009649852
2009730684
2010566997
2010750942
2010968787
2011430942
2011664320
2012310334
2012388839
2012680023
2012803382
2014268119
2014565588
2014639137
2014871980
2015709759
2015809806
2015883261
2015885224
2015986605
2016115231
2016120106
2016165742
2016636968
2016961767
2017827660
2018146281
2018354372
2018447025
2018536032
2018592795
2018782161
2019342931
2019574921
2019689492
2019861754
2019911125
2019924329
2020152029
2020351858
2020746683
2020769098
2020796282
2020874549
2020880113
2021502280
2021575710
2021688133
2021841826
2021953397
2022137672
2022281074
2022371787
2022618154
2022827904
2023349134
2023527227
2023763061
2023900600
2024066627
2024601646
2024835079
2024981957
2025557443
2025764556
2026089929
2026140480
2026544833
2026600095
2026831031
2027702272
2027822849
2027893863
2028054286
2028432916
2028519990
2029060043
2029176860
2029425725
2029563939
2029790529
2029945011
2030221731
2030608869
2030670905
2030727834
2030797658
2031322343
2031463521
2031497328
2031922432
2032457423
2032887259
2033432227
2033461065
2033472942
2033604526
2033757124
2033875297
2034668956
2034678804
2034819472
2035157195
2035277460
2035372336
2035504699
2035524536
2035936917
2036018135
2036027183
2036204570
2036538976
2036714190
2036760559
2037048336
2037321674
2037409581
2037665866
2038138255
2038634027
2038760269
2038937169
2039684142
2039825701
2039898060
2039934986
2040037144
2040666522
2041322897
2041672095
2042100339
2042153448
2042240195
2042852341
2043553991
2043715768
2043745718
2044206823
2044622314
2045848252
2046306118
2046344462
2046579094
2046919005
2046931836
2047220988
2047300618
2047913805
2047937181
2049062482
2050719404
2051011266
2051266135
2051312796
2051789478
2051883850
2052130155
2052519674
2052591575
2052972064
2053013109
2053126549
2053712588
2053811774
2055219735
2055636147
2055703819
2055739580
2055891931
2055982104
2056002054
2056055709
2056077296
2056204058
2056213095
2056795772
2056930333
2056954887
2057250396
2057606513
2057631338
2057781728
2057874781
2058215249
2058864015
2059365477
2059441921
2059817091
2059956701
2060280792
2060413206
2060946691
2061144330
2061211169
2061240694
2061303719
2061697971
2061739090
2061941431
2062155319
2062183882
2062780810
2063216890
2063294538
2063520443
2063643123
2063756176
2064108251
2064304023
2065151235
2065326974
2065911796
2066203334
2067103723
2067253521
2067313102
2067314631
2068205228
2068410560
2068616569
2068652399
2068994106
2069003416
2069055512
2069366512
2070125271
2071055468
2071069159
2071202980
2071280667
2071653439
2071759237
2072163805
2072223611
2072315895
2072948449
2072974722
2073242613
2073321679
2073362110
2073838704
2073922988
2074075066
2074441795
2074609421
2074838219
2075060094
2075064002
2075078633
2075103771
2075346800
2075381092
2075460616
2075606495
2076082282
2076089023
2076533035
2076614229
2076679433
2076708919
2076806625
2076819143
2076940846
2077527775
2077960999
2077982492
2078602378
2079578820
2079723455
2080231435
2080313549
2080587670
2080627568
2081106835
2081141497
2081169100
2081425259
2081809104
2082246520
2082456424
2082681139
2082820618
2083061763
2083312937
2083615943
2084047830
2084075622
2084082338
2084096504
2084173120
2084464934
2084628747
2084787414
2084809696
2085102222
2086145083
2086199675
2086775195
2087032275
2088077248
2088256041
2089154082
2089696010
2089732071
2089784771
2089821068
2090711033
2091239775
2091340040
2092545655
2092942085
2093116242
2093379914
2094229829
2094408284
2094415841
2094751939
2095148660
2095207943
2095570115
2095621966
2096155745
2096175196
2096310973
2096407379
2097430910
2098010775
2098225059
2098254694
2098967373
2098990839
2099115914
2099225513
2099718201
2099837576
2100001206
2100112167
2101149763
2101546353
2101675422
2101915305
2102075276
2102625556
2103302850
2103414756
2104290328
2104652149
2104652204
2105200149
2105328854
2105333251
2105456562
2105654520
2105655635
2105912149
2106078849
2106355454
2106423541
2107458915
2107565281
2107585728
2107672108
2108051146
2108159685
2108775056
2109144001
2109350715
2109471308
2109718005
2110224776
2110251685
2110474313
2110582722
2110908870
2111137390
2111549622
2111570554
2111746814
2111807645
2112087599
2112441882
2112586357
2112614101
2112625258
2113225137
2113908404
2113950497
2114026647
2116025914
2116249095
2116284319
2116303972
2116373707
2116893977
2116928060
2116993373
2117030209
2117147524
2117182993
2117261419
2117736851
2117753657
2117975376
2118160671
2118240888
2118303318
2118403388
2118695246
2119637710
2120186612
2120288645
2120778356
2120802680
2120888072
2121505115
2122194290
2122567491
2122691934
2122884780
2122909321
2122954078
2123132244
2123198899
2123310404
2123407640
2123565453
2123866016
2124242944
2124260221
2124598198
2124788842
2124886265
2124888726
2125006871
2125763577
2126025302
2126084735
2126740550
2126895034
2127002585
2127011648
2127328096
2127567005
2127702984
2128313034
2128425063
2128621950
2129451523
2129465089
2129491239
2129688353
2130072588
2130341534
2130845738
2130910579
2131025116
2131137864
2131333617
2131367339
2131388551
2131414534
2131565191
2131646804
2131695286
2131875922
2131969692
2132251172
2133126296
2133203615
2133312578
2133345663
2133379194
2133542964
2134449111
2134599050
2135033045
2135278402
2135501726
2135605823
2135622001
2135645866
2135721387
2135944387
2136100138
2136153652
2136369370
2136783424
2136886343
2137047229
2137149348
2137501986
2137624569
2138542134
2138585369
2139212159
2139381873
2139918768
2140717160
2140754158
2140888307
2141460399
2141714612
2141822939
2143441746
2143601242
2143755918
2144668715
2144726340
2144759491
2145032105
2145091346
2145365464
2145452113
2145634964
2145655241
2146879383
2146975762
2147045773
