26629
490353
1222969
1336757
1589047
1715906
1752784
2053510
2160752
2630539
2645725
2718667
2856746
3317787
3764592
3808342
3832425
4021115
4305633
4859490
4898437
5035030
5342282
5497908
5636429
5739078
6369458
6556063
6861766
6943349
7396111
7565030
7855535
7974511
8570707
8955008
9070047
9432888
9775211
10402171
10431294
10433487
10504264
10705305
10731245
10912762
11006475
11174599
12180732
12357883
12515142
13159761
13267705
13461696
13787787
14281317
14502194
14568707
14820689
14821143
14940809
15073277
15387003
15582714
15723259
15817123
16104589
16449637
16860975
16928818
17028730
17968169
18099730
18140766
18767640
18900767
19149112
19316722
19541751
19644062
19753027
19808142
19904674
20037221
20098726
20203525
20260808
20485019
20534570
20661125
20666567
20903208
20937170
21060086
21332080
22445082
22930613
22964976
23246904
23694694
24279276
24875418
24982004
25559082
27326032
27342337
27650368
27661708
28056976
28149344
28174611
28244011
28276431
28770510
28949268
29260715
29876389
29973053
30044068
30602028
30686428
31002688
31037978
31044519
31294244
31487221
32081162
32526433
32760055
32965068
33072664
33152321
33425419
33470211
34159829
34350510
35487163
35819534
35942280
35973566
36115892
36175765
36465036
36654704
36693375
36845703
36884791
36911408
37113304
37196356
37595673
37902702
38148577
38149111
38159621
38388673
38768671
38789483
38881495
38904821
38927624
38959112
39049980
39259693
39391051
39894227
40068533
40212241
40467305
40592451
40884791
41511483
41512760
41549315
41723835
42193448
42273162
42629035
42767832
43087452
43632083
43896739
43905095
44218039
44261478
44502493
44564989
45047093
45115834
45384281
45571489
45743419
45763467
45775399
46311515
46695392
46739123
47004298
47071887
47110014
47537102
47550878
47573900
47666765
47809147
47916513
48158360
48454285
48678676
48791730
48865741
48975359
49012606
49028243
49227782
49756745
49969475
50307500
50539331
51076193
51144410
51427191
51683274
51700134
51730998
51819800
52674033
52928374
53031167
53195022
53267235
53336384
53531517
53634486
54201110
54233452
54855370
54922807
55020694
55205058
55460589
56290762
56630516
56786955
57491254
57520935
57770248
58347185
58615284
58683296
58725873
59054652
59287533
60459434
60863259
60887371
61173352
61232306
61335335
61352290
62351898
63501953
63933962
64013055
64352585
64411922
64456829
64845701
64953341
65003213
65020508
65026958
65033639
65164900
65317712
65712955
65791539
66565743
66777525
66779860
67468411
67872480
67883871
68018612
68267559
68419666
68700430
68730978
69071759
69265862
69736473
70326771
70366160
70482835
70618184
70730583
70977685
71023349
71072865
71429011
71508205
71598429
71822958
71927163
71955807
71986396
72076659
72799190
72925067
72983255
73166270
73404469
73470240
73490191
73638932
74055834
74238562
74663570
75073501
75728871
75890157
76241556
76536162
77332158
77341564
77441451
77550518
77571770
77684654
79155001
79576733
80146444
80343340
81277320
81407506
81432396
81972090
82246846
82251704
82486437
82657900
82825979
83595818
84020277
84024648
84213951
84863311
84966714
85229601
86082526
86193886
86305107
86409387
86470176
86502788
87225197
87371909
87431605
87470890
87786610
88008827
88232131
88463971
88489287
88499744
88636280
88642370
88949519
88956808
88987191
89483008
89598715
89629652
89692276
89950025
90854979
90881968
90973278
91113701
91157152
91307285
91382754
91811643
91827785
91943773
92110410
92279871
92483417
92719176
92893611
93091090
93471264
93494344
93528445
93786678
93906399
94065582
94164485
94517684
94536798
94661568
95235878
95252244
96157478
96317660
96415877
96439508
96503352
96750343
96851673
97063078
97282416
97571633
98924693
98980574
99099202
99244138
99402470
99558086
99801749
100259866
100259996
100264956
100275266
100296702
100955649
101149072
101240369
101351856
101892775
102255043
102268364
102584215
102932411
103076677
103520813
103634973
103919356
103955526
104042924
105427473
105559799
105660900
106009528
106109130
106253862
106412954
106465319
107103445
107158810
107426350
107441400
107444088
107603956
108157025
108393184
108984827
109371863
109707405
109860041
109892010
110248227
110957645
111123822
111140388
111943005
112412524
112490750
112529514
112735885
112791299
112828637
113085880
113280168
113355939
113505682
113895742
114130116
114471923
114594759
114715188
114780369
115405435
115491489
115542821
115819423
116344160
116480372
116666640
116688461
117024849
117605113
118061400
118256862
118279080
118479601
118711457
118761839
119047060
119179850
119222347
119802921
119996687
120583589
120588941
120871214
121125549
121264073
121626940
121992197
121993193
122309431
122465814
122480353
122986127
123151465
123710260
123837226
123900788
124144537
124506013
124788383
124964717
125510770
125520731
125682935
126166236
126520797
126694809
127043941
127181200
127472070
127491968
127731365
127888153
128051034
128093467
128138238
128238396
128304688
128486297
128508663
128773371
129085617
129166176
129193282
129440920
129618462
129632624
129716988
130313781
130321304
130468788
130525375
130659477
130763096
130830691
130961619
131069712
131287426
131469296
132885648
133051561
133064409
133084473
133372728
133404395
133472119
134010305
134492753
134561734
134863174
134975632
135318624
135392833
135429773
135653297
135654401
135679766
135914726
136306499
136339102
136443798
136758907
137059423
137132969
137189286
137301154
137312615
137837507
137955206
138005595
138141070
138342942
138618174
138651454
138719814
139359625
139456191
139701197
139783134
140206676
140383918
140549069
140682122
140826675
140974010
141665014
142094418
142229181
142931276
143180690
143279340
143301877
143356494
143370309
143635077
143797001
143864043
143951651
143996026
144078144
144190699
144535326
145076348
145389433
145561803
145669253
146118614
146199853
146408226
146670943
146814422
146912831
147305897
147849320
147993899
148471489
149320975
149820584
150701368
151318071
151364100
151366151
151587604
151594681
152562316
152759646
152943028
152990344
153376592
153903628
154011904
154211467
154338283
154363013
154366807
154882857
155057585
155358850
155496481
155557701
156143277
156163938
156258313
156267744
156583370
156599620
156720074
156844933
156897723
157151011
157919921
158091939
158182817
158422572
158461824
158825790
159051574
159274387
159393377
159800988
159867446
160003140
160170910
160364365
160839681
161159028
161681143
161880336
162074998
162137021
162245296
162841034
163120501
163283892
163866656
164366642
164429679
164635916
164725645
164779673
164788159
165080583
165389036
165664595
165734218
165752245
166337327
166592156
166607322
166687641
166866545
167546936
167550355
168613189
168661746
168701397
169323166
169390182
169580017
169910869
170538775
171238434
171281470
171333932
171486451
171631921
172019612
172072075
172328781
173193468
173262480
173664422
173698626
173766336
174323420
174430705
174468785
174479317
174565068
174825944
174858003
175558992
175722249
175753763
175893506
176033969
176230173
176690008
176865958
176941494
177170914
178055768
178521432
178603847
178700109
179110692
179176526
179381047
179815520
179925023
179932495
180273492
180406327
180584477
180792862
181328339
181383941
181620336
181648472
181680808
182497194
182516883
182993068
183149922
183375326
184232849
184319498
184685493
185307934
185901677
185951802
186273744
186858712
187015849
187302975
187567184
187587176
187763392
189120452
189196686
189284275
189323538
189813704
190262790
191013516
191477658
191513454
191594694
191749086
191783288
191879516
192202753
192270807
192293097
192403090
192519768
193190775
193323069
193324665
193339551
193340111
193627282
193715549
193715738
194169638
194293161
194483150
194835436
195071661
195480602
195886549
195944467
195958262
196094901
196526073
196558666
196585352
196640018
197020315
197429887
197577760
198178926
198528796
198533929
198538754
198639573
198738627
198885519
198908571
199387029
199528469
199883523
200109462
200452778
200601253
200621539
200722743
200728167
201019426
201506806
201798484
203021439
203374660
203914817
204006711
204199480
204638161
204652076
204947163
204969291
205117573
205404441
205591197
205767871
205874765
206238975
206306156
206479209
206493578
206731429
206849099
207072262
207797088
209570426
210363247
210395736
210409979
210487620
210589983
210764783
210817286
210904103
211146195
211468855
211647881
211816414
211844619
212085340
212179790
212881786
213181497
213214102
213257564
213397658
213692256
213938796
214001507
214049648
214379381
215534596
215685336
215741502
215795532
215829815
216083981
216120339
217188219
217364256
218325587
219418837
220275392
220413161
221203248
221412667
221476870
222153426
222238213
222280190
222286211
222704553
223166731
223168519
223600559
223787091
223964575
223991630
224110103
224126098
224894532
225134695
225303859
225364431
225469629
225667274
225738633
225849811
225952396
226257543
226404292
227066589
227469587
227974014
228150269
228257545
228391061
228487303
228797713
228857166
228941485
229116025
229668854
229986254
230006889
230279527
230365090
230423503
230561642
231404855
232592588
232776903
232836783
232864283
232928394
232931301
233052034
233275818
233416246
233455125
233577091
233600771
233613645
233679323
233704168
234029774
234220703
234245156
234259618
234694875
234763269
234813081
235169084
235172304
235269170
235399080
235425176
236397470
236726899
236757269
236929901
237076489
237253653
237584192
237618880
237823151
237903812
238540446
238699054
238871995
239001754
239140285
239314642
239412270
239995278
240104535
240121929
240653529
240815890
240865513
241088655
241639371
241749016
241850827
242469713
242525516
242627802
242701546
242793285
243319616
243565032
243702862
243762703
244615869
244702729
244877587
244938807
244950127
245388033
245442787
245491388
245550417
246085134
247086784
247951782
248167628
248261011
248369478
248458318
248528134
248626013
248975552
249161094
249216314
249651143
249976006
250404267
250627073
251074637
251108814
251263889
251388652
251710982
251722091
251934833
251935147
252159330
252187181
252437411
252505146
252803659
252831248
252939996
252990306
253285939
253550186
253712690
253944084
254061521
254385067
254467745
254501575
254834245
255038688
255167559
255350153
255369996
255404146
255574167
255574746
255811498
255912427
256160128
256379868
256463289
256515579
256563549
256781638
256953505
257039540
257292494
257505594
257595063
257909622
258356494
258382803
258700725
258867589
259137092
259174505
259737754
259797714
259917023
260568001
260628699
260824909
261157846
261364951
261547128
261584271
262582492
262703955
263931637
264008350
264106175
264249997
264265414
264546866
265137244
265859021
266020421
266231759
266735033
267122695
267481555
267679174
267802187
267870420
268302652
269130875
269220155
269278684
269822054
269929011
270628268
270881371
270925952
270987328
271434857
271530206
271648821
271648914
271922411
272216344
272659294
272995329
273936368
274142349
274507458
275074934
275280878
275374029
275511234
275580401
275599160
276161516
276221666
276320463
276452155
276612490
277155724
277342422
277358178
277561772
277571532
277809355
277923725
278252243
278321058
278415234
278626379
278952675
279105630
279167749
279583372
279613771
279887109
280390107
280428750
281115046
281354312
281369097
281467860
282210236
282498721
282536841
282607529
282774756
282852711
283180756
283605195
283740929
283782267
284099905
284378179
284496411
284515492
284898034
285111665
285545940
285747126
286046680
286206415
286282093
286339145
286399699
287168403
287236780
287338660
287665163
287967432
288024732
288365685
288506624
288973130
289017630
289440927
290030467
290199290
290202428
290480812
290573239
290623901
291464780
292021329
292201199
292945823
293161201
293245263
293339169
293581950
293984111
294330464
294400204
294999388
295286393
295583030
295737886
296306912
296360973
296482293
296707821
296889914
297813652
297825881
297862843
297905643
299292699
299302332
299948700
299989497
300002953
300152969
300162305
300180466
300372238
300519222
300837430
300843683
300915857
301130674
301936164
302083382
302096666
302463831
302906080
303033983
303158274
303255416
303908380
304070924
304314453
304722690
304814582
305459158
306434106
306911025
307534602
307769617
308270361
308339177
308571093
308912070
308949254
309489389
309490711
309580439
309604266
309844980
310165012
311256329
311304953
311483655
311551469
311848934
311971529
312095267
312588130
312856755
312883925
313201706
313388096
313625551
313653690
313657351
313853268
314215844
314410729
314885779
314894563
315188221
315350697
315358513
315708020
315959698
316198930
316365902
316589691
316727021
316904905
317302726
317335235
317877244
317892427
318327519
318670656
319277690
319559914
320011696
320334168
320441288
320608793
320679878
321053765
321569651
321572094
322395430
323507685
323598529
324810515
324849941
324864621
325141248
325179756
325274762
325785300
325862995
326049987
326312000
326668574
326682289
326700189
326772031
326779623
326847837
327034886
327495127
327681184
327786916
327994218
328126462
328207710
328577132
329408536
329504312
329713740
329718370
330707065
330720315
330743191
330975662
331067345
331408114
332019756
332054481
332069637
332357781
332428779
332501479
332537577
333376172
333575032
333582396
333648788
333798424
333890498
334342225
334514784
334541926
334687462
334697707
334861835
335086079
335310680
336491538
336584752
337224241
337511466
337698458
337867076
338091235
338538517
338683622
339172185
339788561
340389421
340392058
340420008
340598602
340697606
341014499
341063634
341542256
341721078
341758123
342674066
342743639
342802058
343357366
343394141
344255983
344266594
344425646
344687842
344767041
344902309
345094602
345236021
345731986
346073839
346588223
346605890
347226714
347269582
347420244
347674814
347728410
348605255
348732486
348972412
349255375
349665576
349740053
349789517
350074607
350258977
350804157
351013059
351177210
351195732
351629503
351637001
352001820
352124834
352351909
352475352
352526597
353290224
353835181
353920857
353931902
354045235
354111492
354121135
354208701
354248750
354401200
354520200
354626628
355493248
356268558
356354357
357034855
357107459
357130454
357148512
357392762
357968827
358428728
359229396
359237916
359812846
359951102
360112075
360381193
360402773
360633861
360702788
361588504
361758305
362142718
362430631
362451763
362728009
362802489
362875020
362918421
364004954
364252068
364374398
364677805
364698956
364769244
365372067
365399489
365957558
366175776
366352040
367070677
367087386
368017882
368225266
368429716
368730922
368823077
369219335
369248509
370007158
370215791
370393813
370397220
370793504
370858961
370975146
371082495
371103823
371157905
371280544
371479754
371623312
371657632
371725212
371727609
371804300
372768515
372847785
373327241
373382329
373540729
373622004
373737011
374465508
374555325
374658646
374682048
374788985
374954412
375038550
376062249
377087293
377931758
378105626
378304188
378478541
378593582
378657999
379027087
379165956
379347941
379461555
379693150
379856263
379974329
380041872
380261999
380379368
380600400
380614668
380805674
380828770
380851750
380873277
380944574
380975434
380998463
381306886
381480165
381586459
381739454
381969590
382078710
382272238
383065469
383120903
383246276
383327104
383462382
383836739
383934756
384077326
384320682
384351498
384680436
385021698
385236900
385837676
385844759
385848168
385879694
385978726
386176278
386373871
386583906
386592362
386637823
386661528
386806542
387109971
387282628
387522963
387842937
388088721
388288287
388447122
388660032
388675245
389207448
389302241
389446723
389497767
389617212
389955440
390393272
390443016
390625949
391038874
391072005
391736706
392645911
392660106
392679720
393332277
393425215
393479936
394000927
394292311
394381088
394470249
394647943
394665751
394680717
394769401
394952182
395029479
395119661
395540796
395717470
396325536
396900720
396951957
397176243
397247501
397294914
397323967
397730891
398277179
398598430
398672157
398824608
398989069
399131853
399223403
399376258
399404330
399470112
399689258
400421741
400695678
400905668
400961433
401206760
401450998
401595199
401729867
401889144
402171046
402209008
402213523
402630374
402661119
403371225
403568490
403650017
403957241
404019316
404176543
404210758
405002995
405020414
405305946
405346781
405591654
406073301
406198138
406268660
406316191
406365062
406709658
406955322
406998542
407013622
407327600
407418278
407523851
408105121
408325726
408394214
408872682
408873889
408969567
409300059
409327062
409653410
409722235
409806448
409837721
409947331
410063324
410268133
410538065
411213182
411227329
411254555
411415737
411555063
411752262
411790772
412281789
412332017
412915954
413134552
413375309
413597863
413641713
414120899
414676030
414957474
415051332
415076750
415258267
415368322
415437553
415476281
415811008
416364244
416460197
416803920
417161897
417388481
417782881
417787213
418049519
418462918
419075186
419575868
420125542
420183616
420303608
420327652
420633618
420741338
420832681
420922704
420993737
421058090
421134190
421444474
421516294
421813770
422305519
422377941
423113803
423220137
423243489
423397265
423534031
423781320
423940224
424134023
424191668
424295569
424758274
425258789
425277615
425867639
426326012
426544296
426775175
427191170
427876200
428188994
428458029
428553334
428568758
429126142
429368342
429607377
429865358
430211642
431257035
431302638
431373510
431667841
431807858
432086810
432169269
432233224
432315558
432334073
432391543
432531911
432845378
432987288
433177350
433801272
433962942
434246167
434388592
434977603
435747695
435903914
436234353
436330851
436857744
437040178
437080162
437410954
437722440
437828244
437979219
438218262
438360948
439196528
439640293
441013475
441155808
441252521
441346733
441403078
441462772
441466656
441476260
441534725
441630709
441638361
441639234
442132152
442151548
442685718
442732366
442903386
443267694
443299212
443308804
443423490
443623939
443718651
443851060
444039592
444059277
444097084
444185083
444649318
444756589
445509539
445532128
445822909
446028751
446034531
446311602
446684560
446745125
447048898
447073777
447225506
447493607
447702446
448363482
449263862
449302807
449605802
449885351
449917502
450457107
451062941
451447860
451910290
452049328
452441528
452446875
452790910
453259091
453570290
453660695
454055555
454118057
454414054
454585763
454658750
454695702
454819685
455191888
455301750
455884876
455885154
455892676
455897461
456277545
456336421
456627255
456670933
456894035
457302314
457454894
457703276
457867617
458052800
458122778
458393206
458512114
458632793
458781315
460122125
460251412
460339353
460368344
460392626
460881166
460961445
461247232
461571195
461799194
462707260
463397121
463457049
463485935
463690240
463704173
463736226
463829026
464450367
464520859
464653657
464739136
464844099
465173948
465217440
465510227
465608366
465647115
465790004
465804640
465964250
466555285
466669636
467012463
467022952
467362960
467492567
467567191
467744516
467847255
467976552
468160621
468360046
468386062
468445801
469035113
469109402
469127695
469193433
469252284
470010851
470407590
470510939
471188501
471379493
471465906
471640683
471696187
472255946
472436994
472583452
472596130
472654791
472939734
473062006
473455146
473545410
473546876
474570048
474590097
474826975
474875299
474923248
475167723
475184519
475511860
475918102
476085075
476266874
476422672
476498703
476569348
476924677
477500704
477914994
478458337
478466570
478503189
478534382
479607365
479627335
479627719
481168670
481242411
481460010
481843954
481983127
482073237
482189725
482334334
482467374
482832485
482864436
482902353
483136638
483943498
484381035
484417756
484912721
485239588
485958943
486207334
486392125
486504169
487167394
488139366
488379708
488953471
489080442
489156743
489169942
489824323
490329520
490551922
490641312
490683501
491139918
491163601
491399310
491596479
491815624
491885699
492193796
492482242
492503711
492656175
492977430
492983251
493270430
493653298
493701222
493876515
493888788
494739572
494910769
495021938
495449071
496030674
497024510
497305512
497947702
497983826
498508763
498631696
498999002
499165588
499411683
499513479
499721801
499907326
500097163
500296322
500359030
500426448
500451987
500472669
500556292
500630202
500843931
501420536
501523218
502273693
502337090
502923206
502995047
503028551
503129154
503385688
503509275
503827344
504025518
504070999
504147766
504294295
504405509
504508934
505812692
506073474
506615292
506724549
506883066
507076448
507466491
507489470
507665807
507773978
507875698
508319683
508343877
508751907
508960745
508967735
509012413
509151739
509490717
509766161
509899076
510124496
510989532
511093152
511250014
511391292
511500472
511538588
511831150
511981971
512073883
512081458
512117756
512444896
512608592
512861159
513105400
513998645
514399168
514787422
515001085
515259411
515467796
515496535
515667717
515769986
515874221
515969522
516098521
516776391
516896078
517214041
517233646
517332928
517446467
517480405
517935733
518075122
519118887
519149330
519155178
519307633
519323375
519485393
519508773
520180162
520510573
520637877
521062071
521100191
521127076
521244887
521358098
521544557
522339953
522570781
522871895
523354262
523610619
523648750
524428833
524556079
524667376
524769396
524897200
525337514
525550351
525965704
526068892
526125150
526570684
526781392
526996143
527293180
528165681
528867699
529021200
529066819
529087229
529377888
529456436
529643405
529752864
530269436
530277462
530631292
530913577
531921050
531949516
532226443
532636449
532918486
533013737
533332791
533425246
533559646
533589139
533931718
533986042
534017275
534763690
534989107
535190647
535826264
536065907
536225244
536439548
536551182
537171939
537172764
537179375
537273585
537365099
537408281
537463971
537839797
538147793
538165854
538249132
538888048
539214426
539516820
540086618
540174431
540921827
540935528
541142624
541388615
541553021
541620866
541956828
542130689
543102649
543203775
543776532
544604071
544779300
544820427
544954943
545019652
545224933
545376562
545380642
545637917
545756067
545791543
546488415
546611870
546706951
547546627
548793052
549293063
549563019
549844752
549945706
550145259
550597776
550900320
550928841
551003509
551577100
551850153
552103208
552430426
552481669
553119025
553186297
553281965
553376905
553733210
554549368
554627377
554686573
554919138
555088734
555220306
556002304
556003049
556193125
556216046
556422344
556530943
556671834
556741573
556742280
556760025
557877647
558070025
558497278
558968004
559067075
559624990
560002484
560361273
560707086
560994868
561512902
561831421
562207314
562434555
562555076
563260622
563291328
564319004
564658409
565152058
565416002
565717603
566632281
566982692
567549496
567854741
568204832
568388597
568458603
568709886
568784487
568927372
569004244
569566907
569668597
569733284
570310344
570461730
570503133
570817081
571045412
571819629
572520187
572569700
573024391
573891939
573957827
574459393
574734204
575199439
575232584
575381762
575507109
575637586
575927576
576300889
577624135
577628192
577925507
578088603
578150630
578783067
578980021
579443075
579852592
579959187
580239966
580416330
580458476
580537807
581256102
581269078
581681891
582030386
582056086
582227622
582733337
582833056
582834278
583327037
583469883
583751973
583932401
584058881
584241143
584596418
584661066
584767244
584884380
585409051
585511464
585813451
585852224
585899369
586653956
586885082
587029494
587087109
587209678
587316184
587756553
587840120
587961791
588645079
588873221
588982319
589811197
589818031
590837615
590874997
590990630
591017560
591806675
592192105
592332414
592442667
592957135
594108018
594379752
594451509
594729099
594761089
594925463
594991381
595233821
595696000
595713703
595899124
596082610
596159765
596208991
596209166
596541187
596620103
596763175
596786678
596963970
597301738
597870912
598217075
598282215
598321094
598551477
598826651
598859033
598994788
599003029
599617327
599744764
599895882
599955184
600158036
600316375
600570090
600877313
601300518
601520742
601648588
601781850
601836416
602823746
603156897
603172061
603236572
603619191
603666793
603834845
604957179
605134033
605778392
605954626
605969055
606022340
607123207
607145841
607198455
607305697
607939137
608035466
609403990
609425694
609569911
610043536
610243843
610455308
610645356
611243379
612535137
612899494
613363534
613844798
614460874
614512465
615265157
615275005
615881208
616098068
616589488
616834240
616957825
617034466
617897205
618198847
618291149
618516758
618948890
619383378
619397135
619518013
619765613
620007787
620287676
620574286
620581830
620592587
620864739
620910425
621210406
621285454
621586634
621613721
621691342
621805400
621986749
622087630
622608675
622633160
623057733
623087314
623127211
623153425
623306824
623322183
623585754
623776807
624224895
624563691
624832610
625227907
625358542
625390043
625527181
625627791
626167362
626276690
626287145
626408696
627123254
627157326
627179747
627187187
627211468
627307737
627612499
627792356
627910575
628086531
628115315
628199046
628546349
628786362
628925727
628928674
629273215
629937358
630002957
630074315
630444107
630577762
630835681
631127129
631189696
631577416
631667064
632167307
632898851
633492595
633501721
633562521
633910477
633945406
633962965
634217717
634400092
634544377
634713435
635542185
635691937
636565605
636843762
636925240
637141199
637193148
637542261
637691258
637727978
637816858
638279601
638410551
638484748
638520126
638570572
638952932
639166065
639703245
639714789
639753570
639779508
640529892
640538019
640624555
641015694
641302034
641799486
641882544
641943354
643429790
644172010
644406112
644679110
644774347
644853202
645519557
646678421
647203760
647295541
648509748
648732395
648751197
649100912
649474386
649928777
650191997
651786664
651836409
651901189
652545733
652554224
652895328
653006350
653165567
653227805
653322236
653394086
653685241
653693336
653871880
653932026
653987036
654294362
654421293
654537694
655079483
655190555
655323610
655564517
655595408
655601341
655682174
655998978
656045013
656163225
656345638
656808393
656921696
656935627
657292490
657341599
657865858
658140131
658241263
658613861
659023388
659191790
659360615
659385326
659512962
659700835
660424496
660737631
660968179
661243364
661396318
662009291
662049152
662521982
663397534
663669716
663700790
663809779
663868129
664037841
664045038
664063818
664501035
664525687
664950943
665451482
665591495
665730871
665827067
666067804
666184732
666993472
667018570
667070310
667259455
667633994
667724552
667967810
668171727
668474925
668561539
670041656
670045693
670201917
670394333
670551997
671369889
671473454
671487032
671827769
671929648
671960473
672158595
672160626
672165262
672173098
672299017
672405226
672435552
672539885
672544920
672658583
672667809
672841713
672897669
672988673
673333928
673528930
673548764
673579902
673770100
673815460
674291640
674361963
674800105
674945985
675031440
675569189
676498380
676536962
676893363
677001606
677468115
677487691
678477049
678493233
679606634
680237742
680835763
681086584
681319605
681451406
681458092
682330673
682550603
682622742
682623222
683184498
683628478
683853764
683885194
684572457
684714297
684830214
685030415
685059062
685219742
685324133
685630788
685705995
685917127
685992698
686224435
686308411
687032861
687284203
687368251
687447874
687537643
687712549
687737689
687784280
687888712
688184422
688538258
688573468
688762511
688777837
689341720
689428746
689558827
689720406
689787142
689964070
690402777
690587127
690833941
690892064
690955147
691247549
691457313
691664507
691910879
692024168
692834139
692940237
693048539
693267165
693273859
693404032
693719002
694448202
694487182
694769675
694899277
695033369
695159791
695166819
695451717
695717892
695793169
695798282
695827319
695910766
695989512
696133992
696688162
696880993
697326958
697678536
698142905
698461989
698664049
698835080
698922306
699076966
699228715
699491416
699634733
699747534
700560049
700665370
700839129
701591595
703243553
703398674
705376197
705685133
705997731
706227914
706301883
706666536
707255056
707939455
708019239
708041841
708142802
708529689
708892045
708918005
709536180
709586755
709791889
709943235
710243311
710266162
710404248
710404646
710651124
710854376
711683181
711809794
711951738
712333273
712454243
712727080
712961034
713237682
713483051
714075578
714239489
714321045
714480064
714661033
714867009
715243659
715276321
715494955
715629542
715643901
715673144
715933503
716441709
717270342
717443259
717484149
717542370
717615314
717627652
717641161
717945650
717990831
718080638
718125303
718254285
718393620
718604797
718911919
719075564
719083950
719248144
719365522
719450635
719674732
719946288
720049019
720526548
721173668
721221181
721329596
721382692
721770627
722055124
722207441
722236310
722366087
722385503
722563516
722929356
722983385
723084352
723203486
723461437
723643768
723674282
723740653
723742084
724306661
724347621
724431564
724921497
725138319
725141926
725292859
725427101
725521724
725536682
725536982
725668839
725947326
726114030
726150531
726259972
726422270
726522974
726663301
727166333
727520106
727847865
728225406
728622804
728629532
728712823
728896797
729416548
729519552
729816243
729911622
730145773
730329653
730618212
730954650
731178103
731325836
731398138
731507804
731657864
731876768
731901150
731918425
732343086
732542233
732583069
732614328
733250967
733481911
733613910
733740652
733812466
734043374
734121881
734222644
734452605
734937290
735012140
735232408
735590368
736071992
736118386
736416110
736574617
736699342
736747828
736781549
736937714
737277753
737479834
737520099
737599114
737768564
737985146
738335316
738767637
739045232
739258801
739619306
739703270
739753575
740198985
740316882
740356805
740360019
740680256
741238065
741572954
741771294
741795189
741855690
742005258
742160089
742181499
742465942
743362244
744101954
744256817
744284042
745064598
745524068
745795485
746038693
746530030
746557310
746599226
746639433
746767858
747437027
747547464
747700230
747722010
747900719
747940056
748231369
748387499
748605390
748851748
749199485
749363305
749919349
750200504
750456118
750845738
751135712
751368436
751458996
751490379
751638877
752071402
752094061
752138433
752171523
752461717
752554424
752663452
752690922
753127905
753593072
753858533
753892801
754064761
754467687
754657588
754735111
754842868
754965285
755474782
755589013
755762601
756485348
756597077
757217934
757284406
757639277
757741696
757779745
757818823
757824937
758016196
758841307
758899090
759919069
759990413
760383017
760477706
760806368
760938536
760949164
761045301
761351769
761377848
761462480
761710513
762091777
762505740
762648922
762662344
762791656
762841902
763344826
763397558
763559202
764473217
764760869
764951802
765055055
765211138
765407033
765442634
765741767
765832374
766565846
766662352
766678700
767070518
767340669
767557036
767623447
767681342
767735788
767776387
767789376
768039620
768258328
768360288
768818899
768841584
769347652
769533402
769708380
769924320
770260456
770293509
770450825
770521051
770804613
770914538
771002075
771353878
771728313
771932192
772028403
772397964
773129387
773133405
773552346
773741603
774272098
774605603
774612730
774962274
774980476
775111151
775679212
775860938
775890087
775981856
776301125
776370072
776400429
777081518
777461300
777655003
777681365
777944640
778041232
778093867
778375922
778691151
778717416
779040327
779162693
779752275
779934645
780001242
780137027
780372641
780596219
780967357
781149710
781347693
781389780
781438412
781778054
781889530
781920122
782157577
782220900
783462172
783650759
784201660
784320480
784359946
784842456
785190049
785350814
785479503
785613806
785623649
785719317
786146785
786191288
786777250
786963064
788097964
788113736
788182390
789047932
789070749
789250357
789255274
789818381
789965191
790361536
790417905
790738597
790897276
791038909
791496769
791644676
791840038
791935665
793076247
793288863
793949560
794195968
794254986
794486351
794694954
794755618
794998900
795264345
795725953
795739792
795752134
796015308
796203301
796232119
796309248
796337133
796417645
796423589
796519156
796750949
796920310
797278287
797425730
797719038
797859853
797917055
798334827
799112809
799688377
799962618
800462503
800830602
800838206
801161177
801303713
801595259
801844561
802066775
802292227
802308623
802414420
802674567
802730923
803881451
803937810
804022646
804337395
804522209
804634071
804923983
805189433
805429398
805632196
805715021
805732048
806138445
806421105
806571121
806682275
806968596
807439783
807458242
807784449
807858917
807922727
807965374
808423946
808477771
808493946
808716576
808751393
808882236
808945751
808993381
809288916
809512551
809966715
810107704
810238577
810705979
810800779
811033582
811273877
811335672
811980077
812522368
812529520
812597710
812936167
813273356
813450149
814628841
814882265
815174694
815314102
815473039
815829844
815885787
815891188
816179306
816537199
816998707
817198220
817268907
817287437
817731266
818710091
819340957
819379317
819509620
819625658
819738443
819991804
820069224
820288371
820634078
820738592
821216201
821239051
821357694
821620196
822064775
822205326
822220268
822316208
822411996
822435887
823114111
823362880
823384612
823826853
823994773
824114256
824240949
824303911
824847641
825049480
825493841
825933004
825939107
826641883
826679191
827185520
827420567
827497929
827622018
828009367
828164507
828283889
828395924
828448083
828593217
828613888
828625650
828734183
828858374
829014168
829203253
829279677
829645832
829656218
829815693
829853456
830327269
830854522
830946019
831374215
831522375
831671593
831875797
832169826
832387398
832523961
832882753
833020019
833034862
833216267
833402736
833424268
833475640
834559536
834895919
835073553
835121398
835370179
835506372
835814991
835839628
836113825
836230437
836398233
836499235
836536404
836614744
837276179
837287342
837596137
838016904
838130192
838222227
838469161
838614029
838827808
838974671
839014406
839355286
839521963
839788580
840549905
840554756
840747945
840960231
841138369
841552143
841675623
841870889
842018868
842063470
842476257
842559560
842842812
842990107
843509248
843731524
843884519
844120197
844220853
844351369
845055705
845132134
845239655
845539386
845615751
846047799
846088372
846158555
846194073
846276096
846381254
846439230
846606170
846843498
846867510
846881204
846922657
847405878
847977508
848184788
848506191
848552840
848618763
848746947
849199396
849314329
849721396
849790174
849998572
850305587
850440093
850443133
851178977
851429450
851636445
851898098
852148201
852228901
852558387
852663040
853185523
853664215
854411030
855004186
855036961
855145312
855217300
855550612
855761467
856314265
857034276
857133642
857264949
857364766
857939371
858018361
858186842
858386850
858439996
858459126
858592380
858933271
859793812
860579938
861091520
861107575
861245364
861335146
861529837
861818224
862319690
862595184
862890819
862890858
862984376
863571558
863740304
864224091
864574978
864692193
864703274
864725633
865290744
865899758
866762134
866879927
866988638
867022788
867043632
867890290
867987671
868031617
868406988
868911214
868957017
869198409
869492743
869543049
869867035
870103557
870194400
870227009
870814415
871123639
871174401
871470326
871729487
872141412
872544042
872652023
872959842
873127629
873382701
873640681
873823004
874277803
874513574
874613505
874680724
874966601
874984384
875211664
875241323
875445679
875574325
875820830
875977245
876299262
876631757
877236434
877265874
878020565
878162222
878354907
879090740
880806038
881486323
881691873
882137784
882474802
882694440
882746116
882786963
882870699
883044917
883329424
883723761
883960390
883976364
884426262
884504903
884623008
884837110
884878282
885396296
885584457
885830329
886261108
886444452
886466691
886704893
886816114
888238509
888500998
889201422
889254815
889677761
889694662
889758737
890132459
890627198
890680127
890845720
890922161
891090290
891280238
891392937
891990597
891999191
892185073
892505947
892581849
892659948
892726624
892961785
892962413
893045067
893106909
893279066
893372357
893800977
893824402
893846798
893879263
894230748
894415378
894505397
895066621
895110318
895278584
895679245
896243003
896477888
897414645
897716408
897958070
898011040
898087192
898554061
898623308
898838996
898845738
899578622
900004446
900004593
900168330
900285713
900567665
900657181
900843482
900980389
901128506
901625518
901959334
902349368
902987307
903579413
903693353
903734492
904097538
904210334
905391453
905565943
905829552
906237586
906705042
907036197
907038764
907385805
907475776
907727471
907784197
908033209
908326792
908939410
909274016
910261649
910339091
910851882
911021210
911043570
911481456
911516246
911808279
912156007
912289821
912676172
913547800
913877106
914073736
914128831
914572115
914614230
914628419
914997034
915804925
915970302
915994556
916448302
916983507
917133219
917285082
917471402
917707362
917740757
917957808
918180900
919013876
919530851
919660774
919841526
919958972
920139682
920321267
920708272
920725469
920772325
920797998
920963634
921201446
921670647
922052447
922395803
922407553
922792116
922836771
923186409
923257030
923316475
923774052
924183634
924486822
924531244
924735262
924966863
924975632
925803669
926048118
926875185
927045182
927064165
927682285
927854333
927915926
927924715
928164642
928341163
928400244
928733695
929105574
929245470
929298591
929415548
929706233
930104082
930412567
930551273
930676741
930683965
930742009
930960280
931096534
931595167
931803138
932454660
932883786
933150568
933912792
934159835
934571031
934608995
934753243
935139159
935253761
935327281
935349280
935596410
935977667
936131403
936320021
936338323
936632376
937188132
937414751
937433877
937591005
938041803
938311575
938375503
938603606
938826515
939224765
939470813
939852258
939863184
939883467
939892860
940245691
940306900
940307547
940666737
940741396
941170564
941264192
941358300
941607509
941660228
941719830
942435508
942552839
942587683
943184955
943576692
943761687
943839077
944107948
944298432
944549392
944578126
944818652
944998179
945005707
945020599
945212965
945219380
945405137
945447446
945617349
945625728
946317443
946649474
947035812
947064365
947120463
947203654
947446915
948026703
948165811
948188449
948258244
948605155
948737056
948961271
949197556
949205446
949267396
949967385
950014944
950365308
950613947
950622371
951241682
951536801
952002009
952019269
952277142
952756391
952938387
953094134
953200522
953293323
953328369
953575534
953613317
953785572
954103407
954105083
954224508
954452536
954482850
954931954
955084713
955170840
955687883
955837411
955857789
956114284
956146992
956193490
956241888
956342090
956581862
956835624
956868134
957883810
957956870
958309503
959110226
959391388
959593527
960000891
960087622
960129006
960435038
960910829
961076295
961125266
961770055
961864465
961956160
962107549
962164156
962169415
962223509
962260167
962343346
962581221
962901145
963134168
963214646
963507848
963743150
963794807
964017863
964045098
964079909
964255275
964438494
964641284
964875871
965574647
965980523
966385711
966664606
966777096
967030261
967148640
967180403
967725789
967760535
967966708
968094805
968189533
968225130
968643040
968838624
968921421
968942006
969078205
969092094
969399947
969472559
969638921
970119153
970149448
970329004
971017361
971913254
971923431
971926770
971931977
972254169
972758227
973491153
973801906
974429920
974437877
974545275
974698758
974915341
974931291
975751765
975755828
975757504
976066324
976200792
976589263
978163884
978194388
978525737
978761232
979222910
979241078
979338033
979346904
979621376
979705666
980154488
980454820
980488311
981091003
981206433
981475890
981785556
981848877
981890647
981974036
982255329
982478444
982489828
982677582
982817863
982921333
983226718
983851749
983898623
984336437
984372591
984477266
984648592
985485665
986386904
986732365
987046540
987538700
987760359
987909753
988144325
988318632
988367486
988710938
988798261
988829317
989712600
989784295
990372125
990525035
990576612
990733948
990937604
991218825
991436382
992019649
992030485
992610578
994025965
994054054
994519138
994869504
994882613
994986255
995186468
995236661
995710917
995832742
995946546
995981518
996446456
997227878
997235660
997456434
997688349
997733971
998703761
998714631
999010293
999063513
999096226
999150068
999343254
1000147897
1000291876
1000342133
1000687021
1000857853
1000956069
1001214966
1001304794
1001902204
1002151877
1002166925
1002216423
1002454432
1002503462
1002862876
1002937935
1003048036
1003050612
1004142548
1004169534
1004718444
1005071989
1005289309
1005758397
1005854695
1006438006
1006498240
1006519601
1006689626
1006749558
1006768989
1006847567
1006962531
1007089592
1007376474
1007511133
1007620322
1007695409
1007735653
1007757274
1007847621
1009523057
1009632056
1009874081
1010058570
1010243435
1010320252
1010370072
1010388530
1010991625
1011007811
1011291902
1011503530
1011638694
1012102696
1012180582
1012256329
1012777817
1012780982
1012915107
1012974073
1012994126
1013034557
1013056215
1013161853
1013356713
1013706937
1014286672
1014328582
1014470536
1014625800
1015043300
1015049463
1015534173
1016365960
1016591112
1017405687
1017613097
1017652287
1017691506
1017746521
1017921373
1018149921
1018267375
1018272253
1018306120
1018355678
1018449413
1018465711
1018506555
1018913238
1019073266
1019315309
1019639607
1019770112
1019773148
1020020903
1020823213
1021005502
1021922238
1022088984
1022355415
1022602615
1022639877
1024457871
1024850559
1024943327
1025077687
1025784970
1026575463
1027205533
1027442838
1028112158
1028474195
1028777319
1028961596
1029147620
1029570273
1029675352
1029686678
1030230265
1030258317
1030620413
1030877213
1031063457
1031207802
1031440048
1031740354
1032366157
1032906255
1033080447
1033548700
1033558003
1033858637
1034145943
1034490291
1034498338
1034751469
1034857048
1035389673
1035560108
1035577970
1035695608
1035857906
1036593215
1036612168
1036790208
1037091144
1037355944
1037481237
1037552556
1038050238
1038674686
1038718873
1039172938
1039397832
1039590217
1040167719
1040174510
1040181038
1040612123
1040762223
1041263757
1041632442
1041890029
1042300775
1042315473
1042718892
1042997518
1043051575
1043130968
1043819404
1044149164
1044174328
1044349581
1044763665
1045116900
1045547233
1046085910
1046210896
1046353002
1046743991
1046994585
1047113204
1047283189
1047321308
1047332851
1047774141
1047916640
1048445609
1048512598
1048593130
1048924161
1048965916
1049155864
1049404418
1049412601
1049793501
1050254352
1050365886
1050562493
1050798431
1050864971
1050891861
1051505809
1052126991
1052247283
1052875354
1052935207
1053204160
1053562866
1053990195
1054341195
1054445516
1054580569
1054627814
1054784929
1055143060
1055545682
1055552923
1055572304
1055720140
1055793746
1055852549
1056007362
1057718734
1057838271
1058225725
1058565584
1058699182
1059094934
1059320777
1059485559
1059805311
1060115135
1060138640
1060189864
1060306257
1060557586
1060838544
1061395719
1061827593
1061911740
1061921385
1062033803
1062367906
1063201720
1063332647
1063801454
1063865931
1064213183
1064377735
1064487743
1064564086
1064630100
1064870259
1064994798
1065767750
1066581934
1066913291
1066938947
1067192006
1067321941
1067844297
1068264414
1068295798
1068347922
1068571164
1069008904
1069277885
1069359885
1069825953
1069951915
1070435095
1070640798
1070740648
1071323718
1071655464
1071844828
1072078641
1072154089
1072293950
1072313225
1072578113
1072740238
1072916317
1073669799
1073921547
1074104989
1074187083
1074670627
1074833607
1074879036
1074913384
1075012850
1075200066
1075260806
1075288804
1075755773
1075873481
1075889973
1076043415
1076071201
1076116628
1076476282
1076766481
1077034752
1077128144
1077249575
1077268306
1077538983
1077564539
1077731097
1077788363
1078450974
1078475469
1078487092
1078697159
1078815445
1078958360
1079044898
1079176756
1079231518
1079443998
1079786643
1079972280
1080098448
1080637019
1080910112
1080913513
1081233563
1081233816
1081452264
1081505822
1081573750
1082074579
1082510302
1082812365
1082830853
1083115127
1083151930
1083254992
1083455281
1083497343
1083606147
1083849525
1084440586
1084450727
1084600101
1084689556
1084798787
1085226537
1085568484
1085653932
1086263618
1086729724
1086767449
1087052828
1087392852
1087443365
1087583328
1087669316
1088119272
1088251279
1088385944
1088505351
1088944354
1089051795
1089108846
1089289169
1089385130
1089591258
1089725961
1089979969
1090977460
1091169578
1091268370
1091532778
1091585247
1092032247
1092051421
1092314131
1092499891
1092650961
1092676828
1093115623
1093703225
1093742836
1093968242
1094173710
1094187117
1094189668
1094338797
1094703247
1094746983
1096131058
1096605559
1096790145
1097586229
1097838619
1097888602
1097948686
1098370089
1098563654
1098732835
1099301925
1099529041
1100761578
1100897801
1101277450
1101341297
1102123946
1102300272
1102339377
1102536636
1102594930
1102688033
1102803104
1102886099
1102924632
1102935359
1103380922
1104364790
1104674371
1104729421
1104951877
1105029226
1105107269
1105170759
1105323405
1105365614
1106233194
1106532961
1106649954
1106962949
1107594443
1107714314
1107745300
1107787863
1108043478
1108161203
1108946990
1108963741
1109134375
1109238316
1110888443
1111028945
1111251787
1111401433
1111485708
1111658957
1111767975
1111839615
1112192480
1112238053
1112384890
1112678142
1112734366
1112877951
1113311914
1113689420
1113740917
1113748082
1113935515
1114176981
1114429365
1114442307
1114669319
1114895983
1115061668
1115297808
1115748095
1115811691
1115955342
1116093453
1116399851
1116718311
1116810985
1117004759
1117645779
1118124658
1118135783
1118276594
1118454526
1118479603
1118555351
1119077464
1119560681
1119730794
1120285269
1120422900
1120757878
1121033404
1121115534
1121644210
1121815775
1122261585
1122423087
1122581547
1122929648
1122984758
1123014294
1123176023
1123203288
1123223690
1123254010
1123432219
1123707428
1123843745
1124148401
1124372929
1124520342
1124559536
1125037986
1125132424
1125790842
1125841425
1126159765
1126667289
1126759760
1127212681
1127330507
1127432482
1128287314
1128582758
1128726557
1129382578
1129411433
1130078052
1130204360
1130339007
1130391014
1130628716
1131149983
1131416196
1131560048
1131714861
1131814868
1132245708
1133121959
1133334993
1133507380
1134464824
1135275517
1135717865
1135802321
1136296574
1136305324
1136442606
1136705459
1136964180
1137051052
1137228019
1137386422
1137746444
1137808789
1137864384
1138159152
1138412487
1138508926
1138746563
1138778466
1138791623
1138873063
1138996560
1139475412
1140132418
1140240717
1140394350
1140611287
1140647733
1140742668
1140751436
1141139221
1141443842
1141550307
1142335188
1142518685
1142708110
1142777409
1143175693
1143467923
1143898033
1143908036
1143955732
1143955854
1143999648
1144394181
1144581113
1144730107
1144840824
1145062035
1145064806
1145482810
1145588802
1146015507
1146140090
1146197939
1146278203
1146381277
1146414067
1146539782
1146674631
1146727253
1147078889
1147280676
1147383460
1147674752
1147849773
1147968654
1148335303
1148673991
1148851156
1148980039
1149044922
1149292514
1149931644
1150043294
1150408458
1150610689
1150663565
1150782902
1150997331
1151270853
1151680330
1151816759
1152327368
1152447714
1152744527
1152756841
1152902251
1153092818
1153484224
1153669160
1153708622
1153809244
1154057758
1154377217
1154428172
1154577734
1155095606
1155143191
1155155917
1155493581
1156036157
1156301981
1156341796
1156557464
1156727412
1156735747
1156947590
1157208031
1157559483
1157589152
1157639006
1157680323
1158795035
1159395249
1159425473
1159429185
1159461186
1159888096
1159956767
1160032066
1160114380
1160453699
1160500549
1160654646
1160835028
1161172877
1161216354
1161298023
1161852886
1162143284
1162189136
1162348339
1162366536
1162582589
1162726401
1163359614
1163376439
1163388897
1163850779
1164148999
1164636552
1164869873
1165297519
1165400444
1165484243
1165637925
1165778917
1165841612
1165863931
1166151938
1166755602
1166934896
1167133617
1167266212
1167353130
1167660648
1168122639
1168178147
1168268473
1168566108
1168996665
1169192189
1169247417
1169404856
1169447416
1169555685
1169867086
1170003731
1170339098
1170501950
1170601384
1170740835
1170803679
1170822814
1171255717
1171380634
1171616697
1172243526
1172636047
1172776352
1172963183
1173332874
1173368027
1173751078
1173862589
1174255174
1174325749
1174332754
1174733937
1174738141
1174792116
1174876918
1174896405
1175468502
1176737906
1176767736
1177166837
1177238417
1177295202
1177733823
1177734775
1178317524
1178495058
1178500702
1178839937
1179074223
1179396106
1179855063
1179980499
1180095610
1180109308
1180158882
1180351010
1181022083
1181307395
1181311086
1181405847
1181638291
1181640122
1182127924
1182258471
1182316910
1182359424
1182505428
1182601395
1183142249
1183307898
1183464865
1183500564
1184180556
1184218478
1184407947
1184431702
1184476420
1185424080
1185452883
1185482232
1185664140
1185822596
1185955812
1186153528
1186173972
1186349135
1186862320
1187068024
1187071908
1187075551
1187297883
1187905797
1188560812
1188680687
1188842266
1188999900
1189460274
1189463750
1189529901
1189640271
1189682063
1189780916
1189825897
1189875987
1189891902
1190160400
1190650602
1191150952
1191691545
1191693704
1191986357
1192041275
1192176932
1192875549
1192935193
1192999811
1193093963
1193278234
1193332872
1193336091
1193644921
1194112912
1194255627
1194531462
1194860280
1194971101
1195164375
1195513782
1195820453
1196021911
1196545029
1196815466
1196961304
1197052870
1197107526
1198105565
1198234591
1198302602
1198724162
1199098233
1199162099
1199325256
1199343096
1199417271
1199627982
1200034470
1200049639
1200066788
1200318749
1200946677
1200949674
1201216837
1201354686
1201865259
1201949605
1202299354
1202384552
1202471740
1202525994
1203207229
1203220919
1203603077
1203657643
1203761706
1203956148
1204317301
1204578222
1204675254
1204936832
1204987155
1205097449
1205135452
1205260749
1205540328
1205975482
1206195856
1206217429
1206267340
1206444196
1206465807
1206672595
1207557686
1207927677
1208353813
1208590102
1208813178
1209083232
1209102199
1209296521
1209318544
1209333044
1209515044
1210000071
1210570208
1211125817
1211551681
1211971646
1212462662
1212675835
1212842849
1213117876
1213693497
1214200630
1214493738
1214858976
1214983945
1215037866
1215043356
1215058561
1215343884
1215576866
1215967205
1216642099
1216721964
1216938018
1216957416
1217010848
1217035265
1217182306
1217217778
1217402767
1217468925
1217492837
1217713677
1217848428
1218086938
1218167255
1218365163
1218394496
1218408768
1218538612
1218738950
1219159811
1219399404
1219521054
1220070169
1220663811
1220680105
1220814753
1220852350
1221123856
1221141233
1221200965
1221375625
1221695867
1222583452
1222955443
1223427553
1223506509
1223525218
1223589890
1223665951
1223911969
1224006466
1224074073
1224147227
1224632301
1224656410
1224683549
1225007255
1225055175
1225396913
1225567136
1225649947
1226081718
1226153242
1226451741
1226467566
1226700193
1226941578
1227695139
1227927245
1228216812
1228245624
1228415039
1228441526
1228616125
1229165897
1229168217
1229264880
1229544297
1229715367
1230320243
1230408006
1230477828
1230550025
1230572512
1230765728
1230803536
1230955662
1231136729
1231327762
1231596149
1231710611
1231815307
1231896744
1232244286
1232255232
1233184583
1233196048
1233780199
1233956698
1234215663
1234960406
1235120333
1235248239
1235363182
1235521040
1235719319
1235830748
1236097257
1236154810
1237090394
1237451084
1237504384
1237683511
1237739790
1237824422
1237919228
1238079397
1238479241
1238984183
1239095681
1239416465
1239582871
1239719393
1239850797
1239989779
1240009994
1240071481
1240255937
1240411671
1240542916
1240652641
1240670866
1240737748
1241111537
1241718722
1241981287
1242316152
1242491555
1242815583
1242925697
1243134679
1243295316
1244089852
1244393601
1244425829
1244585882
1244674477
1245175570
1245873644
1245874773
1245884608
1246018008
1246165487
1246691443
1246822073
1247405300
1247411445
1247462740
1247489032
1247612137
1248012694
1248183627
1248252598
1248497166
1248726745
1248779541
1249051916
1249196693
1249284080
1249739418
1250207200
1250211564
1250752990
1251057682
1251395033
1251830653
1251945071
1251968240
1252056567
1252296869
1252350144
1252645769
1252787082
1252800240
1252879900
1253025263
1253303204
1253347611
1253706175
1254187999
1254404908
1254432878
1254584994
1254980239
1255223166
1255318767
1255581362
1255840182
1255971151
1256124904
1256380783
1257037987
1257310557
1257666159
1257690012
1258056974
1258787819
1258810303
1259218284
1260081527
1260379486
1260520443
1260733148
1260864976
1261298020
1261418418
1261589365
1261631613
1261735972
1261963376
1261998931
1262160315
1262866936
1263227641
1263294103
1263378329
1263473072
1263669473
1263752304
1263805070
1263807418
1264115394
1264562691
1265021874
1265282604
1265473276
1265869579
1266065962
1266151931
1266541701
1266914241
1267182545
1267276768
1267373768
1267484743
1267495178
1267804544
1267838529
1268272189
1268498746
1268699604
1269110326
1269635661
1269689094
1269805635
1269888927
1270366036
1270474953
1270634651
1270637738
1270648215
1270852850
1271224368
1271539764
1271964860
1271988720
1272134418
1272683715
1272978939
1272992225
1273152875
1273291108
1273561171
1273572711
1273593609
1273714727
1273813133
1274237150
1274252793
1274673971
1274737479
1275222879
1275517618
1275821362
1275985323
1276004828
1276688688
1276732383
1276887953
1276998008
1277381946
1277478631
1277495469
1277546361
1277597066
1277804955
1278213865
1278240114
1278506081
1278640872
1278910034
1278976412
1279131339
1279184909
1279368030
1279443638
1279600464
1279791699
1280029236
1280247003
1280371873
1280776153
1281345423
1281495807
1281657053
1281680460
1281802068
1281857261
1282242990
1282474161
1282638327
1282978470
1283260755
1283337805
1283359349
1283603375
1283791905
1283881558
1284053938
1284283848
1284705858
1284846638
1284889970
1285157742
1285939338
1285947134
1286084262
1286226792
1286857238
1287077544
1287529929
1287864950
1287903453
1288068336
1288534042
1288720570
1289362480
1290124970
1290188873
1290281481
1290293478
1290486216
1290694446
1291251094
1291442943
1292118750
1292185142
1292409634
1292515764
1292757978
1292786433
1293023878
1293145836
1293796583
1293870358
1293998298
1294034266
1294284416
1294328630
1294363847
1294798533
1295914350
1295923864
1295974182
1296087018
1296113351
1296182757
1296226902
1296303163
1296363259
1296447303
1296773902
1297346915
1297818004
1298621581
1298959348
1298971221
1299357590
1299957290
1300065255
1300093639
1300405711
1300961132
1301058496
1301100756
1301724382
1301755142
1301837010
1302055628
1302419231
1302474564
1302673126
1302925584
1302983304
1302998279
1303543888
1304055875
1304117406
1304575127
1304770373
1304819012
1305305970
1305662613
1305930863
1305999024
1306290800
1306933073
1307071922
1307460808
1307664363
1307692249
1307939960
1308179092
1308542916
1308776818
1308822727
1309390389
1309655158
1309713761
1310106504
1310128947
1310388481
1310722148
1310854017
1311018354
1311107268
1311162352
1311493888
1312254225
1312297969
1312554963
1312693826
1312898925
1313750591
1313944272
1313952447
1314015815
1314065023
1315013447
1315236785
1315642381
1315779285
1316728450
1316732607
1316851819
1317103362
1317475184
1317951905
1318213071
1318244245
1318368930
1318458240
1318880069
1319067257
1319069204
1319159616
1319436611
1319594681
1319932881
1320138803
1320282912
1320684586
1320722789
1320778203
1320959239
1321654433
1323089237
1323202381
1323601732
1323669678
1323749133
1323950411
1323994917
1324025159
1324202163
1324797078
1324828019
1324935082
1325560028
1325583330
1325778042
1326125086
1326262033
1326415862
1326738351
1326984375
1327167446
1327583949
1327589557
1327836610
1327982989
1328191135
1328476264
1328809060
1328862741
1328980355
1329411104
1329460084
1330048833
1330082989
1330685159
1330795561
1331410752
1331652101
1331850899
1332224338
1332551251
1332762592
1332823797
1332984742
1333001244
1333438190
1333607454
1333956153
1334455056
1334520785
1334612388
1335096685
1335131829
1335383539
1335508090
1335829859
1335968516
1336102655
1337423374
1337596445
1338032327
1338394042
1338729806
1338864900
1339014928
1339519334
1339554161
1339705160
1340379390
1340520123
1340628965
1341062854
1341559209
1342666644
1342865396
1342892891
1343283377
1343398447
1343933822
1343974106
1344210181
1344626802
1344791990
1345009315
1345213407
1345351550
1345632482
1345633751
1345734289
1345985600
1346630755
1346798788
1346916273
1347130790
1347264346
1347429021
1347466188
1347672469
1347736283
1347894628
1348068578
1348271806
1348512019
1348552734
1348722743
1348737548
1349128436
1349243122
1349771234
1349874783
1349923400
1350038643
1350291661
1350310432
1350526025
1350674976
1351090788
1351105769
1351778783
1352086790
1352123991
1352132763
1352414647
1352840254
1352856795
1352877892
1353234598
1353538557
1353614846
1354042241
1354449573
1354452980
1354661419
1354706442
1355213149
1355317883
1356456864
1356532172
1356670624
1356858652
1357236536
1357282031
1357553057
1357608451
1357981765
1358671455
1359278014
1359299684
1359334280
1359408851
1359775713
1359849725
1359855792
1359992405
1360212342
1360328985
1361661904
1361816610
1361863291
1362207648
1362416895
1362609469
1363290503
1363325697
1363355552
1363397401
1363616064
1363633857
1363722999
1364175487
1364351950
1364418139
1364489326
1364532669
1364547977
1365393715
1365622527
1365864759
1366071088
1366477626
1366524292
1367318243
1367725783
1368258635
1368518629
1368744333
1368803342
1368869312
1369283895
1369357424
1369430260
1369481252
1369685341
1369700079
1369919459
1369923734
1370034151
1370471524
1370501523
1371136713
1371188160
1371600817
1372864386
1372912283
1372993013
1373143568
1373636581
1373691178
1374037107
1374190827
1374328868
1374500423
1374587839
1374786038
1375164160
1375193155
1375232254
1375850626
1376066612
1376421219
1376534531
1376896919
1376931306
1376972638
1377043072
1377505128
1377616971
1377638844
1377681493
1378453106
1378562179
1378609143
1378781557
1379092437
1379479357
1379532475
1379941631
1380002447
1380134992
1380831639
1381116084
1381218737
1381221093
1381239232
1381252470
1381648357
1382027647
1382051663
1382073523
1382144489
1382592599
1382770209
1383652707
1383759039
1383857853
1383942434
1384609695
1384871781
1385027869
1385070082
1385134922
1385468042
1386423374
1386525301
1386737814
1386784512
1386903326
1387071283
1387319527
1388359780
1388405998
1388548532
1389174475
1389267946
1389427559
1389478299
1389743214
1389962500
1390006890
1390151591
1390518183
1390672345
1390888940
1391050324
1391067542
1391281766
1391304949
1391420675
1391440747
1391885215
1392750659
1393393592
1393801850
1393843281
1394057937
1394216806
1395339983
1396004134
1396014650
1396220239
1396319569
1396843075
1397173292
1397406341
1397585138
1397621411
1398392578
1398633246
1399014219
1399385272
1399385348
1399801889
1399867545
1400288102
1400621953
1401203138
1401317044
1401628128
1401693720
1402899033
1402994159
1403242879
1403609756
1404073188
1404197207
1404305084
1404453100
1404501550
1404620493
1405260449
1405355455
1405448313
1405549485
1405602189
1406093906
1406548304
1406664824
1406965731
1406985511
1407078923
1407347874
1407732580
1408314220
1408737704
1408756476
1408975416
1409273923
1409301258
1409385910
1409754200
1409779481
1410366117
1410696979
1410699902
1411058093
1411365143
1411404852
1411433787
1411792979
1411810181
1412095074
1412446406
1412634675
1412698961
1413103343
1413186471
1413442643
1413651267
1413736300
1413989645
1414219155
1414446229
1414536350
1414823149
1414905057
1415058212
1415118948
1415598185
1415940359
1415985008
1416004786
1416012015
1416123132
1416289973
1416381191
1417610763
1417683780
1418030626
1418161162
1418340481
1418531345
1418988600
1419270695
1419378839
1419392285
1419863833
1420086940
1420164031
1420226613
1420350989
1420400019
1420459851
1420634774
1420968519
1420970381
1421356573
1421425249
1421428582
1421801887
1421989652
1422011077
1422122227
1422555621
1422743373
1422833310
1423013655
1423152674
1423152873
1423361211
1423755121
1424625158
1424647189
1424699097
1425006333
1425015581
1425146497
1425360398
1425396158
1425427618
1426056505
1426204278
1426876177
1427081540
1427897166
1428111497
1428116166
1428299530
1428347772
1428452984
1428656707
1428709696
1428875440
1429143583
1429228032
1429294393
1429363689
1429437299
1429610699
1429753006
1429830745
1429884619
1429968746
1430021845
1430233219
1430383807
1430781725
1430797134
1430847411
1430955901
1431145164
1431164911
1431263623
1431522392
1432119206
1433034712
1433051301
1433065186
1433435387
1433719555
1433812898
1433913447
1434471738
1434532059
1434724259
1435161654
1435179866
1435365823
1435580491
1436302248
1436511172
1436680264
1437324212
1437476488
1438006416
1438009347
1438109100
1438382933
1438419328
1438497130
1438588564
1438854106
1439379331
1439582779
1439942268
1440363050
1440393561
1440525265
1440687961
1440699179
1441099821
1441225241
1441234888
1441797087
1442004367
1442076023
1442364160
1442381788
1442402180
1442467021
1444176894
1444676115
1444717266
1444841085
1445168654
1445328420
1445925907
1446035633
1446556211
1446599125
1447375554
1447490329
1447644890
1447667635
1447964363
1448027838
1448240318
1448496293
1448715185
1450160984
1450366036
1450743194
1450819773
1450976484
1451107589
1451214052
1451267217
1451414338
1451423267
1451434247
1451535042
1452031393
1452432410
1452780989
1452951547
1453314708
1453869509
1453935942
1454026897
1454275859
1454514574
1454665422
1455040945
1455966425
1456699281
1456758219
1456879251
1457338905
1457431529
1457867266
1458077463
1458207067
1458409424
1459003153
1459390746
1459447461
1459536471
1459648394
1460458877
1460889741
1461234793
1461288596
1461295550
1461407339
1461651474
1462073464
1462091737
1462154453
1462219841
1462588306
1462600824
1462724825
1462772215
1462989174
1463116041
1463275072
1463839851
1464323433
1464595251
1464732440
1465016487
1465439116
1465483140
1465570639
1465656087
1465670938
1465930354
1466437375
1466440308
1466451133
1466989431
1467370048
1468525725
1468528767
1468650874
1468740579
1469025353
1469856978
1469926822
1469960019
1470032367
1470097723
1470320584
1470488602
1470603086
1470863491
1471161266
1471307046
1471547969
1471829786
1471943514
1472079507
1472208066
1472214859
1472290606
1472323951
1472788676
1472876949
1473096104
1473395920
1473463594
1473499188
1473544073
1473826553
1473850409
1473966971
1474051160
1474180136
1474711278
1474816544
1474843034
1474936705
1475021449
1475224114
1475449153
1475515164
1475543881
1475545926
1475619417
1476262643
1476382631
1477045583
1478017189
1478398912
1479227900
1479271870
1479320456
1479431359
1479535459
1479539925
1479594028
1479889890
1480034334
1480186230
1480483506
1480500344
1480560399
1480929048
1481252319
1481277300
1481402071
1481414986
1481609819
1481769541
1481797204
1481817308
1482169741
1482191431
1482399613
1482408527
1482476667
1482756589
1482879795
1483114028
1484078566
1484129407
1484302688
1484393247
1484599194
1484771840
1484879625
1485707008
1485853819
1486086863
1486138236
1486268999
1486591840
1487384658
1487485238
1487798747
1487806971
1487861434
1488213342
1488276229
1488468723
1488629373
1488846449
1488974446
1489288312
1489363780
1489564165
1489593752
1489702031
1489771271
1489842882
1490170502
1490361589
1490402038
1490507374
1490916260
1491188804
1491310558
1491443286
1491466516
1491478361
1491490007
1492147110
1492229691
1492563744
1492838508
1493138865
1493659288
1494144189
1494209648
1494337527
1494361063
1494674691
1494789038
1494886225
1495013019
1495527934
1495906252
1495960820
1495964950
1496125774
1496198904
1496300546
1496646573
1496900007
1497345714
1497440251
1497867082
1498264149
1498372839
1498709807
1498788014
1499806728
1500218709
1500492101
1500802967
1500811285
1500858242
1501272618
1501669792
1502079893
1502421841
1502579649
1502596781
1502896934
1503032381
1503487673
1503778273
1503849112
1504234844
1504773169
1504886005
1504904315
1505255088
1505550206
1506087466
1506156839
1506211399
1506520896
1506724318
1506830372
1506857889
1507595770
1508019742
1508251210
1508266116
1509114909
1509359667
1509570623
1509735950
1509807275
1510059925
1510379574
1510739318
1511038016
1511090003
1511880333
1512096333
1512183168
1512213615
1512557987
1512728050
1513265624
1513959610
1513962759
1514280675
1514332936
1514696331
1515194652
1515525554
1515563309
1515694819
1515947634
1516621324
1516717728
1517025986
1517041393
1517142599
1517368492
1517861731
1518033937
1518102703
1518641161
1519181612
1519573016
1519608886
1520020719
1520224340
1521150503
1521271674
1521485120
1521614741
1521627135
1521651443
1521653511
1521750465
1521825812
1522093845
1522343062
1522526374
1522895226
1523374025
1524087205
1524508300
1524773972
1525094666
1525231010
1525450429
1525628757
1525970044
1526092634
1526697846
1526914944
1527236519
1527439963
1527874021
1527964896
1528166463
1528202898
1528400016
1528471813
1529210859
1529616592
1529955477
1530585858
1530654059
1530661045
1530712847
1531044320
1531062240
1531169794
1531243225
1531512634
1531811501
1531896754
1532115358
1532131359
1532490572
1533751653
1534077293
1534759738
1534846711
1535467155
1535642308
1535871744
1535970219
1536007585
1536079935
1536588899
1536923373
1537486040
1537611500
1537639243
1537956099
1538278148
1538281347
1539809597
1540146808
1540341322
1540448409
1540524942
1541129302
1541209725
1541281283
1541301308
1541575255
1541680669
1541792179
1542172751
1542315422
1542392156
1542499732
1543120981
1544301502
1544314596
1544349211
1544459548
1544766912
1544794163
1544917045
1544959752
1544967987
1545016438
1545781328
1545837517
1545919756
1545990217
1546132227
1546360497
1546777687
1546830645
1547451205
1547679186
1548040200
1548436138
1548807493
1548817123
1548867712
1549521419
1549921850
1549939569
1550055573
1550488792
1550935303
1551642369
1551895460
1552083741
1552462079
1552732874
1552818330
1553071327
1553336298
1553465212
1553655892
1553709765
1553963656
1554040470
1554555754
1555177172
1555255416
1555280085
1555324586
1555461241
1555692516
1555881660
1556227665
1556482262
1556725957
1556756762
1556774893
1557072430
1557212950
1557233862
1557304729
1558170587
1558218308
1558571730
1558876785
1559005990
1559116044
1559489324
1559639397
1559848266
1560066951
1560167325
1560521061
1560680299
1560681312
1561258031
1561428531
1561698612
1562249261
1562426662
1562952470
1562964725
1563150196
1563224770
1564111839
1564806699
1564991177
1565243876
1565310192
1565364070
1565771905
1565977682
1566131583
1566167588
1566191748
1566264207
1566440195
1566785516
1567076454
1567083422
1567305008
1567986062
1567996252
1568024331
1568570976
1568964561
1569997125
1570863653
1570885359
1571531846
1571898588
1571960765
1572194804
1572251137
1572315292
1572335739
1572404824
1572419523
1572590069
1573013960
1573257412
1573335869
1573574596
1573588764
1573611405
1573753763
1573973081
1574312145
1574507429
1574570279
1574628537
1574946884
1574959085
1575266470
1575299420
1575396459
1575589633
1576402677
1577199798
1577693496
1577723526
1577959449
1578044823
1578138218
1578516408
1578554656
1578651392
1578694766
1578954159
1578978260
1579047172
1579066610
1579409537
1579717386
1579912101
1580319796
1580472911
1580562055
1580619326
1580796185
1580813630
1580844120
1580990925
1581105550
1581340302
1581470509
1581675209
1581743732
1582114168
1582406215
1582975056
1583053316
1583145697
1583223581
1583306609
1583380388
1583577491
1583592272
1583902603
1584400362
1584412089
1584478795
1584600587
1585144529
1585271086
1585311378
1585729460
1585906799
1586360303
1586572242
1586637233
1586665936
1586996342
1587456831
1587482679
1587519590
1587564427
1587947242
1588099555
1588153282
1588347588
1588510023
1588914364
1589163494
1589291669
1589740748
1590197702
1590398216
1590458386
1590545349
1591275599
1591339104
1591556240
1591803512
1592245358
1592589959
1592856949
1593074255
1593239792
1593295832
1593377416
1593515616
1593618199
1594156554
1594215431
1594217285
1594295148
1594307338
1594335342
1594352478
1594467234
1594524372
1594857299
1595098042
1595286788
1595604846
1595739176
1595927556
1596133993
1596251765
1596455147
1596473436
1597432259
1597843029
1598349183
1598779159
1599051446
1599051932
1599458828
1599532883
1599863645
1599872731
1599956799
1600249508
1600391941
1600403976
1600550956
1601013168
1601299786
1601373892
1601409403
1601922032
1602249519
1602376164
1603387262
1603671994
1604375522
1604734402
1604936737
1605025353
1605106230
1605420152
1606240410
1606271586
1606357756
1606569186
1606745869
1606852390
1607033667
1607198846
1607468440
1607579154
1607951341
1607966604
1608127451
1608352875
1608526447
1608575912
1608628214
1609216865
1609292437
1609403156
1609591995
1610122419
1610249041
1610288917
1610299952
1610509440
1610615834
1610930644
1611241597
1611439845
1611644150
1611908838
1612063839
1612181134
1612221386
1612557015
1612631190
1612745481
1612777787
1613091756
1613968457
1614286594
1614447965
1615223211
1615519025
1615558947
1615699852
1615880665
1616067917
1616377013
1616473758
1616878353
1616905698
1617219400
1617314188
1617343925
1617446231
1617486195
1617831038
1617889218
1618086478
1618322929
1618343869
1618446019
1620425949
1620529067
1620598894
1620796639
1620847356
1620870461
1621407228
1621451886
1621624706
1621689303
1621720890
1621794980
1622011023
1622343665
1622661994
1622790101
1622878746
1622967942
1623105369
1623568556
1623573998
1623824774
1623911723
1624275934
1624390736
1624411526
1624430920
1624451992
1624617737
1624859054
1625192701
1625310054
1626018852
1626105407
1626125528
1626154700
1626323438
1626725745
1626854144
1627125907
1627227699
1627965919
1628119847
1628159369
1628541554
1628646487
1628663172
1628765525
1629066240
1629068310
1629129951
1629167431
1629174358
1629789948
1629824466
1629996338
1630804693
1630805089
1630843634
1630981987
1631093969
1631206418
1631248971
1631413964
1632077904
1632286776
1632365497
1632399318
1632712274
1632722956
1632780221
1633131821
1633696528
1633897963
1634065008
1634157413
1634343471
1634626083
1634652234
1635243479
1635258610
1635375982
1635463134
1635709000
1635881177
1636065845
1636312490
1636436982
1636552556
1636646907
1636689669
1636718669
1636868817
1637146846
1637665259
1637723785
1638446356
1638687614
1639629537
1639673279
1639737783
1639758691
1639828070
1639984263
1640198886
1640258074
1640574398
1640994825
1641242143
1641373415
1641411483
1641480700
1641706609
1641899765
1642290591
1642311827
1642341182
1642432695
1642554546
1642915819
1643027785
1643781613
1643967339
1644098474
1644356907
1644360188
1644379254
1644877413
1645639426
1646296205
1646430061
1647258121
1647387870
1647431816
1647467041
1647536666
1647902474
1648019238
1648140365
1648292358
1648304398
1648641314
1648948374
1649011269
1649230673
1649397372
1649662538
1649722804
1649820721
1649994167
1650461933
1651276576
1651422901
1651479253
1651621780
1651673035
1651679905
1651743525
1651950322
1652230201
1652609507
1652790483
1653004469
1653150918
1653328585
1653517153
1653637690
1654370403
1654460865
1654498386
1655082079
1655413359
1655438413
1655695324
1655934695
1656322122
1656622897
1656819405
1656953196
1656966242
1657104624
1657105646
1657152602
1657372055
1657411939
1657620925
1657725309
1657924150
1658688846
1658832716
1658941861
1658947656
1659018122
1659288964
1659730159
1659940384
1660104782
1660145897
1660368245
1660554905
1660957498
1661529463
1661948656
1662121606
1662128053
1662417920
1663323026
1663423449
1663815053
1663835022
1664050996
1664093137
1664172570
1664383407
1664661412
1664957530
1665029579
1665268458
1665320284
1665417848
1665529214
1665657426
1665753925
1665928665
1666226780
1666344109
1666346326
1666594112
1666651164
1666695948
1666789211
1666827041
1666897863
1667044476
1667458787
1667586319
1668346689
1668575210
1668851431
1668862952
1669466295
1670666282
1670697236
1670956957
1671045480
1671628447
1671965805
1672043779
1672048478
1672941843
1673123749
1673644216
1673832172
1673914004
1674155402
1674193087
1674419291
1675022915
1675056935
1675224061
1675516117
1675578279
1675714270
1675770335
1676196513
1676916998
1676958164
1677204622
1677829587
1678103140
1678293455
1678360879
1678630754
1678700217
1678982329
1679038477
1679414539
1679598959
1679608722
1679650315
1679653968
1679834919
1679981841
1680063540
1680296488
1680367546
1680515082
1681047400
1682158939
1682186734
1682206168
1682251230
1682558569
1682948480
1683080392
1683194328
1683386159
1683460594
1683948681
1683989456
1684041810
1684603225
1684983244
1685540407
1685775959
1686018315
1686086631
1686285783
1686434345
1686782882
1686936153
1687171322
1687259376
1687323244
1687443737
1687450763
1687821105
1687973029
1688121933
1688197168
1688250720
1688295617
1688307246
1688653970
1688773469
1688856266
1688914440
1688938998
1689170072
1689241804
1689367131
1689485968
1689597973
1689642921
1689657560
1689729757
1690059327
1690560401
1690645419
1690737073
1691062257
1691945474
1692098363
1692379321
1692760630
1692835791
1692986037
1693778587
1693898263
1694185451
1694298508
1694475377
1695249022
1695433895
1695532380
1695586530
1695838531
1696435459
1696589375
1696659593
1696745564
1696816433
1697128781
1697243812
1697440241
1697568416
1697572333
1697844085
1697862361
1698112191
1698275242
1698447852
1698875595
1698937729
1698996415
1699679505
1699986794
1700041831
1700086989
1700663058
1700939932
1701407817
1701429427
1701844434
1701848463
1701974729
1701975786
1702066646
1702156647
1702328481
1702357769
1702901188
1702906831
1703149739
1703933618
1704178926
1704372019
1704868368
1704974765
1705981342
1706611476
1706958108
1707066524
1707242792
1707247121
1707985592
1708144938
1708199755
1708638384
1709203830
1709275175
1709348887
1709700930
1709748778
1709818559
1710524892
1711165062
1711178303
1711320805
1711704504
1712229193
1712625734
1712831125
1713450053
1713645089
1713780515
1714181099
1714312847
1714496871
1714539877
1714716334
1714937187
1715089686
1715156711
1715354074
1715508511
1715736998
1715743322
1715833945
1715859513
1715903857
1716297893
1716449072
1716651816
1717130602
1717150059
1717182739
1717369454
1717466129
1717648718
1717906083
1718790659
1718954888
1719098957
1719171689
1719624526
1720784269
1721037921
1721366876
1721367047
1721530316
1721747535
1721994038
1722129907
1722211146
1722423395
1722470468
1722492216
1722628554
1723150260
1723278890
1724978257
1724996507
1725285430
1725731923
1726068341
1726236205
1726518065
1727154874
1727631671
1727726534
1728147750
1728626321
1728673061
1728990071
1729000295
1729143798
1729404769
1729430223
1729654557
1729795798
1730009920
1730096284
1730141289
1730314854
1730414831
1730998265
1731560011
1731742843
1731762442
1732368417
1732655715
1732808373
1732977608
1733060146
1733266997
1733293273
1733340298
1733569453
1734271318
1734942424
1735459528
1735607601
1735617359
1736392953
1736521635
1736821189
1736926506
1737074055
1737214203
1737255936
1737316583
1737573503
1737951460
1738068843
1738189827
1738257274
1738869463
1739124272
1739341102
1739875393
1740183147
1740350021
1741697479
1742448960
1742507315
1742766691
1743075840
1743076123
1743078592
1743169995
1743201547
1743312919
1743372055
1743428032
1743535404
1743838859
1744285970
1744433716
1744504319
1744572194
1744651518
1745155120
1745852312
1745975844
1746061413
1746191772
1746362763
1746712652
1746752156
1746803303
1746949644
1747079792
1747879926
1747992715
1748003892
1748032911
1748102080
1748300280
1748536071
1748659025
1749175250
1749545631
1749716208
1750013517
1750132427
1750149707
1750525484
1750623816
1750723326
1750935174
1751048611
1751799937
1751892659
1752707798
1752922676
1753070009
1753701137
1753881410
1753931661
1754510320
1754781405
1754796218
1754852647
1755028412
1755145562
1755432624
1755451026
1755955850
1755958194
1756191905
1756386301
1756432284
1756870572
1757154567
1757436552
1757594659
1757923134
1758032044
1758059430
1758143327
1758949116
1759006451
1759019918
1759260804
1759284853
1759316851
1759388106
1759412228
1759623613
1759973150
1760171755
1760186080
1760419949
1760752276
1760886995
1761273434
1761406506
1761696663
1762078232
1762173844
1762639987
1762714271
1763098014
1763103019
1763384475
1763413040
1763555919
1763660734
1763890982
1763987235
1764014599
1764070109
1764152981
1764596781
1765031999
1765763484
1766017144
1766630249
1766776165
1766944720
1767301660
1767353618
1767437942
1767600471
1768240574
1768419633
1768477270
1768822098
1769001576
1769047897
1769201152
1769202199
1769231702
1769379072
1769484439
1769848381
1769867178
1770374134
1770826815
1771096516
1771218413
1771698075
1771975105
1772400938
1772560773
1772605213
1772620957
1772699652
1772903865
1772995806
1773046478
1773459988
1773642641
1773788184
1773898948
1774213544
1774225936
1774686711
1774792924
1775064359
1775156339
1775214506
1775435443
1775521280
1775678704
1775705867
1775754003
1775791140
1775881818
1775916624
1776098094
1776165679
1776327385
1776462651
1777159349
1777663319
1778006270
1778420200
1778445463
1778547561
1778664735
1779123560
1779280541
1779288056
1779508895
1779556701
1779693828
1779869472
1780017077
1780470639
1780637465
1780768819
1781068829
1781124368
1781241292
1781574562
1782223247
1782448926
1782685820
1782790905
1782854781
1782963188
1783063578
1783396021
1783413474
1783533194
1783687764
1783717989
1783929980
1784103556
1784655344
1784677630
1784710301
1784956677
1785436588
1785780178
1786098231
1786177401
1786227265
1786798423
1786954570
1787026180
1787132020
1787557804
1787583559
1787987029
1787990516
1788541428
1789314695
1789886233
1790498387
1790864579
1791179026
1791284123
1791515399
1791889629
1792035015
1792407113
1792457675
1792619267
1793149303
1793178185
1793192562
1794358848
1794363226
1794493655
1794503708
1794765292
1794839067
1795052707
1795224197
1795504468
1795949220
1796010898
1796059119
1796119087
1796227556
1796275862
1796538134
1797020825
1797094298
1797105985
1797147056
1797197560
1797726638
1797818987
1797898685
1797922329
1798013508
1798754417
1798861681
1798877369
1799449003
1799626148
1800256064
1800369011
1800382394
1800394821
1800758987
1801926650
1801986106
1802465426
1802851590
1803417770
1803630248
1803681381
1804016169
1804163721
1804261710
1804450444
1804535429
1804804150
1805724136
1806083963
1806574324
1806598884
1806838052
1806849776
1806850008
1807403608
1807673399
1807988966
1808025211
1808364520
1808456649
1808818100
1809315114
1809485030
1809784567
1809799707
1810235457
1810321588
1810629091
1810654515
1810659133
1811116227
1811513186
1811521904
1811529012
1812409786
1812657129
1813014667
1813472671
1813697123
1814107655
1814182110
1814201085
1814820098
1814974853
1815431014
1815618273
1815689984
1815838168
1816005701
1816044643
1816165286
1816200541
1816276280
1816770586
1817111615
1817125596
1817184859
1817259856
1817347450
1817437581
1817512512
1817603606
1817653776
1817744745
1818199331
1818247380
1818335111
1818736796
1819031801
1819610740
1819653828
1819738349
1820058813
1820338381
1820702965
1820727806
1820950652
1821077894
1821169325
1821405382
1821466396
1821636421
1822011528
1822319125
1822568595
1822641424
1822750571
1822791895
1822860243
1823303222
1823312291
1823400412
1823437716
1823484924
1824118701
1824542471
1824690782
1825370116
1825443511
1825545152
1825723089
1825927885
1826294606
1826724801
1826902080
1827372187
1827410217
1828086064
1828167419
1828367235
1828571789
1828623226
1828649311
1828718493
1828878857
1828920196
1829083687
1829207155
1829317623
1829604653
1830110000
1830216506
1830339635
1830523243
1830588156
1830729901
1831297220
1831524868
1832154680
1832169118
1832243016
1832243343
1832251624
1832384070
1832515698
1832594823
1832651665
1832778627
1833040849
1833537926
1833965615
1834038963
1834086997
1834133850
1834298978
1834387280
1834407150
1834531424
1834774611
1835573700
1835584001
1835624256
1836555252
1836779638
1836905559
1837331030
1837447628
1837593357
1837635767
1837693204
1837844997
1837882456
1838422731
1838431126
1838925744
1839348457
1839604888
1839655990
1839823239
1840092660
1840511095
1840620706
1840784370
1841799055
1841966629
1841982985
1842051908
1842164743
1842864007
1843088566
1843476410
1843680677
1843785283
1843811628
1844074194
1844397330
1844430693
1844887340
1845005327
1845006441
1845091711
1845480546
1846132830
1846333582
1846731271
1847089751
1847136385
1848307856
1848329090
1848529925
1848564524
1848910733
1849534300
1849667442
1850064355
1850076542
1850146240
1850341428
1850472620
1850742955
1851271663
1851345346
1851515587
1851605877
1852381878
1852768819
1853534047
1853832052
1853878985
1853897732
1853949308
1854035622
1854137692
1854559512
1854760982
1855552351
1855588821
1856048433
1856103726
1856136929
1856149555
1856444378
1856735805
1857006745
1857067985
1857177830
1857729863
1858030674
1858159845
1858527294
1858711642
1859061562
1859464133
1859701989
1859933599
1860406556
1860683140
1860716620
1861016177
1861060550
1861092952
1861470877
1861642408
1862035850
1862362797
1862458179
1863106994
1863403859
1863579047
1863922511
1863944863
1863986839
1864292032
1864426162
1864552050
1864591328
1864917643
1865213671
1865236956
1865859026
1865976147
1866135981
1866450567
1866539456
1866568865
1866860300
1867816048
1867942892
1868177797
1868951024
1869033624
1869236859
1869775750
1869794186
1869890210
1869994024
1870520040
1870930816
1870943096
1871596194
1871694930
1872098898
1872225925
1873279567
1873418165
1873493183
1873565976
1873608424
1874061119
1874224550
1875460866
1875511717
1875784719
1876170353
1876459643
1876614395
1876707643
1876721592
1876927713
1877410137
1877530057
1877832904
1878016780
1878147814
1878499394
1878906190
1879108921
1879401946
1879512742
1879570912
1879743249
1880206271
1880652976
1880869391
1881317149
1881773701
1881905807
1882140570
1882273050
1882294276
1882474648
1882663917
1882699477
1883474213
1883688535
1883703715
1884362942
1885412226
1885470878
1885613454
1886043996
1886045645
1886332339
1886781594
1886893436
1887101831
1887154584
1887264316
1887496596
1887541727
1887746658
1887860984
1887935821
1888639933
1888669553
1888734975
1888828671
1888880749
1888946770
1889100565
1889144101
1889215428
1889476183
1889877972
1889893066
1889925210
1890187352
1890285542
1890746749
1890796828
1891187855
1891269756
1893439064
1893564089
1893637165
1893835098
1894437646
1894467580
1894676103
1895140594
1895219712
1895258831
1896333437
1896350556
1896673806
1896814335
1896817313
1896831913
1896964058
1897315274
1897559729
1897841130
1898020826
1898058993
1898282194
1898436995
1898569626
1898898132
1898988885
1898996767
1899203235
1899418002
1899931595
1900292729
1900348333
1900534043
1900623244
1900633366
1900657012
1900800021
1900835261
1900842961
1901243204
1901388522
1901689961
1901999932
1902214924
1902779325
1903265493
1903468804
1903884769
1903989774
1903991581
1904348384
1904394898
1905200143
1905247657
1905264111
1906294946
1906746454
1906785380
1907254694
1907400561
1907572089
1908314006
1908458686
1909298087
1909336956
1909607023
1909656345
1910265549
1910373420
1911115030
1911165785
1911252720
1911345386
1911610205
1911678625
1911800784
1911877523
1912060894
1912082229
1912356690
1912684176
1912988952
1913033153
1913121636
1913480625
1914201712
1914428453
1914590102
1914601765
1914632811
1914648442
1914949435
1915247953
1915296556
1915450156
1916270943
1916406314
1916422480
1916507539
1916757132
1916771681
1916990103
1917012224
1917076238
1917231991
1917248794
1917614008
1917716928
1917980131
1918323440
1919211277
1919534572
1919603663
1919615897
1919623554
1919914549
1920169567
1920229083
1920352513
1920445978
1920572613
1920745776
1920835794
1921107133
1921166098
1921310663
1922067199
1922091811
1922250773
1922499851
1922682398
1922706458
1923021965
1923129671
1923404068
1923692927
1925189888
1925723227
1926098999
1926177104
1926860750
1926921146
1927050971
1927155061
1927382428
1927449780
1927780571
1928415118
1928794334
1928846170
1929070415
1929173556
1929378098
1929399658
1929456847
1929541922
1929571309
1929781749
1929944892
1930156308
1930682439
1931329740
1931404402
1931606647
1931659338
1932072938
1932919921
1932984529
1933020016
1933224296
1933419687
1934090445
1934219857
1934435303
1934616370
1935012789
1935269843
1935568634
1935818670
1936970262
1937035054
1937051960
1937124800
1937806907
1937808366
1938022826
1938030716
1938326439
1938544579
1938820358
1939031254
1939440043
1940137472
1940365653
1940484699
1940677635
1940724226
1941079010
1941162704
1941298563
1941557133
1941616386
1941828652
1942474644
1942691350
1942716833
1942990030
1943300200
1943660032
1943855790
1944248102
1944494356
1944938022
1945111622
1945408782
1945610125
1945678399
1945843590
1945980918
1946008401
1946316155
1946536287
1946540593
1946848211
1946901449
1946935712
1947732757
1947741044
1948295847
1948436346
1948441549
1948780436
1949261799
1949305256
1949408931
1949777186
1949907165
1949976083
1950042878
1950394099
1950572657
1950666951
1950859672
1951534542
1951749756
1952452381
1952804287
1952943635
1953376609
1953498557
1954052863
1954386497
1954410173
1954603460
1954692214
1954745837
1954804224
1954935265
1955189455
1955233684
1955252208
1955278943
1955505423
1955924015
1956382059
1956708946
1956820033
1957069408
1957301285
1957485496
1958080516
1958334719
1958349521
1958506683
1958648803
1958985982
1959261827
1959301366
1959482803
1959516645
1959668242
1959976904
1961005216
1961048240
1961095460
1961132049
1961139889
1961221860
1961398946
1961712855
1963013918
1963090020
1963652478
1963911603
1964031704
1964330843
1964417509
1964508381
1964769339
1965272756
1965569146
1965706552
1965727850
1965920053
1965980895
1965999428
1966057370
1966220438
1966427096
1966585369
1966998941
1967020041
1967099109
1967146522
1967187702
1967564163
1967676683
1967915965
1968180031
1968244205
1968645486
1968811119
1968896448
1968969418
1968976729
1969790785
1970128051
1970134738
1970391271
1970741448
1971421341
1971619811
1971797269
1971879698
1971897674
1972061985
1972254128
1972993994
1973027378
1973051347
1973173260
1973217208
1973695094
1973919185
1974372423
1974419553
1974521630
1974626500
1974804374
1975104296
1975439511
1975573430
1976143988
1976695381
1976777656
1977172395
1977276983
1977671049
1977730693
1977916513
1977963267
1977995588
1978195659
1978480292
1978515488
1978601956
1979280867
1979524881
1979566495
1979657068
1979748859
1979958014
1980092520
1980179692
1980240342
1980330788
1980415487
1980673096
1980801193
1981065290
1981167624
1981456242
1981607223
1981821267
1982035142
1982079491
1982382146
1982991620
1983666734
1983785348
1984389625
1984653635
1984886097
1985059542
1985060977
1985106257
1985419927
1985486773
1985671835
1985850899
1985907045
1986193638
1986461193
1986608128
1986679540
1986715281
1987025002
1988115794
1988377164
1988542509
1988658240
1988673094
1988799862
1989535619
1989941049
1989984554
1990605231
1990673192
1990778126
1991127829
1991223051
1991304510
1991606180
1991658863
1991861984
1991907849
1992084319
1992244885
1993384002
1994122078
1995676632
1996150677
1996224248
1996850433
1997154772
1997406434
1997441860
1998050580
1998711926
1998716699
1998946093
1999119642
1999188789
1999587236
2000024752
2000033893
2000085021
2000190222
2000204311
2000551965
2000566390
2000678016
2001116567
2001236960
2001401944
2001927671
2002584478
2002809263
2002874898
2003378147
2003508769
2003654936
2003710643
2003937490
2003983567
2004280838
2004662395
2004909194
2005219017
2005566496
2005761137
2005804720
2005873687
2006142847
2006178802
2006352532
2006448039
2006520967
2007402196
2007627689
2007708794
2007766693
2008220715
2008355002
2008606738
2008774485
2008994631
2009332286
2009370942
2009429801
2009702336
2010253181
2010374029
2011210116
2011366224
2011565385
2011653167
2012010071
2012060295
2012068522
2012156037
2012744035
2012877139
2012917132
2013042212
2013143919
2013233421
2013557355
2014035103
2014165102
2014647770
2015263973
2015451044
2015643955
2015741365
2015786920
2015900874
2016119027
2016307415
2016514790
2016563885
2016632634
2017208340
2017718214
2017761321
2018539813
2018585244
2018835378
2019052501
2019133995
2019251417
2019293841
2019410453
2019498782
2019745280
2020888145
2020912005
2021012460
2021053478
2021193093
2022226815
2022332798
2022361800
2022906257
2023480641
2023529406
2023560399
2023605149
2023869854
2024059892
2024265436
2024408253
2024410611
2025066071
2025085039
2025272621
2026747472
2027467555
2027657110
2027915075
2027998521
2028185695
2028365217
2028493332
2028974883
2029001953
2029204952
2029572807
2029695134
2029783052
2030054470
2031006935
2031249863
2031407781
2031648136
2031683658
2031980464
2032083187
2032125890
2032316949
2032438093
2032758596
2032915396
2032951902
2033185550
2033424677
2033442480
2034162311
2034731151
2034792537
2035282383
2035435223
2035590786
2036039016
2036181228
2036195185
2036429096
2036442150
2036567178
2036711573
2037313046
2037532373
2037557419
2037671453
2037950573
2038074001
2038649621
2038784375
2038870799
2039943410
2040293805
2040334809
2040862280
2041110341
2041131961
2041280289
2041538748
2042540729
2042761601
2042981923
2043046644
2043376856
2043473525
2043694016
2043971085
2043996363
2044714498
2044778194
2044806636
2044883123
2044906260
2044978006
2045102507
2045610763
2046409163
2046442232
2046448931
2046592991
2046696118
2046703920
2046748880
2046933238
2047022940
2047204110
2047409450
2047472048
2047527497
2048402895
2048656273
2048668124
2048694643
2049201563
2049208369
2049272747
2049560079
2050355081
2050400648
2050490294
2050524418
2050553164
2052592423
2052681206
2052982859
2053227532
2053569600
2053853798
2054196159
2054437322
2054507488
2054651622
2054742465
2055060412
2055153585
2055291750
2055561502
2055737073
2055764545
2056573361
2056664031
2056684349
2056855001
2056953383
2056955868
2056965876
2057242949
2057502439
2057751439
2057838406
2057967370
2058008585
2058267646
2058542798
2058692135
2058860165
2059826185
2059891894
2059899965
2059977064
2060169530
2060416524
2060475287
2060718557
2060860698
2061269957
2061467537
2061611121
2062086075
2062159805
2062836313
2063004406
2063034582
2063191495
2063351698
2063431512
2063478785
2064008405
2064033995
2064507633
2064521901
2064585955
2064674725
2064810651
2064826334
2065054138
2065241277
2065278680
2065487579
2066086512
2066115321
2066308394
2066446137
2066737848
2066791519
2067119823
2067124123
2067344137
2067538084
2067828692
2067835328
2068046670
2068300170
2069075784
2069250556
2069325214
2069529327
2069670509
2069857468
2070430805
2070505813
2070692138
2070931711
2070960210
2071016384
2071263473
2071612607
2071643821
2071693048
2072082200
2072158819
2072475159
2072496499
2072665008
2072783589
2073545087
2073752814
2073882056
2074376573
2075242037
2075396751
2075502325
2075547023
2075803076
2075898388
2076067336
2076856676
2076896425
2077110641
2077196129
2077695607
2077706937
2077927735
2078315308
2078338511
2078404367
2078407842
2078549506
2078641047
2078666797
2079220363
2079275193
2079336916
2079381080
2079649585
2080519013
2080532531
2080558379
2080887804
2080999131
2081021212
2081490117
2081542075
2082058417
2082596497
2082943271
2082955540
2082964023
2082984202
2083016275
2083218663
2083518806
2083625162
2083960125
2083962094
2083962816
2084112402
2084308987
2084399179
2084416822
2084527120
2084750026
2084772911
2084976117
2085115326
2085247064
2085593251
2086251359
2086482419
2086679733
2086704895
2086857415
2086998743
2087010775
2087021138
2087044223
2087221310
2087236298
2087562864
2088056688
2088596173
2088605920
2088894989
2089079325
2089092166
2089407170
2089425470
2089879836
2090043894
2090117047
2090259234
2090283739
2090432470
2090571091
2090784471
2090831512
2090903217
2091512589
2091808063
2092696756
2093202141
2094053327
2094137724
2094240324
2094443051
2094506031
2095074383
2095154174
2095192674
2095269847
2095269987
2095485325
2095548583
2095579255
2095845781
2095924270
2096635849
2096768482
2097240359
2097259920
2097282555
2097583066
2097732397
2098026200
2098055440
2098129488
2099249094
2099276619
2099488353
2099949006
2100260090
2100704768
2100724891
2100762566
2100977801
2101008484
2101078133
2101508379
2102131310
2102570352
2102575461
2102905380
2103131197
2103333999
2103626035
2103671399
2103759889
2103839811
2104412235
2104448797
2104485161
2104507281
2105036008
2105126061
2105278589
2106319152
2106388223
2106847247
2106971025
2107409479
2108024592
2108232601
2108279477
2108286769
2108358631
2108530633
2108671250
2108750118
2108839081
2109167434
2109323591
2109505438
2109862128
2109988591
2110056601
2110767488
2110777024
2110881972
2110962558
2110998576
2111079437
2111717368
2112133473
2112374909
2112632281
2112652208
2112781828
2113280997
2113650111
2113924429
2114075135
2114112442
2114587476
2114986953
2115320470
2115416562
2116617639
2116701275
2117328905
2117489342
2118746825
2118819020
2118932286
2118987586
2118999594
2119482694
2119847056
2120524195
2121278148
2121412847
2121521929
2121705621
2123011994
2123299263
2123524212
2123909373
2124269001
2124927075
2124928268
2125380141
2125875920
2125901057
2126564638
2127068863
2127072759
2127221017
2127297386
2127414140
2127491375
2127862584
2127987834
2128114744
2128132190
2129036350
2129039356
2129229232
2129310615
2129338044
2129514656
2129655163
2129834698
2129942505
2130072017
2130191065
2130406564
2130599974
2130602212
2130738475
2130817262
2131337004
2131453897
2133037976
2133275409
2133601088
2133919803
2134018707
2134759672
2135347456
2135734014
2135842244
2135874627
2136080423
2136453473
2137477870
2137699322
2137906492
2138069252
2138561708
2139079559
2139088342
2139211050
2139489027
2139575647
2139670589
2140126236
2140463432
2140531954
2140544081
2140687860
2140833618
2141127843
2141145485
2141291514
2141329655
2141411826
2142426007
2142777566
2142818098
2142964275
2143508638
2143565065
2144009691
2144045815
2144104068
2144861975
2144971938
2145617629
2146098852
2146271849
2146406623
2146429565
2146524003
2146537931
2146736611
2147158662
