765349037
990140598
2080480650
18312382
794955497
1185616826
48076483
233947806
606220598
2110672146
1518540554
1865864889
13719905
465434415
1075955935
1427940884
343864578
1729158649
41284509
520272846
2002374110
435913341
404872820
983856106
1793215250
2037080844
2080462613
2843750
667760591
152854866
1308338781
2086426607
883223012
1688514471
844506925
906390491
1742140198
878218583
1245352810
856794637
724335972
1992105403
349042865
438121185
876628542
1015556575
750398033
375070053
926731377
375491239
584207920
1723083492
280095618
1377444301
1744730515
59451671
1643737718
390827453
372501256
925330622
1024724420
886909197
515632163
1686634470
400490525
1519561015
75094737
82871783
919806524
2069375284
628195786
548931668
1910582343
1598569382
926067568
69420954
634065864
233791046
1976088536
394478276
701586563
536818707
593178717
1521561839
1691162929
1003207244
985744841
1476440122
1533770506
513348443
329401269
1653949159
1717269128
1233111773
256435203
1068715932
1170785404
234685838
2003179170
742188446
1766077270
1961088247
930455482
1794388255
473810046
535221656
684806474
996281662
413612792
1640854153
653453983
101714348
65644481
1586415888
1098000649
1365697982
516320866
1937973842
371797706
881678101
1467136843
762805791
423659077
206647690
1535364402
775378987
1927320375
1382899068
744209256
387898238
1933679929
2019801441
1118648779
161953955
906799854
980405867
302881236
1819334150
1326673534
267053829
1203495660
1293164772
1749054252
1625316726
272055784
554463573
5321105
1710887622
1478478941
1718910065
1184309147
1410016142
2057094094
248300615
256347410
1603023895
808110938
1381835558
795654058
1930658212
849713348
735297071
629126685
1125181539
45556995
791789198
39541558
1355269137
764990021
2139548333
1611445784
1731212857
137058315
2063702325
320434180
842055059
1253101371
2062473355
592552084
1447401075
2114424014
211221753
1743471492
1628599769
1844380840
1068241532
1150515184
1371775947
239782023
1186088266
313248792
898252039
89456518
77997546
1055375325
725551433
840913079
532431540
1187758640
335949835
1232214006
2133810824
776268262
1900493924
1279611748
1438384633
726307091
1435996836
1826290477
245293079
1718542702
1634340147
2072194915
2115166688
1314701156
787096092
1112006682
1051619912
1505720086
1581501642
1665779526
1168615771
315814142
1595383394
2082551897
1366359939
1719758804
345805338
937309924
836775589
2068812877
1576938033
1821066086
1690419017
1503908293
232892252
202071520
57261982
624821225
1627915891
675530187
2015060287
567966444
266780555
1818992093
260682218
978519471
841163681
1822962968
923621079
1670164028
459122772
1800395157
1524452564
1110143125
474257910
1735328418
1383963692
1064919934
833310315
1282061916
570715058
229599677
1131030908
691458338
610950361
944450274
92314315
793864807
1160145035
1944759156
423009488
683522373
965861039
1962345491
1273386212
509725274
1820554507
552282152
1251510200
542331536
2144643136
523046050
1108867799
1769655994
1278728783
1417678270
1250410031
2031293486
1700129346
1002368343
1705309742
720951762
479098307
1544766894
248738579
1063736013
1801012181
1262584173
1320165893
1497052823
1480481766
487719620
126094123
1090795728
616325490
1992070493
1774163246
1624752971
1477974603
2124707232
788306085
231025432
906538057
1242014909
636146443
1023687947
842761265
2134142908
779472276
2059350556
743064175
46683171
890992715
1425087842
1103401210
429805818
383414040
878835231
222934507
721450223
2014847284
954676228
790506506
300549222
1889143640
246308870
1723475924
769417276
2115555612
1496241368
1579571394
1150549943
1410272468
117260827
1656998025
1948714944
1700984793
545719532
763372340
346997817
1146848364
78642510
318441076
1368623819
62722956
1183852949
843834187
1857525505
1817816976
2115942639
1405858034
1695302146
158557680
309020150
1909308099
930994398
1552577074
1662656191
1209799532
1973505333
162989490
981597931
1127171390
51306039
1894555120
1768769006
871431492
1301655285
1068593149
1599873311
98289680
1240247282
1754942219
464952110
758231996
1130126872
1054802607
1911275248
1766555907
1881972104
128311113
329617092
1642135875
235321867
138727786
523190993
674406036
1627438047
451713888
2007300988
762878714
2009689332
1020834748
1591337112
1069805584
859846463
916215763
801136604
879761000
2073264414
1474530797
922219693
313763392
1888023005
1243661799
358227143
723688912
35461269
1436527997
1635024818
754667865
1565345772
130288359
1747338842
180245459
874504771
801983345
1741159149
1402865928
1629089655
1759643028
2102941306
541083749
593895682
222723458
62373728
1745880550
1138372600
1329665038
36479090
63850382
1467033940
468422673
757428020
748874217
1558978205
527447557
1173561554
1159669714
1914498920
59885845
966989468
1671962200
1614524862
1222510193
1135356783
808184177
844899882
649514657
1732635683
176739775
1947422333
680125672
1121784992
2115255861
1576428515
28354917
561327446
1993022427
291369428
1186234783
2025823550
2089064357
578522825
1410377394
1231851462
732644628
1889924241
428578327
1049658823
2139399200
1357110965
1173921060
2005303330
59641632
214072092
614043408
1141994064
1604865873
98824896
1928262208
407049638
1019648086
1402265750
1068558173
1616188245
2085426203
1823341196
1473572957
652723826
1314490125
22867822
209591340
150710104
1353439969
887481922
1305967099
1596874840
361146371
467603697
829024313
1893519752
872765291
1700380111
867838604
700921254
1838966126
273621069
948369738
1151110910
1932012945
967811655
390061160
214775925
1632173165
1731003502
262237314
188763598
446689887
1535973363
1161407377
789886773
1850619426
1938137259
1458322867
985343647
1886367989
751565044
152776711
1385950698
1314415326
715879146
145021571
717162860
350934617
977359664
180460636
955439404
889326762
720213897
168482085
1308129247
1025866426
822566418
2038252182
119815649
1739651799
226784601
1317895830
1159488204
1449570848
835890122
141551570
718869027
282159707
637753769
2016277638
1286949716
1893086746
606714520
1322883144
614747643
1348893807
695874683
497397216
1020137618
49684166
96340178
1316407393
149027311
322514566
1376446492
1895512182
1260831853
361000927
1218021070
1229308916
1966888294
1957626800
777194849
165985110
1861087415
1974130706
694049064
520534505
874450192
839693421
196175604
1262433540
321474389
959884474
213913404
2030083823
1778814051
1634027928
825393504
1869182069
192972810
1500623781
1581991453
855830381
833673922
1356939481
866623015
369858260
2096719838
799452375
1422788816
1269414918
1223671017
1688155245
195671813
1589307621
1490581297
1538178812
1549029489
310100811
1500530279
1747283480
622577758
206519779
715466500
2108826722
1793284265
963600854
505236387
467079089
1430159511
1265843449
753693598
619844991
1379731291
877053889
1616683760
1816892818
1138292264
1197196112
830137369
355910066
2093100324
924521889
485819555
977535843
1330069621
675361070
454933920
1089718089
67472798
1517439094
1072973900
1748180676
807891800
484001976
314063706
1358287501
1405211676
2112594737
1129365270
572356346
1992288806
900463079
450931742
1938932661
964368499
709281555
970653470
711483495
289557986
1801723772
1982755742
1049598842
1071186529
167007088
78381223
848788591
1768425872
144940175
1994328117
1827910609
887325847
266936824
1193890020
1028059735
2015689460
754361701
1817384684
548647946
31026561
2131874269
1481557054
1929894418
696411245
530992843
264179082
1956314362
1292585653
1011107066
7452382
441053744
1092417771
1514311732
1542602120
1655066692
2143011965
1854005801
2109553486
1960882236
1977151219
397404207
1129098683
609448794
1054135820
1832787084
691811253
338896499
1946514451
1436442838
2045678103
804642784
767024771
1418207204
635608344
921917909
1935220352
1650763719
602018725
250748324
1891681133
1175109651
1838998553
234908296
1437157733
363149020
1952076722
2081961912
1420608714
1727213952
503640002
244083621
1512894655
1520845155
85655343
1873119819
1960705496
1206730389
1742635
332860862
499164984
2086578650
1282385857
1113849671
1553957905
1267690926
1953986489
1957501136
599696906
1316530631
44263535
171596616
428316319
1044307205
450186104
1425878486
335682353
1717916670
1236184732
1894335986
1919274554
925078280
123559582
1101401523
1128368835
77255207
1772623340
1080705731
1642348624
1271236768
487014498
1978469358
32921206
1746622781
787529665
536026569
727591616
1094713261
223765030
898753354
76884963
1386212095
339147704
1383065589
1641159094
1472234355
409149523
585284794
161137958
847704224
558335098
447251526
384363659
2030385953
2045421219
1723429979
1288160572
670012740
1303267375
649947631
1854435231
918739599
201276205
1394556475
1170958754
1034520914
1802835375
1686767698
535726386
1726271312
1127938931
2122568331
2135340199
2132285411
1933628660
2125350552
772738439
222579004
715722818
1752662445
803049028
701795738
596223011
1816268935
146276733
1088500871
1754111844
344441928
1231058172
2016869970
2062371083
1675286480
1194609810
742123564
149203132
1137137079
31810378
1383266442
1567492700
926121403
322281432
23452932
698029316
555074503
1068736561
936221071
1106906316
1718180878
841171011
69981537
1268401642
1183834294
328467383
1097689060
628242000
337666698
1925825821
516002648
1773653723
1046646719
188652497
215042832
964452497
761987675
2042148906
1092592239
2134514400
696079961
1358171650
264253979
715265767
1456530583
667585791
207774281
749607362
1210840034
943280950
1787066425
626682157
673004571
1846425797
1436721615
821192830
507951533
167070374
911417715
2119766835
2023429006
1438452421
952136390
980657079
770075373
1822337715
518235326
1527183278
793406302
156370491
7498593
555023181
17231917
1686767236
1588642114
612486792
931949499
1406113748
1630728558
131547863
752479193
1384855712
1386840397
831888705
540672756
1145132568
742176906
1222416992
784377950
1783575727
2147110496
1515374518
829360361
1659218181
1627373377
1940641599
399624537
476177846
1849725977
2008410117
739221974
738684982
564154455
1805281095
435447318
512815330
541180758
1690425084
916593580
1996652646
194093201
1949673008
2066137248
769762536
61530396
217463249
1111387689
1135343266
259026801
516558245
2092506497
325776751
569534074
1237232038
192811978
316304550
552683597
205245211
1096333900
1249451764
1537010310
2037143144
1985859827
1265962282
1260561764
1939992946
739795560
1871345119
99489066
1365155491
725209518
2104038967
1509765882
1562852806
993894934
711370533
1000080850
598868386
1000747603
607048383
524727644
1143256590
1365621041
1934511779
853766356
1505367347
2101726751
1437075230
1147947643
382878304
2016725239
434105269
1953738394
764252719
244124165
1038431369
1599732684
137206833
794129502
598175248
302507633
1284261164
710999580
1133183195
372018266
72627497
1988195056
1270308013
1807067167
1184251317
94343340
1859815100
273794814
235571409
919070163
665454697
1854467644
2005954486
2030449303
642218394
716870836
1915188960
1611301355
513596704
520976505
720457583
1567927231
1851960942
256671869
322368991
10415184
1928277518
461318404
365051281
1158086446
1882393689
1889789822
1567629663
1094142067
84351997
15965710
1925737979
397756418
1067316177
1071260756
891025573
1516271752
138052724
1318389436
1839046118
236333342
1591940223
1108116685
711840666
1707867669
894880242
533938722
1676595945
1065418504
1287266708
1592601178
459075075
2136433243
1667374695
368795781
1241343070
1933292317
1739523251
1733833231
54313638
520171227
1908683199
576289417
2032924303
1534308104
1812505317
1976002564
2045402300
549065279
1895875035
1568286668
2088814134
804104801
861229383
318509499
1385014920
132113574
1077979063
230694630
1390809305
1944516307
1727099421
134301268
35007350
360028754
2035868048
2098144347
1267954750
1344649698
1979415569
1910121115
714503414
6009515
2007770762
1732947643
1126479146
1680224420
665875331
348665516
87463337
1569468029
877729233
2077512689
1530337075
1414882842
820600122
30071708
1958534550
1698137395
2012492909
1626090817
1578995186
190021043
1365466705
1970009032
1842021867
1564954639
1352191970
1873429237
293470123
1354492456
1398242918
624274180
285683884
2010290231
981585953
2056226164
281665059
1428797878
127155445
82539205
1746688655
1315469036
1807713726
203008983
25560270
1285696658
1793477630
1663759920
180015352
518652721
917601379
1566702133
19978686
715522039
2027779586
2132541161
1599151456
1190464394
496921957
1162197054
1531863159
1902540881
941241510
202507520
1045457774
1861432930
859059685
912427600
1165438275
1825143574
984480477
705286152
3639765
804495102
1004551972
397261167
119000621
364016968
1482103871
48941790
1569226220
1163958088
875777255
1293194888
888465004
1174847382
221269778
1282633726
861498029
1291138034
1043656998
1219628375
915659045
502204125
1063944843
1135995140
996479641
1353748631
1737700147
1550290151
1070445417
440908196
1847366472
493028220
987484482
1778448822
432831327
123458854
1518261515
1477249800
1724360052
280971758
2113083175
1068605009
1832885264
1742978047
300617927
175403285
442925205
1704327652
1599540249
81557812
1891496633
859915898
1601677016
1945800963
198190925
1644389092
1777648225
627236386
930418784
519851011
667910471
2026504489
993905439
737416247
1851776255
1127291465
651151627
1486895870
537019797
1679737398
577301955
1271103197
1909390853
1210255203
907113594
1226186990
1637541770
1044593485
563916373
1791327212
664042456
601850938
88783678
1670378667
135542011
1248896897
788228292
385618240
541437603
611240558
844372102
1398188894
827777325
475280112
2093341517
2120055158
677364113
1264152752
781597022
1510878606
1357489766
218922674
1171205549
2034242346
1777025816
1680787376
2023184943
684119397
1976740936
728976828
1061640562
120347832
1094704346
1346049364
257767698
1986775299
841069437
790884102
1553662019
987700771
2034600996
1012497238
1683636047
1328453949
422306732
1221579112
251131227
125228195
1962162749
1062717782
1156866852
1260057652
478351935
1372616018
715056451
1006087950
1196912023
1673630618
2077440046
2691364
1921894361
1541443704
477055339
764224743
240522383
669381652
1313004317
1094473258
844973671
1021935699
164733258
595314178
588907142
291165367
1747409219
1214367186
315122598
13402205
141696574
317754925
1285526938
769319419
583846449
800602031
1037862059
2104930938
1278581740
1705614033
998484065
2139754312
1813023082
381660846
1520411057
270540035
1385059387
897273398
843408464
462027491
2084019555
1179023259
696707700
2077514726
147020893
179793719
118788071
417200622
216735294
846663117
1619850363
141257168
2098628082
1281878808
9103583
1361102359
23599578
680478340
1189766082
276845979
1309344716
1604428766
1439460835
1537281287
1810782731
1745842787
1657905510
832593867
1519774004
1411807301
51097732
2131549453
966973429
1711304951
1276835050
1841488971
573959077
304661051
1690128745
1066916205
469390207
469658756
2051571766
1032626649
2006440547
2025009892
1955051685
1056214593
1727329464
588590360
699866675
1100063391
76375747
1625820817
840059472
94937193
104750801
2117338954
1039823729
680281798
365768483
1514648900
524554088
1659708480
1703522358
592036315
1664481338
1930597141
1301417961
1727931852
1782761105
1552813672
1038979260
289484352
1070560285
1487595047
744407792
558996727
1309961532
1083557697
131663320
2012538502
920422311
790508874
378373243
576641625
1925420197
1214492337
474874934
1661365887
1071360411
387826205
1301719497
1613293166
1537681466
794347279
961351201
659690114
271996228
1400584982
939616047
1614595131
1207700110
129949181
430564318
1243144188
1106997908
17599858
622746983
860021558
2126830744
259363382
1174770189
187230405
2067547132
1425216217
148231501
1921375566
1631958852
88048155
724427760
2071739588
827600665
686071905
1129618202
923099579
1177819284
1010819651
150100171
2105845821
1110894786
283109426
1615958502
1726945165
1951793977
914042611
1249055651
1490676847
1878765948
1115253575
1561218666
1178064542
2095453817
1798714254
1447688276
1341633875
1627636026
1673183471
611451113
1123829340
331360981
103173013
55669767
954796317
1839950175
1769307187
1847624413
2040805079
2079142094
1974555670
1639590125
1569600557
1160278885
2026711221
614900492
1621920928
2003855269
590870765
561360923
1549203082
2088637178
2019613144
1835829018
883176270
114622048
1135561567
261982622
791903409
769373418
373218679
1625105239
1576506280
1783645269
1878875780
1960057002
1149079385
2132540861
1162464627
1444037813
1830871867
888922706
547728270
1327827122
418702691
2117922470
585941167
1348008754
34730918
866737497
804689587
1787606797
1929710753
1192479498
912225875
744449699
726638302
920220993
2086704583
17904570
1425794617
961136530
131623277
1005615069
734905824
380433697
243518221
166072983
2013419315
953516213
1751972565
921336401
434231370
311234803
1712194345
1950986065
465568071
1151370263
113963894
776016227
1512457039
308520546
1133865985
481391341
1040782134
1893866846
2086422933
288842707
955741417
748804900
1833031577
1231964437
22301455
1842935262
1158628982
917308038
529841964
1242047158
496989799
1925417795
764976207
876830495
1213850591
256502521
147019781
223589979
1316380230
940596551
618615879
1774013352
2143404800
644258384
1704243064
1043254966
78074585
653042877
1785739647
1697107360
960729710
38894421
281631450
1668484956
1889420618
1427548936
1634255850
1173645933
1515100634
1894751711
253738311
1344803275
519601716
1841490637
1635981645
157312575
74355838
1948146053
1005837783
2088439732
1559852726
1340819314
1590551302
1109461724
1634830244
595168633
1493018355
197381121
1682543993
1077649259
1969961746
730599648
2036582974
830868085
1224572450
1748752944
141435009
1681123145
279131134
232768364
1410490011
209215864
1078656045
301002208
763186469
1592127260
156882441
580799822
1203907462
2099266208
1479125719
1167548894
477385052
739391483
460846162
724027161
1278754535
1326541509
494789069
1616438443
1353247609
1721646663
1514607384
1581570888
2001991002
742344721
677565023
1260522273
369989441
1298228567
423524834
134542816
1102664427
1752084948
1607883922
1827262929
842690954
105593526
251132925
247604407
1063544841
850624003
912658944
1709987250
1379729948
1705973930
1101098551
2105540001
780438467
736485284
677999997
1272531973
1918055541
98108496
936253691
1017633336
261920939
876964796
300090645
1004699531
469921215
1526160999
1741024837
901857842
1732430349
199429536
1172052976
813495767
97247253
1228612439
78228802
1311873487
280391265
1130770488
1987005319
1080819314
932904831
895801942
955730905
2184374
2025092627
1298116059
1653350810
482472183
1865251602
837351906
145003641
1205514977
202452755
329709047
733227925
2071611462
570008863
1656315387
163660762
401336194
1290938572
2036287353
1490633427
768933405
1040740147
1638969847
580569933
2089220024
1469242927
1105605892
379312666
387572015
792992810
301554496
1105687683
1064985109
656927492
1094174901
1489025315
1108374999
1596941584
923199945
1126880901
788966213
1791109971
985279520
820492479
1142876957
264721285
196844395
1150295887
620239715
159962130
1756627483
717511247
1318687195
215015397
1681471309
435280381
2079851768
1314968222
1555852927
1594424434
15683356
1213188364
1637770384
398599005
1863733531
1208725153
171121605
1837781689
702018896
1019022861
1781663869
221280000
572801022
935831505
362482462
157243949
15799720
981227298
658104188
833651890
1064890121
1832611494
1135633859
463430314
1307658247
745179221
2025947273
69099400
2091928275
374059085
607613507
1697567189
1515967104
128389207
1947750926
383716526
455368737
95313168
597527189
1360208081
1664329588
209779904
254278400
1603296924
933366212
1316074488
781933381
464687782
1444420889
1961147038
639387942
2054096934
1027275051
1170557615
660762083
76817927
1359974087
961856696
1215060267
2024363435
688772502
1573829636
1528893633
1490314563
2017485997
432232562
634617234
460350407
211433487
1542757632
563137763
467306950
1662477055
143096168
810144241
1263953047
265719364
699190559
920541596
974963820
1259843261
1342658368
534942073
1418990916
382192230
1666890000
886182564
90072348
1407871217
1197514124
692465364
1509909556
1912380503
1475948712
458582578
827938362
267881135
894580621
493524172
2010770303
1703017331
894440632
872568569
1840048034
227163880
653166305
1395787009
1479937238
1197586817
753352361
1110699943
1505526898
2112770153
1212166724
1441968704
312185960
770564255
1605937489
1717519262
124123280
2065752149
1819392336
129141051
2080063762
1160952967
219792459
229830497
1926273120
1998282892
672211958
1276580578
12420560
1719368619
1252157843
807153792
1242727054
418941306
1629014093
524360928
1757483792
1122834812
32397018
1760783978
931573956
823234084
1383779125
1753541322
937501964
1159397117
220072061
460080270
929516223
204351514
1443365284
1298104789
417483781
1969028093
1159997269
1712428881
1000205873
1065351423
1660381434
518536748
2063012787
1187169411
786685828
1056475688
1714457064
1900649063
2112720466
1924238918
970241382
1088090620
1526838580
2043625018
625261696
1577725733
1641866067
418419646
1501181102
812955232
1493700517
1573453919
376432669
978832734
404487727
1372686082
682476766
657429378
2046327660
667997321
906253332
1690189876
1458411066
1077394250
903526753
159837330
130463533
14510154
1820798736
1796702066
221244610
1655015189
1817162149
1740665393
504190807
53852942
410995609
1303852522
2136784901
1732900633
34792289
1957789286
1347370982
357242610
190073269
993266503
243460530
1622119817
1897665894
687341016
1236189625
1345219338
1315466508
29683174
1139228553
1235401930
955885691
152695607
397659150
1460801926
1525073778
1667951337
14975707
1223659707
210102569
480039935
1300480181
1113991072
2048756886
655796869
1258739569
1115396911
131050266
1432914004
484047705
1939257056
414202695
1599423734
1842668886
719343190
1300822811
362936145
518997896
870636647
1061365018
1522752339
563876988
412974090
478686504
659781587
1584789877
246946135
1574966039
858939039
1356971040
956606184
832518858
1130845423
1682263934
2096309674
420851018
1465360847
1302430472
1020222654
89151292
596961614
1865829131
583569101
1202659804
1422057135
434458762
616716000
1971827967
142051269
710514901
1778812568
1179467529
777847829
2139960111
1218793700
105326541
1582302616
1099898160
1673112851
864180830
1954214021
1989692945
394077234
1126867637
1477511740
692654619
938494469
1242239242
549540425
598150200
787097511
2114549442
1514718229
1579181099
1885336477
1910741202
974184646
655511621
466115571
1079512070
872274070
988682205
1500266486
1419287344
796460114
1309672275
1770865542
106404300
502681082
2078557239
565346536
1724536825
1472387147
2048677166
569365299
458541608
510434351
664746173
989615029
1455191666
648684611
365721450
2042824783
474667831
901833113
978125387
2003076433
1077929343
83584087
1714356599
1523979933
1760177249
934139378
417014731
696523851
150600804
663605941
1452358760
1280068723
7738477
600527222
971931867
144706645
841307245
528476033
1626631777
1596794507
685939828
1553185694
2105186276
1678731746
503952398
93836123
1712016846
26274168
473087733
1380826851
1033062576
227997405
596408714
2116927123
1969413971
839148748
1229246191
72689341
850792184
736543826
391363664
1998259024
2008299667
1002938002
569903729
623396326
154018639
1583105002
1417400569
1575039073
210710120
218957736
805613515
566724521
2032065392
188428125
519972943
1493311223
381325091
1900210681
153195328
573285805
1794163377
1879539774
690737955
1378383128
2011615616
788653630
1321472302
1669739192
201581240
1136757272
757900242
472182820
2041151460
1058442813
1446656585
1052488976
900870081
335443303
633064541
1155177953
1212301209
465198514
185514454
34054024
254626972
1054372483
2086909955
175294057
1316386356
1228664528
164453026
1386028080
835002497
1004618128
1688119253
242276020
287448357
1910518530
1645340834
396308128
1402773607
983866839
1424902749
2004672269
2084283711
1227913769
695284411
1793734429
1410341590
840680821
722476048
1878986222
1953999324
1891683640
289972992
668510363
109993587
2030357045
1445275786
451939156
826729947
154618541
1429598613
1850425093
496066905
1057361491
1183701463
1970161130
1606203601
866906799
1182057912
50578957
641846627
633221178
1087028851
1187828499
41209478
601181906
2053260026
74010208
2063315047
1570384529
1575547528
1174744807
1782397058
976794137
1638166888
1107718352
1714480833
562231081
797553726
323283930
1539018529
471136249
10087797
1171311352
890793056
1576605144
530259892
233326551
612527053
1549913343
1121256248
1362997945
1355471671
256089552
1924142056
1076054913
758696542
933384568
1474863182
445774423
1400266092
414513308
217198177
792665879
1800323434
538086467
2105382641
1932409586
801478305
630101719
176439504
277952835
120753058
1841671261
376841937
1282210735
880564266
655949643
2028835238
1716396437
2048736447
1977971184
2067327268
27844518
823340976
473610149
1645295222
1609087191
676582983
1698465485
1949748671
1711502879
512874022
2069761671
451039823
1566267573
376057005
2038594928
698966539
1179126978
1045953196
1126762551
1074010769
345244534
334711990
552318692
1073792292
1222139127
1766108858
904789779
1670497120
8312183
1531237751
1328834046
241836629
450977523
232944809
313359270
2079111276
426583424
389596264
1358895758
1946120927
396734009
1324372288
1003455071
1124785973
1201432304
1847309037
2105285174
1328017400
1312829793
719402367
777291471
483270488
2104423768
2011354935
187065027
20187542
13732356
2081400687
1834730464
1130251317
1948000298
901342850
2025570126
763309958
732857351
771935419
2119222314
1940786787
2016874004
459596972
572314130
1198033738
133347280
890206901
1215243000
1095949821
1685090220
1722297137
1584441855
333742643
970104335
1012241386
1190454391
337541273
449370161
2072954855
1532801045
1144547998
1057671057
1904733977
1442731807
1792845225
1611558199
813709380
1597412845
1516050345
317170485
260844559
1797841850
2009944649
1886547093
820152535
74820989
416655661
2123688429
1132408160
1083894865
1832548935
2059261689
1880370533
131019769
962361867
150954699
2050742792
2000148617
336055537
281535476
144395337
1295564218
1007689654
887403262
1539067067
985100643
196849192
958420720
2026123006
6933089
404813284
637394509
814775519
2036329654
2039232004
1481696789
1598960325
1893220669
1558184902
591562988
608835959
136732503
1741574771
1231496452
1739031503
1327529414
1927549240
1368801603
788992353
1586244473
1099826118
584909054
323479483
1272028304
1469733990
198706566
251261248
146081184
1676085314
1056054761
788159698
1915890155
967991178
1673874479
1295947793
1829449902
445720019
1212630569
961116295
827650040
527824528
492604492
825076441
1547260530
141096230
472009754
934016321
1157697512
1513476027
344731375
540380718
1998947585
645499993
793261786
1401930552
1189573663
576135062
233568787
712239820
1731305502
1621019157
1755594254
21710343
236116646
644794274
1805531525
317639803
474069932
1951261192
23715998
224277206
962332082
253528083
445492832
254863837
378400589
574204755
1839190504
837890545
1186799679
435319527
1663974982
550867126
1250611346
2124054665
435941708
1249045711
1103369197
1816056338
1424066503
1742490561
1773755243
751904649
1976540619
448281217
171863775
939268971
1431716555
806263517
1416203426
458340498
1755991603
1118228942
1562689260
1086664261
1212334312
1864400760
694602277
1027940544
88904581
375790529
439291279
2045708706
1051246655
512353817
312907111
51071859
2068470999
235757101
49973741
1158898249
1550714558
897530048
614306367
45139419
1716924258
62536543
1469325329
313180678
290352798
294853905
1900051588
2046468916
1958802599
1659055806
325304660
228574026
331293795
1552784456
461812261
1999514134
1548599481
1360130508
622228434
1086491269
1698080010
1026210486
1076361150
1707312895
2055974141
246540618
673988213
1446699769
276300777
558011424
624437163
934918500
2055609511
1449026015
76748842
506316549
1747857386
524463746
1155926894
1807234818
21436252
2006326055
1790760715
1071958609
947472997
70161173
1097143652
144932422
1590630061
1342762275
1396568336
70747711
978644794
720429107
1845178358
2114658220
1261367001
1478412642
2127847438
981035002
1627453853
931013029
715114915
303488288
1902469879
1059800764
780477586
1336588491
138774964
203540430
149954892
491709557
1562281406
1545822562
1627492795
387250210
2146837197
685960275
244769661
1994373371
711541979
270403923
210416515
863081975
1085980090
2013937405
763190794
841397089
1094497108
1216660494
1083285184
1723648729
670962005
1221688373
249476556
2134667868
1278108803
568859481
250274498
48312282
183537091
1962499646
2115380772
1464232372
22231382
847695340
564728789
769157566
1272203634
952047896
1755287334
288084176
1162296886
266191923
316483897
1455286326
271555238
974998706
814770037
1959398564
1917160136
783878095
327005249
2112778943
1450990020
122520723
1981852445
1457082210
770894498
1546819703
1355113846
131710623
1956268679
120874179
572709263
2145066416
2135667873
727746399
892812881
88362016
2004442327
1155639394
684003810
1117709920
2062164646
421222663
2084013453
54845378
255219472
184868020
1101750757
2008879760
523076809
901187688
104786400
642935370
986834962
275718668
481996766
1649237730
705647508
1636683818
2060603999
147778949
2112050659
986957469
758281768
1002187526
2076642553
1514554327
1599445268
528078465
970913516
1841238137
1681580916
1193666482
1612674021
2049726594
1287804619
1089251207
223763587
1133596226
443649166
1759010910
911325621
1672301509
882818018
441109415
237229148
1041901786
851238762
1119106986
2105277703
1917024002
1009944506
1211905253
1600040459
1775988040
423279793
1139554373
1684101983
21120483
2071471307
2092762747
1237970444
518509160
1748459257
264748958
83884285
1499300296
981408993
722655145
635031936
592410549
2129333097
2020465372
295338484
1616585014
888162068
1751805299
2041915130
1925538290
2046202226
629193966
505978639
94240003
770714702
676975480
653987772
1163225349
1418525032
1029334847
1451657632
361059631
1300294267
1267629407
1584297864
1107915871
1824301373
1844373539
1024808848
1229027269
1532290798
800919560
577943031
248666432
1188760922
1910756946
192783729
741452699
609998685
1211302413
546745399
30712979
1883494946
1449152862
251499331
1461085783
1531389631
953657961
1359066117
399321094
1833177757
302665123
304641331
1559745542
340013886
1632570039
1072533228
1268157391
167355529
1626907438
1075439657
927010629
1428061965
1022634375
1569623
1598977856
7568526
1044602636
1380782477
715219711
1957417653
112302648
869784845
179586262
1642025707
1212215696
1244640096
160489219
917755517
1255318046
1722368481
1021958640
747725475
1284962179
631102567
667619861
440152170
630829730
485278697
991808766
875006409
771563762
180227585
1231547664
59096515
1944889771
1784496576
165034573
21099557
147332751
1905838555
436373871
1585968039
1857449141
668153328
409773819
1159844091
2113594154
437365435
1652362210
1954365684
1572453924
1864388975
714601480
189163756
1396664904
1717918373
1832681153
1978839394
1435382187
911333754
1135994762
778761
1469759308
2014959200
1222720368
1042470097
1193983278
443416429
351577218
1703018751
1457893511
1944602035
1990625914
1227540604
1028727284
1540001573
1667259149
1445699171
1454919733
1505169390
406360450
1310722594
344694931
1273853500
1889561239
957563180
2043437251
1534048875
506262004
274367092
863305111
1931003019
1606669760
1280029032
1163432890
1711801074
910567119
1085337763
1802391728
1537417414
112997909
2053393910
717525860
675490270
120871622
1903124556
1724730661
1620191309
1996591146
444841017
228708599
712017883
889379381
478179434
1144426063
241130219
1138218829
765607991
20016141
1546797524
424386109
53195128
164071911
2044136867
775943164
1965995801
1512715836
1105791626
199248365
2058103437
377222400
1132275669
1462259580
882800666
356472908
216492586
885449542
1312625837
1447963655
1138332715
167484000
1884816794
1225429985
533487684
915251104
1561055179
136660370
976308115
1766513880
1649546264
1162133107
1138900697
1205936124
111562151
236187438
344197593
1537013553
1813618114
1442384574
2134694863
1733515544
407861491
414570336
1168448905
529130484
2029611777
546872983
1487035381
1710176779
59425873
1275098992
1761014665
2056811035
1839282367
1007675359
1190748491
991601897
518607955
1048018934
509975874
164614926
1359288564
376935152
1115791029
94800381
1445710266
464954184
1760861338
1188983318
2055905225
1654959695
989219355
550181273
550483661
491624442
1517761376
671343983
694865573
1876308366
263033500
1600028991
1596299193
440475049
957956147
965878358
207342412
438212163
1959985084
1749401027
1387439708
398445988
1638358034
1550310240
373707874
1687587764
400244059
1512947402
1790008450
2112433226
518550865
1754321773
364075624
90258197
1818577247
141204380
883426987
1666866970
8436179
151789056
84475927
1458846573
1671057704
261580103
1766109157
851371357
289886018
1847439038
1227529587
1711910552
133795066
1630400416
847208846
1685635452
1728678062
2096989881
1849378819
1325130335
1136146722
315466565
1201266795
180557667
276261216
888174419
105789611
1684307863
1098664650
1173913279
1056060939
1642628642
81327901
393827090
859274551
1478218834
947677715
635775106
1075017255
1117938068
962340089
2145103096
1986211853
505284816
819043974
1127198859
362152460
1341608555
1047572875
1582548971
1254592827
1928249228
468246603
456372952
1824910028
1270401099
2054621355
422560490
1961632018
1257202361
1238889039
911643249
1187860442
1469486583
1439862551
688263880
163069113
61787328
1719047628
833076657
894766287
436589928
201305779
1684820516
1821679093
236203839
1187460776
354150897
1015282673
788084350
12180588
1742024796
1211936868
2000446212
231260648
1763957165
1917827006
1938060196
1507303086
2029937582
1479716086
1655998352
782207875
130988174
788873581
1686297606
1515544251
1597282040
477693372
1635996006
1402205385
1822435615
68090412
435591731
1436696045
1448116182
1072766194
1717117112
2025863231
699957191
840333206
221681217
58822647
1082556957
1523519806
295559544
1370655172
193765574
362643009
1401012620
301095956
1446480086
1637081908
2069129880
239812153
1136500076
1722614430
2025946855
1004171211
391712283
1581460999
2034522398
30603204
1371076479
265015285
1965723790
1991146876
701327008
318435397
1344450188
222176044
642926843
1684273241
1141601368
553180087
1542732542
247997467
58394656
2062402179
875244228
167104656
1445206979
477423944
690555564
1007461358
402214603
1237348146
225095615
1212889896
1579135493
743981074
776066340
1762970634
10322867
1017202660
357819147
291832709
713740466
603295508
577530538
458816480
1459040678
1967844902
1213645902
1421858585
1869952395
789763774
1108624297
1882476013
1855173726
789121573
729448147
1259688584
23108868
320169949
2060818667
4151782
1460676585
1300276573
1931303575
960525486
1737487627
1369389185
1215277535
377644768
523693188
1437764193
36277299
822607758
590155956
1486913031
628594254
1482254750
1867915617
1196815645
733054260
709136874
2072656739
1422163203
120114645
481405867
1189966334
963203394
1854997639
1718629303
110074104
93616538
116172655
712599654
174088319
2229823
1192416914
1914324649
375567638
794814627
1634603483
314891494
148994402
737347190
552996511
843945863
74781720
1772109771
848592326
2091525560
1544518441
840287534
596986471
704234563
51064109
1960646152
1038843749
973725409
145497338
646553154
576680164
361138472
416619451
204622153
651678745
1834098415
590393646
296800673
732948691
400967176
769477116
180361556
140174109
480072401
1156951121
604952454
683308685
1863763632
576041377
561979451
2122121180
1971166644
124538708
199950442
1251155651
1045084913
2130526052
1347167244
37697267
747343543
1398890942
1166642616
1598974092
1429578487
1034796291
1327948913
1873717896
1457782534
887064432
744853844
1141358236
773098459
143334467
2028158780
902622420
1025409146
1321838322
1677947667
93075368
1195066833
1854882556
1613925446
1761313529
1556619160
1961307030
1440993226
1896408591
378831678
382074878
1729990561
1772480267
2096051793
443727215
500216231
1973025174
500293701
1363446016
866969307
1565116810
1790417894
1781280010
2118693903
1499000351
151025097
1364810960
825344967
484504
1095483201
1582836207
1221428665
224825056
1356463400
721801912
2125086520
1021265074
1725631341
1868906562
834880079
400135584
1067018076
572930433
885327424
507942084
139577936
1639927886
1133710486
2083048800
1158778463
475132743
1586367769
388026438
490575903
105936363
706585766
1526779889
377169816
1788208651
921091646
23022544
1379897179
2123216899
2125930849
97830699
2011735816
207709846
1444217668
1943445096
1647554528
304011735
784536757
1720687799
1082392631
802800724
1183927492
1560689298
1590133117
708326955
509362863
1293673522
1430517076
1568678927
1567211376
398494304
1238385023
61431848
1392578436
1188106580
1526619828
1410730850
541001819
1192310388
28997539
1075552319
1383480380
607329850
1838202074
1673993038
146416886
525160419
1573266238
1979695700
841164091
209710599
35719792
1721417149
1955746645
2060518178
1739277790
1606249735
1927338471
1216123033
856279330
543816277
1582602554
1752623350
336209663
1222072792
964760904
2111664357
955218587
4852378
1754787352
2137536907
652087302
1284582609
431824260
462874889
159935147
1443647628
1523876015
69637094
1345096740
661565116
136030463
448527007
923704823
595451152
1404361052
593921044
633413985
104708879
542990517
593518026
1676675225
1521363521
1531289677
52132510
1257871371
248257532
1793261427
1134895669
1822695024
41254719
1109954477
769035551
1165828084
495853156
1834437436
600316711
1391241905
1709435885
2029283391
638771388
132847644
2008236142
1439294697
81012439
1764817410
262575154
1884206947
1737766784
897142457
693828438
443224941
1198724901
714480014
399537531
523256933
1957247162
711894640
1497477198
576142327
2138119130
1079536163
1519451084
744136491
666858792
183137258
433755964
1422543284
1748854083
1748417330
401837434
920554172
1663762895
1962822082
799516964
257164466
1283367405
299900460
111110512
1156460864
1062724938
1836915501
1046927206
547127842
2048806837
1589146048
722884594
1046884913
1721649816
1492442189
1037154287
479544085
1060804044
1978659045
974114797
1137354835
1341202547
1600567707
523350763
598500713
1113882174
1628832974
1127495797
1244704887
721949892
125959524
330389395
1635390465
169484653
1628518522
140031462
1579965497
274797236
207111024
851566858
1873139509
934039264
738251767
941585673
1728961644
1307440352
436476849
573963532
1547758211
2092975286
215303377
862764599
1698904577
1276846208
1756936320
302000934
1646532817
473044604
49557462
601895080
64443240
908503114
1390944263
285881236
1532456436
310321875
591547377
397968082
1951773212
1713892724
1578681841
1598752780
777449622
610171842
328851449
359596761
1316147545
164142778
912928526
1152916036
934196386
519308989
733286127
255846074
1854510929
184233704
712661331
380106967
1281775300
1201585139
1796805188
1381967510
35320987
60346876
1673492099
162885538
686039082
809983579
1500834287
890887535
1571524457
1365407874
1747345187
1453387035
811934655
1181622539
886897471
1034138659
601789850
1133437802
1230127968
928282466
1988361613
678212456
1572340785
1846459233
1090563791
831984000
901232291
1458108200
1925558677
2008529577
1572629711
2088798048
259236065
431250618
364454501
1673340496
1518695815
502218028
1379400275
2085206083
421871786
1415336769
324003593
1004060425
372067210
1614933664
1652037765
1505242064
1377695285
101018571
1510573172
1605783599
594855761
1914523409
225998217
1751253950
2021593141
2064275670
1963068668
203258629
215387282
155550154
2062518616
2103038620
961508483
1906105322
1639990618
1970830454
1942707936
2041734360
347038926
85203973
696509619
1183046571
636233493
2012385027
981961492
1060295469
1521643634
312820066
1197934978
1246381440
983961755
945665550
1566764608
1714066721
747407411
374434073
1332043680
238536253
1813317592
464896238
1914871239
227269125
669601127
1659004789
1568649957
848346404
795955066
2010978645
1089558708
1910702054
1609163102
1127743508
995911775
1842885462
847038542
507765962
860079057
2052701591
960554585
1643111949
995784210
547748984
600676459
194973264
283080310
1285514684
1936791630
195503879
1182072436
1126034957
1979903952
1183372345
269566874
1652836511
113806435
2041480712
1268208587
700214983
344056269
833997866
819846583
2137848067
593187047
966974336
496302376
1022718744
920557351
1209575947
1884985879
100184620
267155365
888818628
619366441
1325724042
71267770
1973043959
102516883
1404931070
1432494891
1008149635
2133737807
1031259637
930837989
189821040
206615674
214718494
1741625744
1789946771
1169283079
91005725
2069554835
624676843
908538212
101834002
830047879
1103384268
988111698
1174704700
1353998314
1800414912
384085122
1367368160
1778078435
334934425
1598915777
1392950519
1034878239
2013076905
1069265823
216935923
235709367
1423374194
1500851317
1557305383
1298196513
1548337730
1439024208
1888299588
1964481666
923129361
1614409483
265784710
1908103151
1512214887
2065439371
1770678519
501872990
1136104544
17453115
1477741211
1909805318
158512012
1164901434
414030043
322389556
423172969
613124557
1766070482
1361039714
997243514
314379190
1009802638
981542376
1326259104
374689879
1201938834
438601195
441944584
931421632
1992405532
2081859674
1834934540
1750046677
707523705
1163439703
1911309566
2138797427
50773356
1427099601
1133264168
1128382603
1114184194
1966469369
60519823
2080969078
42866915
312048966
447599259
1586170843
1959014919
1180836983
513827574
485888157
1332611578
1058962383
1852712704
1233731289
154123760
752579405
352840267
623760828
1382819138
500106346
1733126072
361768559
2091807198
646154345
618720328
1539397340
1083818145
1841024565
1694011198
314801181
1604708858
1934667633
414303648
1707964736
703719847
370187357
771483449
2138215130
527270751
1220653778
50698198
1580453091
1256141829
13118851
982329409
948109348
589988284
32702335
777298253
1774724129
1185910380
1699102827
1459660191
1427712513
249651076
1387519285
1598757104
1810509507
483600258
439508260
1757967827
87984285
428651578
1104685521
326111449
911364895
1297981647
362043476
876325124
321048023
1712763404
17063046
1356595380
1286982583
2004076788
184890790
1894237362
685982137
823626208
574912727
744508157
1634109716
2029233189
1708326660
1222894770
1197352175
65927447
1843850270
775497764
1993228678
1123768561
1883337411
501271947
1523198735
1020358895
755473195
1740669494
1817909709
250966756
1792549699
957834440
504595706
1834335634
941702230
259730414
599671479
28440067
1250976151
1138499687
320170584
1789599689
1608520073
177669950
1234670620
1099348606
1126947236
1318176993
950535627
1015869389
601863899
120653539
901561710
1773980124
1583859738
1488065607
1829374150
935704915
868981731
216389644
604274020
1821585753
479266115
1873608570
1669290096
26246643
26227045
1745470821
1245970418
2063146183
336113668
400871343
1436353950
1319361661
420172727
733396762
455243889
159504034
118621395
530092134
1064570366
286101011
223154162
329985331
1686342626
1315457131
1108812338
1564460640
1598518607
784115462
673978346
1840691361
1095516796
208677516
1691062746
1571468939
1567026850
1904842933
1700175277
1053743003
1720432135
1648362824
1461619335
1623563892
714736954
812609233
1009182913
259171653
308828127
1247067529
1881064281
1295680907
1485907998
1213115709
1416820731
1120054677
1710349323
1329261715
1958876911
1078728752
841694090
31745533
47498328
557162470
1219592275
806857091
832598460
553659085
591495904
981208473
1007608746
1767832170
227457840
1800949803
1139273036
1554656610
1924311380
1099401101
1956703619
1462375948
1329701968
1642736228
838139256
257497755
1421880011
692125514
1904720309
429042348
1936159744
1240323993
304766753
1606200626
148397119
1566549704
249695720
1135182216
1328482698
761788143
1920291329
1894594388
1190398731
1095819984
134758264
1398825863
1297630048
409156243
1385128925
2128354037
1244807338
248462517
491667363
416256033
1965144799
323154450
1473139604
856330480
1325923729
1163533019
82722717
1206102550
2073081616
486688459
1203789895
246221100
1742113006
1181556900
1652541787
791644813
2143596075
1757054598
1084343728
1075734037
175331302
102170530
1502381666
1945526516
666665943
1429056119
1747061115
812758807
1494145859
1182392761
505755279
525770972
252775515
915247394
1367535217
134225990
725096263
1372528810
642275966
1560085233
1085376052
323105345
1795024121
370389997
1238206021
1005790569
203083628
1810778480
2060235682
759282606
1085007379
1120207617
1884530772
510560449
134277617
323439583
915482481
231946287
728419932
552515647
847389482
341735496
400770723
54674485
1541066169
452969362
1022875116
143416451
2010740748
2117804230
1522328609
414909317
163942507
503262193
2131225902
1467705161
168427766
527601641
751804909
1482365540
1339137197
1573170637
1688579856
68922093
2052809460
1797250060
449797671
1834203086
1836266162
1383211556
950217321
322130062
748690976
560128192
2015723329
684112751
1792213737
816626928
1117577694
506435279
1349719
1513373557
801417874
170982705
79715732
1364996271
1744949273
544480575
1922583033
687666692
382094754
935088790
1293599984
2034855525
1555079940
594314105
1149221029
278036553
615989444
1219529367
214226606
377201302
1517373751
1067755737
2095400865
1279672305
713083942
1367858582
984309212
464555901
1713597142
1025034862
1901356174
1656135462
258743272
1853632685
943170821
1289296094
73553742
2111023563
714445049
1555602251
1607679980
1177652753
1910706554
342970870
220882478
684673516
665146425
897389148
1338770842
1799162154
972349091
1660003567
665051916
453937207
1049830582
1092075085
2117231029
1355168803
1982231291
551990242
1381216437
2001986723
1802545321
1888220850
170796938
1570943067
115719136
1306214123
962859385
3670505
267499064
1397051513
1196230299
1141804115
1587811847
1918577646
2026778133
1486268194
1953530569
1811940540
1232532567
1074661722
1189895598
1730405867
191301594
1179743061
1414374481
444580678
1710509654
2003295719
1021243337
600323360
1043612581
939164689
1588043445
905155577
418295327
1341535307
2037176425
1723565979
1467940583
1597026767
1315850082
392010260
709110028
1423273485
1838721022
831956574
780026531
515182122
1384610283
939980741
1194018109
382354470
1416871794
236963471
114891986
1635177305
1096007512
1347069188
1323522529
1630293201
778406168
722134783
752708935
1545976815
240905540
801516304
1530044961
1441558105
1312534664
870519896
1517697709
1442785374
1794942516
846108662
200839893
1725452093
2022938712
910540820
493836416
841004016
1860111092
977297419
1900407999
917481347
725640736
1133640910
358538020
1293322852
683735242
218623224
319408738
2048206623
827103578
791669354
422246405
512637566
196503872
897161547
2088727885
1433026303
559439929
773248160
430182882
1457372934
1950349762
2077364692
915557043
258821107
724948447
360615173
1181690212
1123844226
257007778
21163736
1413995477
903069874
1192635423
55925793
821018108
854646576
878625959
939633519
857633601
1778941877
289592211
442380902
1778959725
705685215
657643653
1707144366
1694396518
227277246
1358670457
658004907
40068222
1315319910
242356429
1707702638
1533212
1744132921
15381997
2051266594
296481289
196868394
135911392
821314504
1783865553
1025175906
1735508878
1254526676
1196608116
1455173002
1537379538
1852894377
628752362
437411603
133346709
1119184019
1990238394
1450428811
1533299400
1981783303
985227134
1285686522
924665275
35480397
1156963752
1859840272
1276957869
1447603071
1035027642
1481003203
1902116891
1758475272
2082986743
1518697944
1775100796
2002261740
1030587409
820634330
913920657
1509018163
1680821499
1589689483
2051822155
581936476
1619694895
2095438949
1011527294
1013069252
761679560
1100645881
1008668056
422757583
1465077818
1355391943
2031086714
1997709906
132959882
1825681387
766255488
1328513549
460783537
160317788
860859333
1797502116
1701150341
24331532
1611658250
2002762625
1532268119
438373192
1650577323
703556157
1503422652
1834696453
980875857
504346505
1947419599
910091265
1764062606
542224131
159301453
71944446
1523466365
865535278
2029149712
1212787041
1405697841
1281255149
264718049
572486342
1562148380
387851374
1299842438
2022644225
1719923199
2043561117
1191900226
1417288630
1585321889
1114499830
1323086169
1306098404
1086217337
1411154062
1186168982
408803526
742230316
894494004
1157382662
1011829306
636900115
788093951
1828896884
1831318551
288610484
926379776
1472009271
782122824
1949387443
610402662
321257572
388825314
302289482
484382819
493051993
1184408041
534503382
1908679879
2007968733
1914422374
2032363861
828952796
1326355248
686173616
521214667
1171264503
598176264
239134693
1038149629
1745887788
1810420849
2066350392
1623188693
286774433
1449889354
688340312
1792856066
951169926
2034546435
968062730
1179419837
1893884868
1212052659
1470628820
354499998
881712543
606644543
393729697
1058921592
1959867398
1999551823
580128493
499464431
907568008
642478969
535194240
1718321876
320594936
961461034
1393351905
282826598
663566515
2136188881
1796313055
207773085
784665587
158108480
1087841784
1926567336
711078626
5412816
1757728491
496640788
1156057921
1416221462
1204372129
143391362
197776180
1323103634
1075140916
2030361325
496262979
526258714
1020747699
1306586851
97236631
1257161731
390621750
2121943431
1057512332
1096839396
1219231929
503428928
88741326
128657621
506000740
953525916
1086423637
1948467358
990249490
1514962324
93345166
2140489057
1021584239
1299093723
1877186001
669166236
661198878
2034677919
1104129152
1664881051
1827575632
484201559
479167782
372040827
1819174933
1413551975
1587980379
83770729
1342858121
1489314523
270857068
1967413031
1470640597
1939914762
1726153849
1480974601
1511291325
464090819
342850465
1425130964
1162457313
1287089287
998085629
1482961389
457470012
146228703
1520615713
714977282
1458568881
665689969
1155386991
192993534
1811686883
1103253347
205222635
1837096554
2054137707
787156114
1009529989
1841886461
9962636
281410155
1500132823
195838562
1328857229
942034152
149948023
900736377
1468529387
1424888124
504101006
592405615
1318886565
542578997
774479757
1469305564
1978260168
1820052018
1156022552
110024772
33879280
420171845
482669688
1063948625
749674921
655217361
744769641
1706081687
1652617676
322983908
1473967679
186412198
355030470
1633805773
1478268182
692863502
746537364
2101006948
1061287982
204210692
1491265541
737666206
1982446857
513994712
241797995
2048174549
292245724
1919526357
95439242
1549195864
1407911164
973461953
1884080492
606060097
1575632074
1603151322
592219818
1301717786
37298178
1167700959
1175521506
643922485
1909668669
406028696
334145769
2054602300
2058873611
510404255
1016081553
395048473
437070317
1333987146
656434701
1070975904
1327177269
931845329
1482588153
1208153973
146976992
674312699
811661653
942736709
2141117158
1056306441
618359318
1060166891
2136191083
1483283440
998553526
92618318
2117001416
1302184322
1734995003
312237507
294021052
613095753
255758676
1210296344
112734780
1452586006
460118031
1329503164
304220861
1494099916
1513208117
1704624138
917978663
346362910
1119956277
1302367405
1568460967
1326495364
167235459
2062813973
1311622683
479002289
1613368247
1833401398
851874036
1994145143
907611894
141101389
747722382
1527298210
1028065404
132008998
191698252
1773810093
717125489
1458786718
232016213
625686549
22238846
443556543
929504999
1970098213
1343095361
272341625
1565787164
1243679673
1433164071
1673479423
1533354688
1417383075
1495390416
403624538
479549540
1530909151
1891783014
546490479
258455466
511549252
512899077
558235279
1102268264
68665731
228516043
1397869294
395067050
890644621
1412870852
335952605
2004267727
1592785630
520112620
2142876514
425697231
2086639272
1663776596
1513059061
1240215565
588323163
292823362
578468589
1358647421
1174247153
1674423142
1894967986
897458364
138895812
838571533
709684871
1067973818
1439119200
1052859819
721671237
1866803478
1159744430
1309695951
1200134445
987203935
87667507
778956756
1221144485
1756820921
497864753
2035623456
1495950574
930874880
1434013899
1096601331
1984806481
1650800202
1660292296
1343779789
2036867438
667072289
1454046215
93102165
110164267
1104609628
1039203436
629467577
1697382931
967108270
363184678
1915662810
1138961276
438014795
583353476
1670399630
1368052427
1780833184
435509186
625606891
1364419171
810320661
2046621387
1812754168
130905040
1520392274
617708137
470229588
160098941
842327413
2084050788
1952504124
1032616573
1699799047
1712158466
735555088
616523919
736092523
1697254647
997045625
1954207359
1691112408
653478683
1989802153
1907977664
565822369
1625010639
1797023914
974397556
588541193
950019334
632605721
2034670106
1232504812
1777116595
1154282412
2009046862
1399657825
1808355249
2137534756
1291757033
1070471904
1637442985
1284836791
