810214055
470429597
2139107994
884400952
1102734760
1433972896
1584683978
2146007919
1060207330
1604200744
1311422986
1014216141
1241007656
1055528689
864198894
1088139507
505301357
164026033
1866973677
77677422
2086382718
2034084987
1761584065
973389563
304521589
1114251087
71215708
1459492380
485663885
354982720
260564424
1302805294
1251657536
252488628
1375481840
707461125
41798836
947929075
1321996354
1512902538
617477835
2081324633
1033724753
1191930605
1266727285
883547127
760496686
377173848
882066965
1239077103
723052146
1337809799
730036535
700693505
1792713811
1759861609
1267070308
1160205320
32667038
1459888811
1239269308
939055782
983713329
1041397905
1015823963
1042166808
1567876434
881227164
840823182
751468875
1649928974
1475819179
716926467
753966435
2019803402
72699482
1424087825
83222916
1414354656
428856289
1145256879
1120008170
1516187825
1376230503
998166705
1846436510
1812996950
1953102236
410908572
1440547500
467302910
280539094
2018664558
1765336744
1488294814
252973890
850065220
1930748064
903164744
243796329
1999403882
50975409
1670955281
869941465
1979445231
21603618
1156384768
520658152
1881432215
1621232215
998728422
324642075
1822797633
1242550967
1013490332
942303152
840267892
645277548
1685891667
148867754
2085055244
1427156899
1333001532
881481996
2127454054
2072954074
1924720427
1966261978
726972099
1289135976
283838054
1224881749
1540453109
988287102
1357140920
824469559
810604474
1033939336
2092110181
1683550184
1968732984
129726152
1136604943
491573219
1355924996
110142494
833948000
1329849466
669918168
80017404
1207085570
579357798
1717911005
1230186505
1529023554
996032544
1502984792
1714096390
1967959039
1065779671
1820958015
63713638
616857927
1936837312
178247677
1949404110
1849474992
1471423731
775773053
1169081741
577856073
697410647
1980407810
666634492
819403508
1576737320
1123492384
1765728395
1255583428
1151534095
1927156951
1444208594
1602190982
1783174334
1567196295
14266264
1277818097
1017743766
144868325
1044541383
2029568234
1573227473
94538034
1398033789
1616720745
998608402
1101157335
963015209
1119081217
1600573638
1028210608
555860722
282308107
428475519
719790782
283200295
87117303
385973215
345534383
485842959
167655793
1198247483
1481811930
1039299556
2068062562
1562511008
2025030078
1851964149
1658280667
1881476518
100444167
1732528800
615680500
477936096
420035294
1814369794
390802359
491841465
1554373080
970999960
1925304943
420232401
109980692
209894680
1903578181
968332681
1371804673
941931962
188137264
117639267
1088272604
888143441
451543026
566580477
1465314850
194058674
1557653437
1481573038
1188131131
1086212105
1742568513
679202346
1960372182
268750509
327458137
1049754264
1124478069
1804646493
1955553371
332426860
238032079
198451700
458244241
383212798
1574906655
265426241
1248814712
237249642
1516558389
448662674
144628473
520137990
170689589
1704914169
271066913
1784332956
443586081
631912438
1459107250
874777205
683803120
125907987
1771256351
950567063
1124320418
697168500
562282112
1746899014
323090961
1770734179
950968976
636738886
1222088589
1080713277
1666915043
204251941
360152364
1626098963
1372551237
746251477
1003254567
772957090
2014082261
1006464509
536336769
1566486294
481820487
849061551
743555634
699838763
358174980
1126682633
8535438
174807243
527609387
512187434
957790765
411062927
1174193768
871283776
543109022
739752044
606183223
1245711763
1079687164
248119586
2100255938
1508554359
1660612925
146931173
349503389
2018761964
1882848391
67167093
2118834329
1438582158
1249892486
1321727067
977842623
935571706
259475171
393314482
1702601207
772543498
1427655207
1895016335
1857337436
1268992284
1691659474
1121069351
249551684
393403946
1170120639
175329029
581962255
456403073
1941385895
534860298
117177900
1168914440
1378774243
71687201
1658911128
673883328
952478315
2076073247
807587651
553933130
626374496
62143100
761234988
1845924928
1689185774
1997708074
1041934321
1179312321
784183467
1844217761
459723889
1663413032
499281363
2090816163
1754054243
1041466997
452198718
2060065880
2109432859
1695611579
1924775877
1674667317
560625904
1769622255
11334114
167679941
1461803554
538391182
962076152
1775248354
2017429329
1981203973
1036994048
943216026
28094431
880614163
1446510291
2111171596
172556334
558114332
1181917754
1379966713
229324403
1719353553
1950687929
1878972930
283851666
161928638
1173580964
1267973875
590298145
1668406778
495561956
1668601477
1647387842
976193889
611172812
1320944970
1888281565
69365270
987390778
804999611
721410574
315506097
120340637
1919385979
1479261581
753888292
1619080799
1503598602
1875406262
254011983
1146450755
41783154
3540060
1696112995
1263284426
1012433156
1369804630
1058431007
1518416522
246101069
924246158
1444932187
1092061645
334044834
1274696102
768456606
1784162755
958217353
522279657
382338287
1002267268
1734133260
1695288911
287934769
1235364141
1542447337
1941061346
865856480
1551238486
12266013
1944396416
1651004491
1754661009
1813372794
695069272
1272229073
303529631
1509754893
2057673575
330925785
1157635082
2115765706
1280776671
1061138111
412495809
1280078196
49523955
590779682
798143262
1490161522
1089576591
981036706
1741846136
63834155
466869526
66602870
1250866892
712752672
527282767
2088800202
1715840275
828691845
984247460
1966167512
540012550
1720290779
58646989
442648301
265312405
843281915
1627924250
1783473419
1913560095
112798371
1793678410
1617113787
1139036085
2091396731
373580061
801566923
355851423
443252111
1806494313
1688161335
1954370394
682289277
493507717
1840927571
1342055491
1834539029
803636153
1458712011
1168217588
424880404
1816860626
936315374
1883992173
2106721950
6426370
995903237
905326466
1081368259
2028740604
974463167
792726924
846608798
798399168
1657258441
1804159685
1137444472
1139442050
908041455
2100467320
682488056
77505143
1387131503
485201445
936863852
33327976
1187164343
1556575659
363234178
446882382
988588152
197206917
1184008949
1850400717
399340222
752957871
2081617230
68701082
439695580
158077240
1284425704
6819680
1129720563
174446676
1494670213
190555120
1677223356
1619888574
376207035
1175576204
2094120198
1735925006
1465274279
1440732392
88598636
1823931294
940941037
819930933
1729429877
805246052
2018516571
1186495708
1447330808
1699972221
526307119
652067014
1562629376
1893811127
260259792
110079848
578385825
169085564
953214678
1836683773
1600149891
992126861
721095602
148496936
103207014
1688965276
1366642331
552266142
2016255715
1060891672
1307095423
1874101679
1992574402
51929732
1427559727
1034434100
1944076237
719192011
776699480
669542528
788135721
1638015292
915045630
637897545
1166912280
1217906979
112477442
591078033
934700707
1772679186
17347113
1552756199
151120152
1629654408
1182839716
2112451219
1192894813
2138282142
85193209
82882259
331279331
764362900
233594439
124693861
356936095
778091513
1679193538
976175400
1064728353
1808239423
649788867
662716211
1613089619
1922903212
60607817
1392325169
78560322
1240679635
875792274
1975519798
1018259351
749722626
1868128546
1661936057
1127704148
2018805481
636174933
891551209
156479664
90845185
1460132890
2117852395
772312241
412893660
245848918
202391250
40727061
625992631
1710962402
1282672985
1104400606
1275300256
1505508024
1641078918
1943671624
812209062
837227283
593497377
822978210
291441248
457993885
436830153
1685158788
2123490344
470383942
1854266386
2125064411
1035290951
1792556363
883510007
2001620030
1279924856
245473315
488718097
1931224247
785457476
661935652
238089367
628712279
1910863477
672703581
1406046319
139563883
1050399559
2080836221
1061636852
1869218001
143632387
1119223744
207260352
888908940
1661231726
2050790595
286361469
2021864673
483063643
2028036725
71618120
690567048
961734200
1265845860
293036470
2018615872
1378967056
896532670
741279170
1283505437
1200090770
1387815343
639385834
1750579278
265965294
577046123
793823545
651043972
1428536076
281729688
1651978908
187493486
2134998257
1782794265
231408705
2119697997
505523594
1825838014
287535246
1168753482
1581462892
1989964155
1781942193
1324221194
1985720599
1080193302
591665692
347333582
545352497
1639891188
1654888354
88161851
581801582
606631942
1473681192
1957663920
782530723
672704911
1038976974
1540713555
1184921013
421217534
179403725
1314016886
45231876
102313058
189139150
858248687
155142039
1937836205
1834485252
1246913435
1839404857
748833258
428855504
1660715427
1779480512
1548105342
1152353064
1268501161
1881834049
1292839219
313285617
1798710288
177549790
1238148051
559030500
266307153
1629704601
1920747332
1660090161
1572116901
1145477759
1472607296
1203472896
1808020764
436059761
1879108964
1778841096
2138852946
1632649882
949857630
1484003392
1266085223
1657016578
2125243405
1030251157
1319108862
435837876
546701752
355499517
1144348161
1446707334
159779394
2032388025
1424448481
540039953
1816487643
1483870724
1212661075
1652605834
870242338
1074023100
788106031
721266714
2010410547
444177422
524017811
180144937
1258089388
1010859661
918230190
1160733290
2094532835
1020540285
807279206
647766512
965273398
1668986686
1578366684
1925683627
2074680186
1142614816
2015032489
844023903
763575533
1920657856
963483388
2006020196
1720921663
1322716470
1603273394
1713675711
1993765168
316126497
2073602962
193781962
1205634631
242009731
407319057
1849232194
975638405
2091929619
670847014
766716122
164320313
2113440372
1054330234
717473019
1887211674
1704966899
31651704
412183179
1351755873
1163418217
138048422
1368740075
1063795210
995784665
970371112
630310763
842172267
2144728583
198711251
521650355
412997574
849951712
1087349548
75069709
538366927
1285203586
1048902052
1288728480
1080404193
929319796
1474237907
740912195
730821571
1943743608
43045350
1213910458
745393849
41082260
83789332
884347919
1590487122
1912307728
920835507
2137152862
908415529
891989402
380145363
579680896
928756952
426132321
1191107135
1662287458
139349034
741638352
448055600
2062522246
57615884
1613882318
423776970
867819507
630190418
918025046
1828743157
863239028
1638608532
729447433
400878799
169383553
2864427
1766765417
1692220430
955400364
1855757680
1933862242
782032495
1777084872
848740535
1478552658
1460096735
1066347902
2101236885
19922634
145251533
583761597
368581756
1706516775
1783889804
1589618260
1509488845
541732398
1716123515
10821831
472576872
190769856
536900787
885949377
830534280
1111516202
772614295
1093960922
1479455960
1737105161
1383931832
2002409842
1042256225
1801456031
1408429690
1940544601
374527610
49937302
1639005830
