729299081
981087530
2054990409
38170576
2024485304
449400182
1999837896
1641483737
1935774366
1175666730
1531229146
1951373204
499291744
1919139342
1798283254
1311311763
1407597949
783807070
1135896170
1496620501
421576168
11426472
447563528
389642834
950222044
377534588
1871359442
2029825942
720556121
1706657313
574618650
2015233939
935499148
383220557
741329085
1979007345
910658052
768812813
1872620453
415388035
276404659
293775311
1393354534
135393124
1889257901
1294731450
1094236168
908479518
660600502
210851739
265839251
113585390
1926064211
1926479972
67490164
402800614
1568844899
701089379
572326685
2055941813
564052716
914424359
1587618967
837848213
1788325990
1961438829
1095423946
1801666628
714111389
681444613
328896592
344004119
644978284
1372223866
1140769981
1621831691
84500025
704572503
1812502991
1340110653
2036615787
395174713
509632087
306892211
904726271
2041489213
988065975
1992104868
928636872
1454979326
959478688
254927810
237424006
1367992233
1178775387
7171730
1197543429
1088255659
32102341
69858498
157520704
1223000116
1017682789
515976178
746455307
714142522
1743349202
1636970536
1544254362
153176054
2026221023
1992877460
269258669
938829609
560858033
1826030201
1055349337
1524625950
779391506
1078317454
1573058260
368330340
1343973957
567559821
643842735
1685441460
55578542
1802594061
2089576878
1280406472
10479918
1870948482
2056219396
796378719
1077896884
630073597
513260946
563716967
1049672292
1679751991
1898622238
1092304082
976920587
161678428
1129863157
1431677058
1429897652
1348280411
1256750949
852845153
378178205
1554434439
1650543985
1593565707
166685250
992631716
432944130
271088655
817337400
1536615645
705049861
1225978205
633786721
841440578
548710703
378850702
977137181
725043889
436390047
176744343
2073496597
607556346
531989071
1186981022
2128660905
2019839577
1396094341
813479752
1778687641
1418767744
1457133529
1417825482
1813173779
99188926
1337805321
815217266
916613790
1694405260
1151088356
1830616714
861823493
458191603
1558506240
987843373
1628946743
1230274364
114145296
890264097
2130930157
1163008973
1522235132
1098558075
859944714
1070282243
729954562
1183203851
298812179
980714431
541032769
1513556032
509249451
733122635
568286931
443137568
1611986591
4707490
407136418
262140832
422914426
115008455
1271485463
1466848735
2120741889
1138060228
2001928364
779328266
866377455
935419268
1474122667
68287367
1973726537
1947104422
1109152188
1540279997
1379300821
1779757300
1969904779
1581034103
829999622
2116566130
1904606539
761335333
2005283616
773486191
1468710034
1599557125
1725234240
879749739
1147459170
296613400
831701561
1626720382
383568196
134025258
1400442043
37200321
1085756326
1536927842
495478858
1715828244
2096294662
1950833775
1227519376
459162208
2096117294
726215699
283251402
446757897
525959065
1565713904
1897801606
296462754
725715597
1487831023
1878879409
112008887
1275279265
1177857904
54539060
20953824
1058818137
1092332550
86583987
843414293
1193550988
1290368833
180305403
1617862903
977365004
1926422642
1997693019
1627819107
218629278
1589894895
258656640
534829123
1948647794
1978610491
277690334
834435073
539211622
983728529
131474346
914665160
405649056
1309505790
1892164937
1658215809
908019707
1427155603
667088825
1911609241
2072439510
738961092
104246995
1183250744
793863817
1929774372
1847136685
1135639795
2107317518
1081186137
940429974
1255407983
717389384
1794650392
1844828634
894823311
387617366
307014737
21328596
47637764
1520599043
855241441
923844911
1557987141
1462373436
680972205
402712912
180485730
1973696141
604966458
1611237483
1237334913
558950573
2084163603
2036391507
66006300
1262429819
370660684
1269658864
744616935
960929641
1210857366
1456506114
1850809461
1602896785
1747470104
66778847
765264527
331886647
1098192293
1125946286
563136300
504078983
1020278072
440649107
483756466
624948158
239555124
317869127
1285754236
798135578
1831621819
2141710941
2108610007
1111264930
43328517
1949679173
532105921
61310646
832071043
2116683686
1972232898
882127046
1240259946
95315781
1714792804
1577411719
1668126604
1685717391
251004141
1036490147
1804425369
1661863902
1426639292
1437985292
708017535
1726179004
1091196047
2107169840
1871528116
938792965
1723720765
1093406624
1379602985
1509973010
1693173145
1015816227
1720822498
1483120810
1816888252
245207919
1850192580
921022931
1963829872
1191550064
129074562
1686116108
1523131181
1550837244
650152095
470589788
2120166760
1942423679
964197472
1205087009
1468805687
1695641065
475088620
2135918061
1594640612
1747944068
425240178
400191462
706338260
1028900508
663230608
113382488
868110886
914143748
2078743640
299162995
2120324512
1392271094
1935075679
1803044473
1844741970
1400600117
429254111
813695955
1606444042
246108590
664186091
467424666
1756121080
2036064499
1272428229
165747102
40208779
1001945161
30208151
1781040544
2116714538
611184089
877445229
1065880807
477050551
556081096
1164371049
1332708778
1461501487
1361327800
1436506937
1488767135
239386046
1685076306
1183174514
928461286
656356045
1339205595
1599621108
1682381710
1394834316
1205507066
1458060448
283505978
2018691965
633996549
509745298
702927786
1337763494
1480408382
727600518
2122794364
1025935187
1639850363
5897705
1605276881
429051286
540433456
993991043
854374711
973911527
1681125242
2002752157
1299055725
1612869763
1952107169
1423993992
798715088
1885990213
1809173400
1250100442
2091421984
639611374
1716519347
1518888085
1510020548
192757433
472727754
1894130670
171958479
1603883273
1712831594
1625731649
567366536
1582136737
508029649
1682694562
1651333224
1090935908
1078576549
525926274
73065410
1650822270
1241111233
806122651
698334037
1299955479
1855699283
2016791392
709037799
7131719
311840615
1934161726
1868091369
610251248
433198995
1276507453
1449798243
1408821946
1839735961
412599183
213570412
1269543808
1423523898
1171613353
1450630677
2112448535
1803840818
1708771640
1358119766
1346745247
1799769419
351232823
1745655218
1153964296
131662723
2000771568
1463182560
764869005
1548633601
1530490407
1467174057
1995985443
1220028427
1427228845
1349931507
364887022
847782835
1245250394
1549900201
2110175274
1320657900
145067426
588706899
1400818605
1208799042
819230337
1548182139
418064240
531268928
1569245902
806002317
470335846
737187503
1907788418
1684061848
747511405
1716579791
603528832
2041859686
94747741
1628269251
1972692133
1708459792
462327781
641676402
1445761439
579975182
2017421124
963915327
1395823580
814782681
136741298
2121137244
1541521436
107829496
1690112705
1564265464
735743348
2025999533
1508806312
1559635102
1770128688
1996836659
328189551
1261384027
867480571
1375200959
1215416715
2080474854
1992810103
897005681
321465870
1903264237
1477872342
926586669
785666048
930166545
1390392572
1570050004
1326321667
266509191
894295919
704875546
143520024
255762931
1240527769
1210697252
324191974
1135387677
1162178658
1923731959
1417463474
1440222007
1310654221
2070523962
985928069
1938463990
293606268
873243460
471385545
908361655
1701441751
820773634
1240063353
287510001
544355949
716495486
1546805917
2143262738
1389337337
1659530960
254442330
1507733397
1034836085
437727410
1807230629
1312007190
1242153871
1794460715
1304557629
1943543034
1470138750
480568296
1623729016
714112049
555705897
715170611
644853914
253370639
2091607
882310922
1487243943
316803006
1041083893
1998067225
1067284388
682950004
475076740
1694850887
511450808
1445974636
183920886
2140396679
1778682778
762319714
432054604
643845365
1538842990
1889211175
562848454
1163620681
1705673182
1656934654
1374070240
1832681092
1001032130
1107829250
860466689
1877454595
1341230783
1107067454
2090160955
254019844
1239625593
1368207786
472334702
878014613
283462389
1281984415
1167502130
1052891579
2080221867
2114860709
1768028245
121854497
602573620
933310284
1859917931
1858867772
2045981525
419531203
861445232
854459434
1897269338
953167741
456109307
586406417
2003423017
2141916466
623575903
1261791697
1371580585
1126471417
356594920
485139643
675313384
155474535
95874629
1029187871
1455062448
110279079
1975160032
434587359
763057305
2074731848
1987113133
1542613173
74004474
2129274319
1803280597
1466152549
102723488
454228567
21047773
1958598440
427736591
1093240337
880892799
1472996856
722515576
501614820
1570008041
1046850116
96435947
2016246978
1454485850
846255724
1975932307
7861603
900587582
1515446163
1851790573
2038195749
2082134704
835021320
119799619
775454140
1376479055
1734547783
2140988045
1720259376
745093002
90092106
1567058176
263002221
13098349
1635269886
790894930
1541892641
1341587196
607831687
1683545368
2098626111
2023742472
1050015153
1597954943
598338110
1479810643
840273422
2080190869
562206290
1042918153
1948649127
1611473331
1598152592
280991092
90043204
1247625922
1928422804
619221134
1035374004
1971959883
899722158
2016637971
763849776
1968424581
550786535
1035246329
1815637459
1283188267
187328724
975972956
337427531
246576175
1450662604
1730648328
796405165
742049235
1490140084
207363578
1037825811
2143717008
1654624311
1358902662
320999026
629984081
92841572
1998295887
1522774732
169468338
700454638
958993592
1297101138
901640457
2070078613
1363006278
1589822992
58609324
899139813
671839088
1111087689
1794944497
78562171
1220921027
51824590
953729177
621702369
322967933
1438440886
2093314194
2019533974
673952225
1465169845
5721054
553868365
1350243229
1137330888
653870473
1248455645
1578013075
704071775
2006636601
1170576506
1387304151
1511581141
380349282
376570559
1239216039
791484229
1750160450
367664049
525893081
281477833
1080970505
138045967
920403911
1496963219
395055415
1440626518
56686479
896768170
1509353434
1891699826
1788202188
821995640
1332788411
1157561616
302051691
265301650
1730802254
371231186
168255583
1424221243
514308615
1028677924
435520927
914057224
104028417
1668108297
584947011
871352543
1499714290
550683323
117867008
926304847
1883123224
29483355
573620666
736192579
1710471160
964886159
532127285
2139602223
67522492
870294032
136965039
510558960
815914065
221054332
622195532
1399935148
921691761
1392561194
1080457702
11441257
1336174547
1569190049
737168649
1997904590
1240022095
30584396
2024311988
395739304
1398763359
211833776
692770916
91128146
642287325
1032375731
1659707917
1064144732
1673246660
1690752775
937532032
366506171
926943761
488414430
1041032307
927956493
40594073
1481264240
1727877466
1127650763
257258419
1301190889
643101748
830417550
1311954102
18091964
1244154546
1106600723
1943766826
1850058187
854164214
1398757064
1455186944
330086225
365865439
225607485
695720611
712546807
53283359
671566694
1345539371
1043598678
1712012072
364429249
1107551068
1010118854
1866609180
204422473
473524678
829150401
619590239
1738328799
1878170658
1301906132
1789987364
917928138
341552104
1199155611
1504420532
1457905407
1969998990
970054808
1855619893
1233492009
1966603230
1820131433
440352378
1750723007
1558872885
2027302632
1445557060
1050622793
1596564034
563749805
1084718065
18393268
1056920882
1769953457
562180559
183477481
1658901629
239082878
1209406851
1584936783
2047316193
98007292
535621872
2125033805
1782290586
551745446
480511391
1920917205
561868412
923720210
662759809
1246620924
1064208537
844744503
1152027294
647516268
2010455900
1531051569
1777859462
80319564
912233171
248323722
100825916
1193007652
354900419
568960813
287134005
1193100437
1070600609
1534519946
771388778
740571786
1495761918
1616822982
326525452
1211822358
1737296682
495400791
1271471599
658468014
41226830
203785271
1966169036
1333257558
1220054016
464983030
2131531845
1475583546
1531523297
806021625
130712615
2139095461
2099908741
469887776
1740141922
653136309
1831428073
349321453
1976789362
608858852
1280796391
484381105
1257980399
546472514
491107117
13417669
636068385
313098408
1780419418
1046207568
960069720
936524482
1102924811
1831935608
2082424563
1862399792
131094205
199692691
1398230424
964964783
1360723710
2074648021
2099997264
223948536
191854937
11572803
1374132399
1985703395
1000841570
2080666973
1215425546
1358030845
432652574
156790907
1271418656
1918289163
1286541607
847393496
2043603358
1579319626
1735208794
451032872
1739879870
2076752495
1777985213
1174440611
894425665
590910118
1019279544
1623454153
1477202829
1359002594
965208845
1909828473
1670984347
23767733
1020352480
55095809
59094598
732867277
335731243
2079906043
1453317956
298161477
1282921813
747229946
649845071
837040569
881980781
1251644635
1526721751
655561962
231615106
1362317176
1947054437
186970852
1088128455
1773110419
338054423
471318683
1843288226
1170767643
1130368772
1855044995
1468782590
2120761086
1835190850
724098509
1737416585
247187618
567138460
1453088641
650930046
509015138
1686400962
164932397
217823446
524093719
1571437446
1242974350
706424066
768023549
1342958685
1025003837
1898690556
586474476
1811018667
1413107527
1406458888
1372663329
2120803354
763787655
563783492
47169791
239026082
57840677
657943925
1010143272
172841454
330854557
413095491
334835621
181502868
1793923724
932814952
642189075
1695549397
329481452
899624089
1128489428
838258380
507062105
1359354865
2143913997
55347758
175173149
1124993602
646615706
1625305820
751276834
2049322805
320126804
1787191732
1237629119
1786613532
312412948
1976823901
1481095993
427457548
219879075
61956060
2112674969
1218013027
1834178816
858365838
1393942563
124905005
515232925
1933235336
1167842114
1302853904
700606280
1462012921
422318120
1487785928
915339713
1713635762
1598114561
491591884
549900067
1556534718
484347551
39499174
2018677918
1215452972
1124305448
886467096
2095113195
963662842
99204695
98275306
958717376
241077999
1228949175
1072917144
1112268306
1601740589
1565392266
1110296832
1182429711
1554438035
2091002928
1850791369
896650032
1934630314
1194417779
1375293032
963211558
2040592322
1044305147
143238601
1177051182
1944933332
743071009
485602444
1718075874
1659838685
661689871
68029187
1348710840
1087398419
408330697
1148927619
955248590
336032443
1637062789
1714334880
1211230179
16844942
973087426
1774064108
1806513119
1651760124
476495703
198270196
860613074
1272396455
1197474900
1623585115
1252306307
412195146
875074908
377516735
62572598
1005242928
289223514
1513589748
569818843
568130237
1296384380
105680345
289980494
123515918
433488537
1378969960
165944852
155787950
342839111
357092515
859032883
1380986458
850246453
1104773966
578060906
1321189682
2030639082
1882397134
956109381
201134598
938422028
200766844
974510530
990962849
2053007396
688404169
630616314
1875948845
1199613376
561083110
1075220922
2041623182
37325020
1227372836
904726251
837099145
1767906792
1012744908
923682455
907326551
1991854441
1193664248
93190045
904885363
1544971205
1974242626
1591415394
386575196
1287943941
853553863
189966710
1309875080
2126126302
37148533
98740332
1658571474
1727147984
1959566958
1085428658
720859793
1537215512
1399692787
72778516
501378435
244977241
1995864137
1333586606
1519543155
860989965
128210775
1064447387
1272327045
1652901022
356482797
213831249
69662651
1694927896
235596331
1611238501
1054787933
2139385546
1863371021
265348110
159737043
700601508
1640498529
1708943644
1991914829
580820784
215943067
1997421048
128330548
778762285
646561153
1654487366
1116407462
431751838
1497819680
1814292514
560364293
1890573676
1933594141
1797107296
822397148
224507968
1506890052
1006581970
699618305
158448814
1726306082
931459103
302872141
378647215
1917764965
2076484296
1538716495
553859345
1823183039
1147165326
235097363
375379529
89517893
1302598529
1758835552
1800319867
762433715
646464638
1458344744
1453467901
552972554
698136035
601596162
400632668
812288896
597928859
1111300570
1568989020
368744097
1979876751
1536677804
1934872918
1852457442
934986956
1846818530
1957873086
1663252448
1268731851
376050017
510962766
749539522
877117528
1097480707
1033659708
860990190
1114800702
1686090173
668052048
1121661738
1115642662
171616651
504799449
631804216
997870087
1024435301
975050438
798360580
1333825368
461776308
768039408
1608458909
140305044
1383742900
742125413
1540749748
498015176
1984927531
862495101
844088527
413300086
1817945292
1987232330
2049896069
1588976662
1112648837
2035641619
118020817
641645478
1052899972
2133648157
910619742
983318452
164502592
1431489955
1564581384
2141134262
1441826743
1462742675
893404689
1456201272
915578241
1564621377
2121114299
1113615163
774223052
1408603985
2034472042
1642557833
244619425
63339102
618869985
1389747605
945228828
496123738
1375626327
541087795
1898467440
267275615
283797302
1473334766
1205952781
413811781
1460354058
1934354755
2144200144
17425154
622428007
797281666
164782559
1336140565
1043199637
46221529
1167988420
1073319707
1524473666
464426999
1231639728
673465489
456592426
1854251666
1364632222
208257698
942945923
892061244
2026822822
385614639
1871278581
2064639683
486959468
617600247
775521648
1844777531
1337635599
1834795503
78436368
168844313
135654650
1189925268
1827842889
1960339521
731588027
562608453
1336801942
1348973936
345335510
1363495240
1191178808
641884443
886860236
1130454721
797710758
256349045
1769051124
968838701
1514846710
1547940978
2107713722
534456092
984891741
1700077059
2056646038
1793914489
268591554
839644869
1397214041
1604953088
1739782522
1243973123
616135318
360200156
180550954
1623956179
1825399564
841507504
1433338925
2087374463
875894556
182950387
706555383
1989495288
2019350200
483716909
1404791673
1239254190
236003071
925244742
302562004
1851012486
837412854
898611013
411552701
801274245
907343042
908834776
1071280953
1411287794
813218438
1370317108
733165870
1477006838
987889327
1810160305
184184654
1729381652
579150764
1129169645
417279160
1128824769
2092631235
208575651
580879378
1164383027
1608465075
990157649
1635236609
2122265887
831956910
263071633
312510041
63799148
715754185
549616585
331878277
2073489244
1880338113
567095190
2095161116
1601447534
1865309491
618167649
330245475
870035529
1223533672
1012727308
254990164
2054252048
1902944274
444209993
1584583644
1346789888
400013729
607570882
647211704
1804275942
552587877
2029306484
209039474
1059583108
1095117786
397391983
687656315
176226896
486103707
479224094
1564235832
759945620
406266219
1160048138
1150124088
543759912
1811241950
1651550670
1320429023
692048659
598727116
1881000258
370731791
1721904213
1057226808
509940700
2120717436
1328091831
342652922
1732606195
1385191377
1605451155
1241522495
1004554975
360023069
121272527
787427882
775912947
402741299
1267353819
1593613893
687071119
1318423439
1313283426
371424719
1433491020
868780140
2073986586
1053272786
981121444
667053105
133320064
603924826
893151679
156184257
105931964
2081274430
882954056
416907348
1418304021
1698021495
1182224445
651371424
1964111596
528443483
2113920253
19987626
1390583600
99504109
834662406
399112844
650955119
1346355858
1768077725
2070461798
1756780686
30341328
1922423339
1220716791
372728647
1117961211
1597563545
1321744197
679805908
1184422893
2065129538
547056797
354002721
1625308475
1678917060
1245492607
24745803
1495862080
987970761
717837447
1069679565
245143699
764570507
1436944755
521762167
819647518
1113623644
1219140845
1901169918
2017792499
1456705877
1664678629
1192389355
1023171372
106909759
1490933326
1163157877
1221114993
88724306
1273097330
1618012196
1015805972
1807788914
911269193
2041319452
564180334
1598344790
1337836219
854023530
862014316
1361047691
411188507
1139740309
229967242
2124656395
1584070138
1005551572
248085605
1528268029
1489663632
816857128
1775050265
1964214786
623755654
89631464
1060624384
1280508739
1681806147
1574784930
811182819
2031712177
1457800929
40342725
1208873644
1436078579
1735349973
154756612
1948773396
1263471104
936943939
1227097151
2118125546
1404102929
1777420277
332190494
115038772
1701779966
665515030
955077822
404326744
205535586
617217299
1054352058
920555814
387884419
1079940882
1039187550
1398660869
925654020
1585509692
1509328656
1226478189
1953183936
1884175510
937018645
1266652167
1073315939
1922598278
690516285
2084748126
1864994082
1752415379
2111676169
2027149142
1395039863
108345750
206597905
436778803
1420210948
1414238998
2068251614
145799000
327841224
188570378
555390315
1095146214
1388624157
573654059
618990468
555133258
472660433
547523368
2065254780
643358579
363281969
2115444075
555333701
1917379538
778377484
1359380149
1218554331
878618788
1638035904
1219206748
990226677
565593380
1674533029
374170130
1394758009
61717660
90902332
2137065836
1092215948
2093535030
1374249565
1295630695
824608545
988314758
1858378741
760238685
1182078478
169411858
65454666
284380252
614449417
2132682360
1276881733
1025864228
1396943307
855406805
204951172
1680757858
1651197303
1253763111
924832545
1332023202
1647630991
1619322644
1044160250
1640415519
1641732918
727739550
155074738
589013630
274746821
130864921
2035184109
1355583951
183777242
1125745098
1901999788
1096789089
1232351746
1846915528
641486501
1389364816
378147661
1006037538
1435538418
1284763298
1781115871
1075217311
1643257052
764152501
544063983
997827473
1755123090
736153639
1849928142
1095118605
1989235258
264024629
