1202121154
1368193236
1081926974
1868807282
919741116
828680174
1925351268
94405155
1447072790
1920608832
1197546707
1149264438
785216776
668213018
82165027
1858922575
375956513
2114236191
2144603022
1773631474
1850922900
66112504
945341806
2020004324
1440677056
1709206340
789713082
2053446224
1618448224
665264303
895434957
1512946628
946539075
2064542917
1091005482
994822468
512204912
1861263202
1329270905
1084742277
1035677043
1218013019
1077510599
650613006
1154120950
1682073102
483941414
255953722
347964985
702856972
173824133
1795007073
98407853
755428904
2076401536
1110531714
787179998
520732927
983195370
1966403250
1510762358
563044021
794786367
1398336096
1748481550
973872535
2101068623
2121300371
1589942689
1043175758
1018689463
1290007077
1957401284
31229276
364533414
1372035238
953187625
437064567
1139344392
1714396850
310243058
2123541937
54678614
1795816356
519018437
823652266
1250390236
2070457917
678813246
1801461730
1587494161
1187285604
1731517028
2096937693
2072014600
1344523822
412079512
657167615
981599710
1926918913
690625226
1034201636
827617946
101815097
1200879807
572650107
1668189245
1235352732
133758524
1751106738
1178287774
1884637144
194262428
1366055693
434689330
159907917
77620921
1597458492
1397740605
1908892810
796494116
896782065
768815851
308595762
1205321380
1084889063
753305678
2076195642
1495391923
2050186577
622278703
1635551145
1039651993
2055509653
1311350640
1128855386
457104948
414432482
1855442423
120770672
1815510706
745404853
1438989988
1607486822
91729222
1285510641
278630807
32922882
170440520
1932871257
1475103095
1867438959
1855277722
888955494
580640333
1799151404
1828475283
703419387
491952078
953544246
1015337691
1336905108
356962641
503803765
1199664204
837776254
1720470621
1498424083
702029386
403952859
617718834
1077486244
2022712250
1016843800
530477348
1975714517
23873934
1937448470
1948580365
432108260
831722971
2036432758
1981105007
148810661
610852087
151088555
654537937
682159790
1451104051
1410039560
1671502604
1219456129
1157600763
1932022212
100930639
456580671
170750308
1184081658
787814331
303409132
1334713825
982097189
1835697718
788283711
1450304422
581388364
1617266511
1756159523
2003920434
1974051521
1013342156
488464366
379758308
1811505268
1046106439
1021078972
1206367055
1940608138
1624638633
129586711
468802439
746671079
1422411621
1351320555
116227191
1141107120
868428792
663947121
1968490302
1457626223
2086696097
1316662312
322208621
163731854
8041253
1174085474
478986950
327668566
2004237464
1382283819
1169044180
2097165849
549592775
987013505
819503066
627927667
34482729
1211628655
1184070571
1757459724
187554207
1612910873
1671666548
1044860489
1704439652
1285943371
2042003796
127975803
98857995
1269528895
352397145
1322722477
1285688584
1369133836
610587334
1010079294
1939527861
299455152
481128967
1201799230
163110496
986373440
515424566
112364052
327595301
2091684650
471398735
109017336
108941341
1713956424
479073755
682394593
918937007
1660996304
1405011897
2044069857
1781628391
528013201
182465962
522497446
518233965
1425305241
280045506
623716413
1215841363
1938696225
1681574123
271330907
922378442
986788260
1488245680
20085124
1879208813
1908494197
1303300997
135312715
1990898634
1745926993
1664273308
590706856
1972288700
2009699327
2021760476
593772010
1306094577
462030947
157206315
1661433578
2017496824
877506347
1686752368
1481732420
1233841247
1202348038
1009614769
907360090
654671798
1957255601
1242944936
427709649
52620953
1050328487
453735077
1465128769
1868543813
591434710
473408919
1200743128
343767086
559793969
1849913476
318830819
318716722
1698863272
446080272
1672513243
1392343492
2074085816
517523192
637710037
1569209542
536161258
1397376393
2116227114
1972125324
899217518
307410129
1763939423
932046276
597178663
1500475773
2082631992
1912034088
1955745582
1720770526
1249638978
1870404394
1764202508
1419521001
539292699
1615913820
192647451
1575622813
1925847523
283879452
485556925
669430175
1313815986
1672951033
2044587381
2070799228
780740415
195226772
792168271
673225303
505960375
531297142
1921545493
853769145
419587981
1337171279
453674236
550818882
1940673897
1874888932
1653803268
800924162
1726219023
1929938409
1250874265
425637549
1064756235
136242496
1669496747
1337156495
1134765444
349399355
408193487
633698013
207992069
2121930942
1787097748
1297795262
430107333
1052059022
1662709410
1004546145
1298178326
594245101
1107629987
2140627046
2050086261
756591684
1209371118
1914195836
1147367179
725912880
793496368
1684670207
1946545085
143004821
250248243
1113758426
797581690
371936550
751814353
1461851973
33332646
381648807
720547296
1902299337
1873200261
1688077556
1282581258
1224794831
442745482
731785014
149341121
33441601
1807055605
2094233177
1174345317
1304214831
351913465
964714482
1164873462
1489550537
1558044741
1187912408
2020125318
1800360005
213500430
1845591072
1462655949
1785020782
428305756
382087579
2092187977
1858152377
1959076387
180215576
1026279657
802693740
69067989
1389398512
1968304219
2018143847
1413916198
1618423804
1989242449
1474924664
26372674
1802841578
218002092
652693890
325460251
447724025
2116379665
2132294123
1751091416
578200076
345314961
267923628
678509313
1211807882
442207342
1657762860
894439531
1355495713
2102750966
2062015607
1366696123
1958232274
1163387652
1741881711
1796073572
768087278
577273105
1367499309
1254316990
1949358659
284383517
1792020297
1060375526
1062493598
1744025445
323520732
1419652895
1951934012
1011824103
1954575438
1734348154
2109902451
1229817204
715191219
1286921710
630102504
1145816113
52002368
1553423072
1036213732
1803076974
635147318
1995450457
1267861934
352869350
1813868426
1592195668
691066848
718278589
1995401099
290058878
1194565272
639399152
2003569450
1889084888
1465997985
1617421975
1106027549
2069561881
1163303704
1187565172
1513187782
692619964
1971239757
433720845
1949660905
1055530245
1333047942
1810907132
1260239002
2024053277
1525401754
910562559
619186244
1246247046
1339319660
1346720178
1516788544
1202843627
1366960456
1838093521
394058833
1094642501
575367833
506451277
276930940
1804844871
362593302
551943316
1672669771
269956495
1250136614
285347328
2121917017
1385901182
147625457
12565816
1048761256
1387895013
2008363785
912268517
498348282
1018933895
2051438459
1522170396
1929482788
175006831
2014683352
1489236823
212871451
1417213149
2001197606
1875273710
2083364079
369039662
350991699
1583318189
1756144379
1147158495
1140730023
1130758581
1176013236
1129695361
1153438726
59942167
1309963373
2117359927
379942756
1164774725
10022111
1647614185
1469678482
1037688653
17861664
956981258
1791931809
2121041334
953501783
1658238329
1307128356
169964169
442233402
1507546193
1943326448
1736652926
504787945
863495416
1097278146
1875363949
476071699
1566413965
1927140979
495688010
1988417307
365519271
611646804
2000180547
720566800
2107372549
957182796
804648553
820802265
1649305251
94686344
562887650
1555815264
696633702
920880257
1956918330
2068198186
364586909
1480992843
1566544296
772056679
1567286338
503893099
490284228
907250743
1327649784
340988011
373781391
356018909
1733616834
1579712013
622192301
857133769
1438222156
732369687
1488201534
2028990121
1467422219
1218305183
2033215571
832818852
1357275837
1739406895
449380584
751258009
1130448520
213046445
1700252889
839747638
231590245
972622028
87611883
2143568187
286632524
796176199
738694645
1653346852
292666539
185487239
38011218
352219298
141599042
1361821560
604037694
384233917
926573555
64589877
1794833252
1786082737
643734753
2075657116
1341665033
1143769635
392304780
513715823
934609148
369783519
759874647
1613065805
2021489944
1218742111
1866174125
344382542
2056719618
1680798747
1865016220
139382184
2131940435
1733564002
197203887
1921097292
1170171793
261159207
1322822403
505360653
578151245
1700474197
349924145
1251043382
1769764718
687842877
1657146042
1802319314
918897704
1938616047
1012355878
25255482
65765876
1067283991
2056367630
34814060
1415156110
1074934569
1475512750
252994115
810453767
170161336
2114875742
1878718433
2120127551
1244548785
437222823
1159736843
1761938044
92277653
1486339342
377316180
322999397
2020629945
1868459746
1646558146
1870811244
149343764
1170450506
543214620
510371337
506904057
492217127
169989562
270786131
569480939
417611542
452899955
177798123
2082743224
1765735351
1130693292
683690009
118117849
21625425
537044825
245325966
1544172139
1372952755
280535044
1100476601
1323051014
587226982
498520031
1534680769
287856690
517186581
1320143656
861251190
1001391064
67925107
1585055899
1011946348
1814009937
1972404603
451808937
52025029
1902383031
443157902
1116198894
1861262780
191263272
1610772910
1748202142
1408742758
581156880
1224067753
1134627991
1649419650
776887150
720134571
896772965
153951960
1436609072
1397641603
2049563546
2106393226
1396197726
479896426
2048446735
1009447979
959325130
2096312794
1392755792
1243702185
1056235116
1949251235
1055151966
1471548763
1398974205
1943588532
1548682269
660706815
1091852128
347682440
1474136596
490064608
1313719768
540215531
1540435545
1743272933
851958825
1961264896
491753739
523443472
1489901873
2138989596
337509121
2009053316
1934633910
1985092414
409412855
1576454703
125354811
839894334
1995313190
215929572
249607638
46874049
698026343
1514455773
1160934058
1497165126
1648292209
970623620
1340807787
784854828
225139346
1161339109
1093165007
1727069272
1957036937
1236624656
1499719291
1040897315
1939467589
638284913
1593884203
828527107
1663437724
1838581384
2003115921
1883512944
1332195006
653300827
373831849
167487686
1787297460
357420400
2065889183
1465296909
1561703628
1299881182
951990550
1352316123
1102415015
1109850047
1681523147
1576466718
454097338
944479832
1783225107
2013448535
242545572
1296678392
566565122
1874724139
1116100600
494337058
440809880
947356529
1818844790
117067161
1207460887
746327689
1652920452
607916167
1288559202
2065551656
1464694589
839013426
1685804656
1133667672
967612017
1385511892
2053430485
144126521
2006994192
1900777843
754027160
173272716
1345718860
1118844168
1951431874
1022725333
1982959182
1843710836
1738542002
1085249612
799476445
509509783
1567225987
1576108156
414270338
1809497528
1300725732
1927996314
573646327
423115555
1208073099
1561377404
360590379
974205510
1038768462
444875904
270003391
1874843145
1917977738
59685426
1172147628
656773339
1771335429
188606306
1407663242
328897388
457352896
1937936172
1196057153
792374625
2050154819
1759523163
1713992373
527004187
1092206156
1414959833
1515496284
1662188735
1188314243
1353637537
1646954974
155665030
1758528096
66350708
1564452676
912636059
401610486
951488935
1148941551
375855990
133943700
984220733
318402083
888252840
979201620
2024638600
757707271
1894675995
275232410
810792909
1211126977
1247037404
1939818013
852419429
1482690521
843957018
1417072459
2143765133
355299366
717498961
1396171590
2010785813
997386706
846889977
2125773606
1047885405
1135619117
625537921
2064177725
1201727512
722217520
186287001
1944685241
126973882
1042710419
1011974793
1810319670
624807024
1024730115
1294438418
121255915
909724032
1731789971
1791235438
891479302
163019684
477889766
1541598899
1216221985
2011055391
15698067
859019660
1390294798
577945212
7393911
27322719
1107503531
215230116
1018765264
910628379
1132759104
1267158857
847691801
1226694583
1063213994
1168711593
1144172341
1127377255
1081382310
1381553013
1631290245
1604456820
104001267
1799702525
342680863
1658173971
1104537481
1087478923
1916758997
1039057467
1195063047
1866508123
1441611632
605037495
1191579514
774374695
49074936
1507257336
522264151
814688530
490670694
838538591
1064928967
781183839
89489549
1577725036
683180342
850201038
611213611
386251550
1887463438
631877457
1117005768
783797348
1815277717
1816711085
720199287
647266397
1593931220
1770901106
2017314596
146983213
1228705597
59043899
588048858
1726539430
387390045
1837208248
1747965448
1277220457
1184790463
1998939993
285927586
1093491399
724095673
845124333
1166345065
365677017
298254055
647762639
1872746753
2015382629
734167752
1740784498
1159101974
940337740
277553806
1674331149
300666976
292133957
700550917
513810001
761117767
1122202385
512100893
950802302
1250696768
1668335307
403300682
414493031
541733387
1378039793
1544998580
754866334
651828494
1185270541
589626621
618514584
458630783
2027762803
265805416
479183252
958608827
830759466
1040309996
1168443814
1080577283
803086014
397322451
1333953387
2065241092
1811098676
956419933
1343816758
721968996
1296051535
140568080
299292036
2107956909
543547729
200143967
1634176163
935925538
1033869136
1117592365
998960479
343022927
855626575
794898962
1132792754
1662835615
842627143
1754381338
530975411
1682481784
214854643
2112480687
1026146265
368784133
1888468236
1626447840
2066757869
1690780028
833248555
1497263269
1887126955
623370389
1048622637
1785233306
1689511065
1092326656
1095843043
261364993
149845411
1018607911
288067211
1820886322
27528359
819245947
1544924698
262613603
472260058
417798143
370325823
2063615745
1658943986
1318111515
984956807
1283780145
2036136057
893478647
1656317910
213610254
932569657
1824725629
1427746962
1218865518
145302004
2037953977
140033078
1051521473
74127397
817047897
1895996717
504814368
1298670221
67673457
519127397
254078341
173816499
249859612
680638619
1718114080
2058577016
2067855278
1250421673
934958195
683996186
528068092
1103159228
45426023
667297135
1508978577
228486431
184310410
359372681
1162242721
1348091159
1569205501
2036381357
564599636
460594463
649848553
1646023307
2141472594
1600781022
1419939677
1972059162
515331100
686327104
1031864985
308865529
1688551086
1440771250
2089282916
671880324
593650470
1282423666
1875423777
221314985
1238311870
69691851
176869051
72488127
65000586
1312140356
1201428214
36455444
1889824158
1514161595
18779299
967863715
2045713477
1917261357
550870120
705441523
1043920572
532073023
1564694994
1944919524
486989192
340520221
661907149
306829744
1408558306
2080778707
432040881
2109524913
356675834
446519664
1679416515
469207740
2141811503
1002575240
1879433839
777948205
426567616
1910789342
212847459
2100563943
1548186388
90244794
1669908478
586456050
1865137433
1482067611
771893225
1707399837
1861272156
424582894
921632736
442686886
1831126779
2094324899
47971411
1847820987
1633767132
1884337111
465312171
1047005307
1586989862
326878667
302536025
990125465
978817767
1555810948
521470205
11647907
931128570
1400295466
1697728464
1595028503
548419779
451304285
1095962780
2713767
62398055
1049927570
1242966961
1592722605
1530404861
1361623574
1737205309
1542352870
969602684
1681010223
770004004
563020635
1663958677
471048863
510102579
360210347
1642892534
1054865442
755231617
418036214
1023003702
259821494
912258681
1534441628
413169645
147325400
1906076833
590946975
1919855501
40480598
734386504
710701779
174705132
669934245
669768753
508310506
1032889760
78097732
670033457
1480399359
132898811
1125826452
581272538
1953180638
2014385352
1067337488
1183569770
2015569408
1958165233
1645922532
1410879753
789109996
1549366795
128187576
1525120615
1885417543
1062438683
129373596
1633016312
280548060
2125992889
1896329415
872680634
1924279644
2027535344
408310315
453123117
692944700
2064148172
845902883
560768043
547188883
1362006402
749125690
730377475
1827892025
1092244696
635356166
822377624
297390760
31404968
535598960
275793077
1689539087
1226018760
1191589923
551370857
1053786558
656592146
1655915646
724839919
326186553
831080586
115733058
89704733
1494338905
1311224297
809007028
1852311280
2019842835
538532368
1152310807
1672194671
757465962
1573146208
657542100
525923901
1563648604
681535875
1274054678
356259830
1225036122
944271415
198132350
858263214
2002921426
736022941
171782275
2023499508
1144387896
1421336898
2052146953
1206486059
21640755
2126095228
555253113
1250108224
25751671
1114959235
299101501
317399036
1486082696
1123870498
306660674
777453548
1794675390
2081092696
1317051520
638188916
5477196
804568953
1338868250
1634927699
2032526635
1534619748
1741676766
906930408
1724472373
915687824
1252578823
1378094431
1913324043
1607497951
1773433354
1310975676
324633945
402876321
321534208
1641231250
542865032
1285440229
1461305039
520457194
2127000079
833010014
1622591013
524203100
640151276
1395668532
1637518373
327605319
1756934175
352159489
1365843849
1927095993
1338900442
1149018069
417214215
1232954434
2097436621
561742533
1393813442
359269782
663243459
1352896366
1767206965
130324944
1374113205
1121633567
1766090388
575622752
2011951748
936018382
2098846762
1925320470
1873814438
812126601
210895899
1431757131
1476855045
118870422
445531696
705443596
354981668
565039875
1717774242
1885905267
1100120178
560824708
943759768
1783321106
601943996
151752011
236053450
14663880
1625637864
458954043
175081863
1788382270
163409144
557633249
1567243352
1856663102
907200068
807535239
176713423
842952138
2000848230
786806516
335014837
351159523
150112209
858914858
342300902
2032436145
335187325
521310949
780714171
1546935747
1223427096
1383353705
761702159
885405495
780776731
1167628323
638657308
1534416454
2003327625
601987548
1061098604
671184932
1730618201
654147808
360257410
511352960
1205180486
979627479
372901099
2064722262
827355255
1634328043
727695867
840571668
889325672
1386611872
1217124119
218671228
1468765729
1746880461
1532898057
1487773010
1366138535
928198813
2123835706
1664088335
91159555
561855422
1420009641
148496037
1677872182
1881334428
1265414952
408490998
1732509617
301859403
392221200
2129976338
1769026180
1530311077
859252113
1307366133
1417422583
1998719495
337325143
1089434459
42193894
1580246476
136890591
577047873
703465718
758400355
1135904699
2128810317
1478841504
1360987951
519780019
64373023
1147445759
1641761850
2004900293
1856207913
1452014458
1534862691
2113196622
1562049881
510279987
1379443870
589546663
775883218
267384231
1047693398
1601382371
788149454
1415995066
1682095582
926645113
1630233055
475503054
2142646517
944466744
2001986465
1570757184
496001343
51380273
1862397409
547443079
1198881266
1115791640
1123114142
1922443551
625018042
135849553
470096360
444328298
874351634
1555730123
967221993
911907762
1948362980
1442058137
2107912611
1994976034
465919398
894366467
857741243
557099270
2027813199
199396992
1144648008
428710765
1683771119
1130266205
99646082
574741838
2065686423
1152875290
328486727
324444617
1603007561
36878127
2140100643
1257947179
2040985866
1717804231
591695542
1857383004
1941719308
122612280
1801811721
1277954801
211719580
1110250727
277098078
907002380
845415586
1611171429
1366232010
14065758
779501223
855401554
797151733
1046400156
554173105
316486645
751910313
1657537199
1162527942
404853850
413434186
1692128856
809449570
771702759
1328553721
573678130
970488674
817000076
1678376064
2983062
1523428141
257340338
1042912112
126416049
2116996664
1907324073
2123996324
1498456442
934719500
467179510
1046739573
1044695569
1304430186
1930073935
725136382
1488475993
629252256
1215506959
1283187704
1537306296
1379587552
327667311
1870767777
413043130
1037459295
1775909338
80023392
1014651614
795448358
90667282
910837943
1633988860
2145083007
605449554
809363952
1238483012
44112414
1643962779
15617963
2076820151
2140210028
1682851965
1050307974
885845232
114572177
920608683
674281548
1877683584
742477072
1276867263
1074286724
1402137035
1931859306
1135138029
310433591
466579055
1424178150
1372063600
1242484838
623669731
757074983
1142269588
1401157553
567806712
377464720
482297706
1596628824
863657924
1251568293
149983296
939022969
793931235
986546110
152679664
526751286
1458227833
513084061
280330509
299706978
1717439142
1978934206
589180538
1126647227
171350488
259934301
2057330791
832015729
978657136
768733723
781729374
318333748
1152311904
702985864
885996356
684948563
367038602
609216410
292520910
1607519310
1221821807
2074759736
748765455
1774259790
2064010839
1603337981
1722748284
28341928
1051871484
1918099698
1783642202
254441202
56981867
977563833
1742171520
1003036617
289114220
1736047040
2087834800
1968821354
246432506
2006011330
868777475
71243494
406302270
480354442
1767561954
746586066
1926271458
1391285211
806814553
1849116884
1277250005
580254691
1629243409
801736464
571068168
1974115549
1032383990
1579900916
2037242266
1136614819
180381177
1244632827
1673299410
476607276
1444223631
1423072265
359659455
320061060
119732801
246820939
781713673
1924969689
888387916
1028603748
1217577495
669100577
1354695070
1941800044
350773239
330527132
777218418
769274840
966277570
1113203592
1943873512
934299084
2030532182
616057177
1368058844
1168306136
2063340904
663892347
1592948992
379552725
1162440666
1447321712
512259319
2020730415
1287984893
1108136706
350554267
1891000653
113610635
814845137
1022132962
164958412
753619855
658602077
2083693213
950396684
1772257478
1008365593
1858981387
207896094
403325186
1599305664
589268255
1564746983
1105931418
243200102
328087318
238298532
220325825
1293589633
1769030492
1049316691
613337765
1398139732
1616721064
1511733933
1669111449
518793841
938873315
2016385387
1975395706
123763438
1460287175
741600467
504215286
1792625102
1984067729
1666916825
195071800
15042845
1039891515
2033121431
957950559
770684325
539849160
375713114
63993185
181648431
1093724902
60366690
1878947394
474215251
1054418108
1916084068
1457207035
1711592165
253517979
517367670
1985680893
697456125
1665349499
455091806
1282804535
698603348
2104727416
1110597347
505093136
1697045064
1766492580
234905351
737431269
1329710860
476859660
276809682
1656610254
1937223019
2043161717
1119414822
1487807409
1509432403
1577920651
420307767
909913742
283487322
1070816321
818833942
2140965389
1490406032
673515695
1488738658
339373412
1996534022
2015713325
414912691
1735521197
1482050726
949934751
2066271436
1578697110
1834741932
373294674
785047637
584336216
1822709064
1723653736
833312861
1480667010
1110942231
1464257934
649702939
1117679336
983340299
1377360017
1963323363
1079896832
1410376893
1306695518
580876692
1432511909
364613802
1357395107
1920844437
1402461656
1973513478
718555649
1539079229
1862005834
1823551801
301395791
1616680005
560980606
1608423306
624001650
191328906
598582424
513427082
2105613903
1129791274
2099153321
1934430367
365845246
1696319776
881824389
2009196278
1448455513
391622907
1626957540
23378076
1351445697
1277633891
270222115
752907124
575910889
2089690863
503387912
2044673530
1460758550
1785252541
1130578541
1318806358
2008388687
718461532
170512204
735298959
101387455
1878683994
1815881577
1722866279
1572705343
1908568869
48103770
619586059
170718813
1205567193
1411766690
2044235882
128141603
264560552
1299293623
122542277
1656649384
1102518968
1807910724
707877437
1709313063
382458348
1466416965
467682975
1754240277
1422834032
1199354773
1013946781
956718642
1796032511
150268910
1618662927
975812971
2045917929
1986752692
308245496
1247172125
1153428433
1986252594
1716436938
386111813
77753045
1350092880
1818856259
1353343245
722122421
1953019128
1892955248
557914071
631641522
749666127
551326099
3164885
1459042822
43772571
131041207
579881863
846307070
1961426339
344945838
1845948129
36694660
2037314735
1922332393
208069087
628396777
2050497037
1721725654
1419335762
1390256291
284297782
69754237
998530346
97904987
347409065
541320348
1673019186
1953898099
530094638
291357956
828249652
1303883000
1095261362
1714114367
520913038
589487501
1861858321
945973496
1413866975
1218816743
2115293295
442204565
219902367
414791024
70719504
1666015509
578142141
323097217
1324196450
1936006833
942914119
1473474931
355567924
1333477041
208558876
1765801246
594051195
752254523
1634087676
565670863
65099407
580966564
1273131179
476459463
956133957
1935308644
257603097
824369585
2071736496
1809603606
160792779
662539965
1467093521
974865983
1890350862
766109555
741067320
189374328
933455474
2120614791
1998419763
302737989
1662624812
597552402
501736215
577472093
387729599
1973032661
1565921014
1372717282
157229228
1206014221
1608701801
413761387
1568018358
411252664
1474488337
1362913611
55042695
1034691665
235001237
1731530508
1687880032
754665579
1820883054
735830085
1148672542
1815820076
1646816499
626965508
139453603
1915141981
1191656719
635656459
647745092
263833789
153968169
996361981
1934000609
358689468
2129674948
548517505
893227071
556677939
1221441189
392787250
721248629
3563822
1787249072
79256228
1374082543
766438077
615619858
1068717908
129013203
825317494
2008614723
30174547
970843657
150484249
1934425716
1680902482
798438440
851946702
2044542565
180384082
1024804678
158596215
708655513
2129017213
1660249790
328518032
1413778977
223023292
753500868
1080889007
1474815787
340094701
508499208
2110274374
276690610
1362406672
239935185
908993236
1152069290
2000907381
696808552
1015738082
2072201895
1656757555
1414201959
455372998
1512035463
1599192438
1083208893
225256746
1924459660
46300188
969120873
1999241202
121167393
1831732554
891583512
243869429
1649281995
1002025240
763565241
614815729
1295952249
460293628
463361743
1529690103
2062474920
1313113977
514478432
859871985
801749428
959336630
152597460
1274390387
920077539
2002236660
712705640
161924428
734395866
601482483
1089070952
1768564108
927212009
1816847969
501917850
1793284054
2030022982
2088951477
806057532
84216474
604268790
1230761755
1279775116
1714638566
1861532956
438413043
1904137535
1146953504
388039275
31668566
777991728
1831785531
1487394458
1065844367
1477686558
1904524743
498452880
792120359
2058115842
1852189882
42299965
995382453
253774589
376160056
2007888290
537561279
278832356
695221228
1800949151
546977403
1832004842
2105655038
1150366463
1885595192
984139153
1335501608
1510240258
41792689
1752630731
1317883647
632255679
110592855
1116035764
19879970
898382758
2089372530
865578380
98023495
271311390
145329092
32091034
589477222
211836935
772925982
1350477499
710426409
715788188
1597767361
1108383357
1885896434
909212242
364497997
1098014773
1255285986
2049561642
2129717471
1052006481
255104338
974696810
2017786191
1719139385
898511263
1998729082
1163194107
1776772154
863135775
1472226950
121442320
749197720
1304735281
1499866837
2136636395
1606630984
703682230
1354856863
1088624182
2137423764
473457657
1187701303
373762902
919783563
1971141656
2092240759
264945721
841327252
1223137557
793000915
1903448379
564846066
1525414121
1235429852
1954436284
1268576004
1979503150
1250901180
1365362685
1442198279
1960084420
1944156407
1692369940
1348713981
284501511
2013303566
877514948
210492893
2080301339
472601839
927426994
802754747
1017243048
1001047210
1481337588
1163048900
2071280441
336685986
715978143
1899652306
1834004520
1672244968
491987335
1378613453
742289672
335762829
351218028
1400879616
360473686
7318747
760768609
739170620
1713053460
1356960506
1764788249
2119767904
258312818
232577979
1414397514
1928084692
50104093
926102889
1625124446
2034140169
869983153
691421657
133110440
976083965
408321524
1470615360
2060379312
570678233
2003995428
556124412
2004291549
1492996487
235397334
431445850
932643320
563559431
341354165
2024040604
199739595
89941537
93877203
1978196560
908220872
1705493673
757097825
952919210
1909545805
1531161012
1949714268
601055962
1044514028
1540940271
820984931
1534069283
1159991251
441070814
985036244
1849610631
138965602
782622201
1937099521
2146880689
1712882065
1321057847
466266292
1970590951
1309147707
1725824435
1694043803
532158069
642861698
964586121
98483281
2036400085
875336227
1685352382
1010417536
62833384
1300841660
59815745
319355227
878136681
1412571982
1094387660
216862421
1603824114
467277425
508457554
690719955
150894799
323512956
632350020
2141017257
618713526
1413089943
481786103
885976291
1147664788
26573602
356892023
1727127026
1952265054
1025144336
338966664
680880628
967989478
1201184591
304733225
2111317373
1651286027
217710495
1758879076
909472424
567695662
208240660
2011983074
891466197
295144070
1937457356
1304834559
949635919
932589833
1710340461
1138484509
71356487
1239367087
19297208
1524524005
1979195144
450931456
1428486130
1813876762
105888765
44649373
391196253
301861205
918396989
1135843627
899934106
1691800454
830143569
1695657487
1217231697
1365742449
622518343
1717319434
1796563727
1364744903
1126464560
1887505290
1981105138
636461797
605608900
322743635
269164447
2035767584
790940650
1500505270
1543831089
1987557651
476834218
447236901
1879395801
1948457566
1125684965
1995976353
1557554036
885089474
249337896
1424179429
1214798552
1244746752
1254825817
1376267861
1929851275
756007311
659426748
1028656431
814441623
98544338
1562871768
471876967
298256174
687805419
1198701233
1128391309
1984070760
535148201
215254501
315662600
50035090
1594875508
1881855639
1149483662
785554682
1966089514
789282103
1753055999
2078647708
1642099127
715186564
497430807
1416405968
793111173
944580291
350511511
2083869549
1062264890
886872287
1415276156
580706912
984445093
1046914821
1824599216
1452107629
1897214855
1503838153
401567870
881341632
1505160506
976827680
1822692820
307322751
884200505
821978171
1592846353
2107677277
664536049
1315122320
1656835901
1463670570
2108105907
1438652882
1260870569
1611673822
1770491271
1321340032
1665757143
33993049
146436220
2128406201
1992068182
892795598
137119257
1839580211
1098872002
632623406
22190094
353592100
482593594
1852132220
1353640380
1895475659
579296127
1123686916
350595317
384727101
90334742
265848998
1526953499
2124693234
157784382
1494627092
725750022
2040241511
1881543942
390308572
2040000745
538676571
1175653691
749439909
1914551359
370730210
335176995
832787952
1526295561
217649881
1426379840
1960296021
563191475
260796216
704600473
439190916
1855259982
469890357
1319654107
1444140207
867207146
1202590263
993716095
720755157
650186080
921191716
1526018467
1097539788
727552111
666195737
1905069881
1550568585
1987918645
842567276
456583410
1242146537
345125552
885723013
1103764929
1918566495
744610144
876812312
1466301854
60823090
61038470
744126640
758768619
439142694
1137580500
1933752626
1552734421
213932435
976963608
2124458976
66060544
2060124610
1822470785
620211652
408623885
730206883
1410117299
64880851
438435633
1086297690
1542651918
971313642
1127343352
470267294
1397182886
1916432537
890897332
126473475
1393886797
238305459
2043528981
1278936386
337446066
1527642369
1227552810
2028525240
945810107
2109245892
1709124747
1027288021
263463569
1089308063
256766100
1285479238
1502582963
849148598
1774347582
1768248222
1185839249
1998578333
1313028797
431143192
2143582896
1538839522
754827829
748769271
417966693
292570337
984028074
1241371691
638732832
2069422661
1884936850
1756359416
696189081
1259639034
446380850
1155160687
774719888
1525555374
837525934
2090493908
1048702895
1978079420
1971458732
535861038
90508349
1729273842
101401097
685740274
1452738328
502148874
908962781
2101040934
374472259
1957386482
1318484391
83217689
1010272759
332364414
1077651006
64255617
1948789652
844665605
701354620
587003179
358706615
1586609133
406565736
1025954710
126374502
1056256506
669091381
1528870577
64907014
1484270925
1541015336
1481945434
1077092212
1666513525
261497824
814999489
1002792589
1209863572
199161840
1118850370
1596115442
309631305
1651541721
1216968260
269443551
1727556106
2001241906
1765257346
2106860895
1385741361
614154731
467366926
1919327938
581606586
1592259128
1118904698
746672324
362947826
484004555
1310950957
1077229457
1282034468
389093742
199197849
948481957
1364365611
2010131090
1672296988
1670853979
1295644136
163613439
405974250
321454519
566379414
365219501
860207881
1469406474
1997980767
345035360
1249181409
521205405
818473618
816799385
1815882673
878465306
