134950357
1486149038
2132737331
216113691
1758613332
1452205346
71521543
1022715760
625864055
351739709
177984748
1839745290
841403699
2122219705
1067960764
697914194
787609331
1495050578
1016137495
1005290801
2131255873
1390354827
1918160858
202766513
1772020637
446295858
1342234793
1008361748
1998445375
821154263
761739356
1933874523
1969802399
438665067
706376539
1984197133
515483626
512832271
896279125
878998953
1635118881
1586315403
588331831
899080458
1885496706
961747991
1029434956
130740148
1481777816
1586791888
1939860596
1061090038
1041593650
1413754905
1210691034
830219608
1059092808
1202873454
564666079
2023950923
1689280985
1651229491
2075875421
1292349523
981871775
1577574256
1455465813
681041147
1685210204
560792838
1875948176
386707021
569398070
670312148
1693063345
1755129066
1851734828
791644201
802530470
1815825635
662684865
1550023370
466897526
2144362406
297452427
816263256
1268479674
165093127
801232506
1960483605
1770102834
42263053
647178115
753732806
1502672388
2025243828
1169077003
340293152
727921599
1499353098
1986531822
1951072482
573640036
1377296039
1949456429
208571554
849359946
911958038
172313342
1922995296
1179414171
699421288
1423311491
708908286
1931015264
1497728951
284928957
1703343583
2100373688
207117597
1029279721
1854508292
575590685
1645120822
1678460343
2091681709
992396398
232488850
1741221084
1206144219
1831746427
1939471265
920395549
158070097
357349978
846704590
120493440
1220539525
988661145
1855760564
1619290133
1178222566
873613789
71009788
64846156
1881797542
41003993
129852827
508319597
1015260049
339362460
264019561
2067874162
637126802
1685902209
323088238
2121295052
423807331
428254132
1124065909
1038973490
979916306
584148152
461358084
1185051493
1622260213
1658495652
919926238
1530354967
2077747392
1048249235
1818991829
2056050604
1885518854
95655867
2034016912
567457253
2130970189
1120177088
2014372724
1793808841
1318538649
1151300380
6442534
1481289828
1192925909
509628245
805934800
1306999255
1074065180
2079128864
285056230
508735902
1907748923
2044134959
1257921518
2040791502
240488062
1456300171
848688969
969950792
1866214831
412964545
617649718
742226728
1764233377
1042875463
937499322
19817782
1272686252
849655186
1453501511
701209994
801705404
788636894
1220435888
348745972
694408192
1831265887
1225392855
1635999991
52461052
92941911
1211749918
1620292201
913708682
2120004635
1752561049
1519502075
887053819
1497242713
2113352941
1929369236
1397050699
208906729
988884529
1521807922
1300794465
171453277
1476418743
2001416362
503061855
1372191841
509307027
2095060892
1226275418
828817336
814403087
1656230381
1545255567
826529032
1917761543
1441717727
769673904
1741117702
1764878515
1161035465
446419162
1607913099
1860658106
1215475299
1722220119
1757005284
795056185
251988100
1527052694
753435576
1841652844
1689772511
98701224
1183168768
1579406828
707532536
637012958
1707633930
307646070
965434270
1663612205
1827027925
1215710416
107971101
2043860220
1156799799
1399811409
395577747
1713097149
477313824
1678632563
1162117933
424784241
1055372131
1282714359
1372085416
2075079879
1385718588
2073023175
1454462221
61855485
2014226110
2097092627
862177028
940323516
1961265419
302365938
1713574299
530507797
993627829
1087775068
1895997899
2038001501
107948270
1419374500
556321718
1669818578
72686765
58259043
2078924586
2055795982
1635470832
916792427
870068870
230357782
866520308
1121328327
2146435692
503660181
673035475
1069443237
655758522
821761214
536682744
1386353394
21692281
404701097
1611093436
1858076636
1994572837
540703425
1717838120
18709292
1020459040
1000103661
261491844
161723186
299557985
1250626662
1904894367
1021146239
1698228438
1723777560
1647261640
1923249698
374789970
1038402837
1376866340
787978328
1286289326
1169343897
1877896294
321616064
1265063414
1510372009
330290256
779138159
749824598
634951122
331323973
926101702
1938352556
1421628023
927301080
1348928349
1018324995
411024057
964655921
1197668317
1198165732
1357502919
902610842
1529274853
901691636
1030033969
379800841
1693140498
296106253
767083672
2066279993
716281214
1021643814
1587443271
586758136
949051209
1777277085
427180069
426582746
662426373
1809071936
119221201
2137576631
57785767
2061494897
689808001
1209119143
507958892
861495358
171302155
1075798227
1060820372
1377416241
366702253
545030027
1435270092
233792348
826402671
1629479735
545762988
1783285591
374222631
2116735244
1369989810
1242797323
526188220
1561900720
285888335
859960361
1290230804
1259051893
919430964
1147156282
697340480
265327588
928710921
1216200934
571081817
1926005162
1635862099
2093268216
1892200969
830828567
1139706518
688454747
707459687
1435957455
641057310
25951133
1432759901
219414233
666512764
1435937745
222377977
233547907
1254973196
1589451742
1178243160
922767166
972656679
147913512
1916992728
1530708585
709217995
163473196
1690613479
233608052
627676782
217882830
1235387580
2120921263
843968472
1023421429
1429482674
950655533
328474820
1775383071
264630530
410716427
884288387
1280409475
1867293958
744328584
1593753246
1391471810
1983044980
1345865983
1302067843
971656743
1107814457
1309488693
1231919306
961601854
1553390674
1042199522
852342695
2104983692
470764429
20094653
1746195364
2095384349
1744438242
922631495
904576899
1980388757
1194732952
1663391644
2125524793
657601927
40492955
507679916
1935418313
1202709693
1949581951
284151245
1440353081
1059927224
451999766
284960820
1009590748
1706565012
672853076
235534121
1273080479
1589189892
2129117034
1337287685
2123974515
68954029
2096299262
2054639786
561275520
143997894
1385078333
1795553543
1597666131
1657584686
333904679
1486657546
597365569
1210196213
1367341207
228185805
1701941279
1815010579
1500220752
561151363
979558941
188050127
2049163259
583121109
283525377
194120504
1541869384
451489189
533258897
723271259
1366913237
1596128290
1745988962
908272841
402168412
1328710349
273813792
1890922250
1033230496
2116759454
1897965117
374444922
1337747822
567176234
476763633
925777892
2005907379
1955243417
506788343
617658419
1720505489
613483908
749632588
402301471
502732283
1508730526
793326933
1295504072
493442695
1927478280
1695378206
262697008
1346658967
482064571
962143384
72293239
2018795236
938431584
1136204155
51261346
421050485
88326174
169000498
1593255192
88424221
1908778270
1706405532
864188266
919665091
1885377141
318332313
866525475
349131269
1991133116
1587392823
1300300225
948341809
474436571
1484813064
463084978
745279963
1449177678
1931643328
418322600
317435155
508890232
1374725387
1358539541
7237217
1225768712
106627650
568316677
1201693226
1930584911
427393032
768136180
921440426
1590287251
1149412123
1135479028
1620990890
1596593518
1746152398
904146052
924665407
1448021105
995334016
617070769
2090772320
1390025705
1712880180
653345917
2065687361
1306571247
178314252
621178117
1143155463
410513614
349481531
1219758832
1007979245
954903473
317831015
1923781076
6966887
1111049768
1048090771
494610235
1039114222
2113141042
911326970
1138835519
627848489
229213397
433447802
622843788
2070948410
1035433423
183915071
2036672030
232679648
1440886703
1778883221
2104337515
1004691653
727883858
2048534816
824660345
797142004
1794288577
1899189762
1200483136
574942362
1983675199
925674726
2051230030
60446568
161769837
1253326939
100433605
462458739
66080532
1473537687
281712143
2066440599
195421022
865406247
576560344
1120629301
1053154418
1122665219
1889342715
1594172848
1245351280
1743191045
449201188
7160380
481898458
406425892
1777927192
1573723010
700347440
532425144
1980177151
1149334733
367616762
1294353412
1694969805
1137139793
972921774
1462651056
1839245927
453328370
1721021043
353390844
240556644
1428625856
899542445
65834557
1582968188
1131027446
985484431
1657751709
273423729
1879369210
361829284
331226962
1817785634
1461516743
1134751335
2039085619
1426477414
35734916
1464509158
1809894858
1585372320
933914074
1120287675
1288234018
428692455
69183278
1295312781
1450223709
954073001
925073756
972702387
280945852
1981699734
773438804
1677984839
625724681
485984848
615940438
1926017821
1710072070
1873465526
164969848
811841560
1310926946
1082006556
1871802571
786392205
1334840399
351839835
2087913408
1102021120
1713061418
1711075234
986885099
236588944
1783672466
1980855448
669500268
1331116856
1555667830
1881973827
1304412445
943310738
1328291067
2023461522
824543095
731279940
1384650787
905102169
1833486149
1502054996
1857456434
249614125
657811849
286182333
1408304136
372555793
1671265507
1799560000
1226174589
271825977
37237830
461034593
439685769
410226504
885047674
481012307
2073012637
588969470
1518101148
813661113
2122985577
208786236
564656144
796156457
762159189
540974083
1342788644
967514255
1158305750
398816178
1682364525
1513286829
891207299
458657937
836350865
289287344
841848507
590594538
141384263
1872702882
235446890
1772256262
784667753
1699229381
1889123485
751882430
1359876791
21441283
1942963057
211435814
658165611
527218128
1261760710
1166923394
520371356
1606999064
469633828
2021505289
1606005241
564590921
1642158287
2099327161
1774294242
298765492
1792457651
578552633
860745659
573309274
521994520
1985486573
242115001
562936400
2139479328
669856359
412169274
1163265604
1122271489
1172601351
1893923974
784798829
582009130
1787866132
1496803694
1116206786
2018074086
1539214609
1157004247
899445370
978374069
889342700
1639714944
275497475
892888308
652859368
912075885
197860422
473907151
1778608149
285827698
1119572741
767615244
247104087
1291185466
316764301
1269991852
850327295
1588478794
1667628254
1385056770
1648223930
2094311303
395951515
362290552
865993459
419983069
1540633097
23971105
719837767
52345880
1079580471
67292684
969316679
432718195
1473054560
345711841
1373643607
408842178
746614734
1062484106
497685812
2122008290
331264447
1146820537
1960587778
1296141647
870815657
1635863055
1120890386
1070492699
1218289380
1855658079
1057198970
319604920
399566482
1171847583
1856072758
757304535
1549248742
1544054625
1995910842
505786510
568921305
48028417
279549985
1860072527
1132791864
1626028383
137593065
2137722352
1898465263
228601713
1704068434
2000854445
1602705671
795676514
1161862575
1597163641
1402933101
2072626489
1432320416
635825744
860886986
1798934264
591802508
1405469225
1091432878
938827455
2050853199
1981828061
1429072589
2016224615
357358259
614688325
2067111170
215174666
1003771664
2052081391
1420169599
656358027
419536132
279180388
776421646
809956992
436540116
1352769611
2070777477
243331378
951710312
314361550
188263875
560907478
1838867939
156821125
712257081
1991562149
1804912879
36847838
365870772
1373261152
539431770
2124712397
181694813
1787909292
2004750122
320341165
1127067421
646183670
200928736
1500804840
1025210182
1691442673
1814941973
2023333879
1167095275
1987674724
2056775025
870537391
1160386480
1657915479
1940645806
913350350
1477360192
1799494146
1144587337
2093916730
2101675742
692281425
1359199238
1098562146
363609879
1081526778
310690757
1712376767
1054360934
2044478014
404032845
1732185136
515128556
1053368626
1765143263
700034011
1455746610
44856845
1469380706
493949811
1331763062
1401860179
2120546834
258388934
390876522
312104804
1003491488
1818027721
2074723021
1892092301
23913789
670453483
288545463
1661217768
1519832456
1766062109
1538151637
1936082319
1026753218
568468668
92423742
705537893
503038247
1984328257
859694049
368668851
939976314
1672047877
1472447709
1552999003
1338889402
310786871
399180293
1604746499
1046086638
1047119551
513882415
124453835
32786127
1828457550
199795160
843146607
2090666892
687299407
1825487883
1053683480
695710012
791695624
1221265631
1235597925
14251888
373934762
1153270341
1474638679
1182276408
1475206561
839715599
567371857
1615964149
1388883743
1830837187
1753536261
1708715578
451831428
1381230062
1244482960
1835882394
929668953
1303650396
1128126363
2111254660
1573052637
1796500162
414409595
344255401
1926031208
19586685
721005742
2035822616
1373514027
899604218
473658983
1155161033
1287897283
594041583
1137311693
1852278528
701608631
1180979551
501535479
1825492825
1629343590
1278199746
1640180244
1549478383
1863629424
1238582050
228375210
899622554
769743968
256683047
107771544
1059078778
1724813312
362334657
18950247
1356075150
1943248573
1924309238
620045855
1980094911
146559759
1860682464
243683241
844595988
591161126
633385183
1919649165
1308122743
1463684491
601868034
1433732865
710156914
969946992
751205714
577886344
1898880628
964908460
287622973
1027950380
433015325
958593273
1907662443
1498761623
868127275
1293405975
598480256
1608236024
2057617727
934918212
610967855
959611997
1487586561
546471271
1689435129
145454419
1110008809
1370492672
815725554
1894546507
1731113286
1784460937
204581003
1709120232
720524293
596150564
685213443
404910788
2063153136
917470732
1750361802
837203656
1479118485
1454622903
368040689
165574390
312793374
351870049
587141389
1506808595
104363221
1621316449
1110584273
161028837
2112745329
395599224
1758583820
1920452563
30280463
1276391579
797452234
827890729
1762558400
225555891
886139799
2069381541
1644221333
1112957122
411310508
1867390158
137876817
924621019
1828919598
749403217
2066424679
2067237341
1716882767
2057589727
2089167741
516192508
1902338353
736787585
1605826866
529263958
1570290266
195883710
1982201474
1382121562
450699380
814905098
1994350147
1017207663
672147050
1325367544
195306442
340782296
571360559
1831781749
1596975742
1387404965
333442371
55013114
929753682
1874487695
1423625959
1965922734
1314347223
1971456555
212347248
1341830598
91805173
1730224856
1013700183
325354201
1139009931
419257654
1811771475
1597032949
609962383
1207326328
800686111
50994773
239718814
837012186
1807912782
45271133
1777328209
1811584535
1329197783
486906812
2010187344
1276255064
513133266
566555789
644165571
1564065608
1716380858
15522218
862202451
1232241168
1575461965
1832436476
1603574371
1797856521
906174139
1056411015
71544807
1614783888
1067524287
1804700244
1586313529
540569973
1807823688
1975971610
1813941441
511130717
362373027
1013957653
1322167254
711479879
1994129117
899190187
1474469403
517224566
1483553781
109214161
1212684047
136794574
738793541
2033312638
1654188380
1840407199
1001693418
810929152
599308355
1728210651
1444850632
1998798587
1769227638
603611611
1459352719
1502027112
1088397974
573877197
1641752451
1868518686
197594405
1932296518
1967377355
1996271679
848323916
399885312
1842334482
826433704
1224159381
387936024
61481378
865897746
53660790
1957507008
58032783
1509626015
281757605
352890614
1223476505
789789585
1556783807
413842431
2011280330
1528210519
1122134601
679890226
1838935858
575539368
1734890159
788675689
911715617
1413746194
231192484
1099058841
1510642363
538971680
1386078475
35137630
1958029807
1849956742
2122378304
1894701024
2018447002
1248200541
346419746
1907936857
1032770603
373141535
1556714403
1178326461
1005765774
166086350
1097088668
901978959
1915939754
1536287035
1216481026
341044347
1355635202
1131983152
1646779773
1919909850
831736036
680013281
476736654
398275656
1931724072
825279397
1123209779
1854259583
894631424
1214103082
1628027129
1523920708
168518239
730812491
894022700
1282578565
1368056091
79805596
1473321681
1230992235
556488041
1619763086
1140904322
420595067
1598416102
1033476051
1721824947
1243817398
1455040438
407741937
1625696668
1466006461
1413352135
143449237
1282073981
1750831455
1533790724
1996982284
1341180701
1668756875
1617471431
962117833
317618506
1404949913
1586400657
1559170435
605371941
1958570216
147649115
1655848560
1765105524
122433060
1085300301
1352294195
1976009313
242952392
1655307546
259609383
738832684
407052655
802415072
1515273802
1429929424
1497157146
619051648
1501461192
2064241606
738149285
84357493
637725232
929498954
602089746
135982030
1998167678
303959459
992914142
1542728759
558336511
796335789
18703526
5266318
946294534
626066932
1972196489
1180060158
1593782436
1009222655
1172606681
872004366
90508972
1513017089
317237074
1414603725
1142733241
490651278
1470201656
1315539263
2130489187
1206397356
412233921
1663817331
614373178
1678557604
1423259297
1357003548
2115820469
309640091
1364659520
135456846
252013904
1290526442
866329659
126924790
81519280
144604515
884037074
1677384773
1404323545
690352890
732626510
1268888490
650749735
1310566903
1881254424
1776425482
2088737961
728927653
1307848634
444561181
705642752
506063271
205908866
1428236064
171905651
1249395812
556685367
402913675
1254399566
902694890
967295583
1822244034
41033769
145196501
721698534
1430745289
1484645836
268393531
1885063682
561605100
1674619056
2083113779
384714353
1806852214
306623156
1049914764
1794354744
196977325
787387364
558179683
841527400
782059463
336706463
296463179
314763636
505381705
1373904607
1350022042
1486973620
839504168
1705438706
1979092976
455720067
1282291591
2118931386
528553986
690616514
1100292615
196739486
517080989
1052203317
1447972938
671413132
1231440012
1544519902
2122472874
1910126803
1115944594
1031505839
2016783359
36335957
2031018636
742272507
1770218430
1469069285
876469646
561139059
1473478335
898466043
1402827183
306020567
179493899
1760492751
1034321675
902839089
1335378688
2084803811
96948655
2061774267
1025695791
1665720999
1636107505
1095842710
1155045304
525386171
627105936
1058562162
505249650
881760288
1601108062
463062123
1054845403
1098095682
447751178
1308877634
1647761874
974870655
18903499
1443412748
1906189487
1419830955
272118143
306181753
1623355703
1081562843
708113123
1254574818
760732581
1853438723
2027055101
1098332381
2124477882
1605812175
1894697220
1281315470
253249663
901767174
688877342
2030110354
1577737110
1428440415
286614954
502956163
1700379138
559946807
1859355302
1941376607
947949276
1008086369
709503340
1976703672
151397618
1643766560
743846863
2022987264
1458400930
1400749778
2122908473
184647830
515174360
1370518779
587086692
1759000400
46116168
402226258
2121990265
1698969960
932040109
1383032557
454808972
1019408821
740913174
1517303973
986873548
1793146992
1531687257
359294339
723421670
761135117
7297495
895706952
785008631
586571662
898993542
1224673619
72460871
84390413
1151255580
1407317680
722878196
1747900153
1275364273
1390129732
46923519
1044279904
1465876199
1161183142
1252451165
495842187
1509700272
239356490
505919199
235614647
618510925
1077818125
1624279163
1912503803
712547353
1533761697
250093453
1679495708
1155122406
1605218402
1879495717
382425194
1786240457
1395600453
406645328
782447546
1472607469
861447082
682946576
1340778301
1773361104
1812342202
356628925
187415088
1012415388
224074721
1592281060
686475710
712030306
1534766682
1247373734
2062215135
1998672177
127525290
180077399
2032642858
1922530999
319608780
2121983531
2098112158
47582437
915490810
223505694
28949719
473272392
976992353
2028655422
569885942
1323631794
1373955189
1856586236
959420673
2136701423
497040295
1005670622
447008989
468089275
2079030705
2104014678
1934348642
998741765
1493433286
349820341
1982017230
595344193
574028658
1842584672
1185617581
1045212335
943090684
553444927
1737443839
1201903455
524337074
1971918735
346483033
1662311168
1947810284
1331456141
2062833430
1893325513
1710302007
399610831
469620238
585439351
239666393
1030056138
1602213663
1743538457
1186357114
2091863125
683484602
109714115
414179797
1836213848
423717235
1617060224
1843934722
427211786
776112967
661606751
1195454938
129030532
1860030706
1512506757
1353027539
1170505793
1317469138
1399548976
1274666938
793004194
149930721
796010013
2073029388
791746411
1465904911
775143550
1743459718
1060792676
396076396
759140642
87070840
1911555985
718013668
1357130693
992354067
223896433
1558408904
1956135034
1249411748
1960519878
523279873
735237387
717682492
931843008
2126386029
1859833259
1146231317
1728031921
524119620
470396756
1208512149
84368888
8834304
500230265
386836085
192242092
1236252410
691420530
724355957
1013423755
593770076
1523295492
632425454
2046527707
2104604952
145434910
642217084
880130561
732395527
22386522
956814844
76791201
241283623
681175810
1855235557
571832779
846757870
1780132112
966568148
2008326181
119319662
2138537759
1447046958
396766011
1751646295
341824865
1936350486
433624852
1316680828
2060701522
1898363870
2077461386
1323799776
1482046940
1623814790
981881455
1975836355
2048947030
1010336855
1282838928
885830374
1190798265
1157612693
1961323417
1213078800
1324114746
615013245
412890853
1284820412
1474234489
1312527014
448818875
2042013333
606084937
242682603
1824033333
1484996589
2070137286
470175055
1090339185
1419165814
517613214
922940234
885158971
384212839
1955406238
374854592
698128754
387323059
506623
2030381975
745343305
1934917825
1281144463
154259555
40597246
326917575
1563675459
156638885
1859438595
166385663
1796574197
1360377978
5411773
2126807137
784742042
980725059
663644905
1257110131
1698590302
970748453
741802991
1787234373
2005892534
916209144
1199549902
1765266341
2051740317
1369368466
1473907900
1145232006
414864314
1801999918
23347158
639315839
616219071
20658536
1433178335
1181923546
960234691
290377798
2103462638
1779562635
1156309651
469936150
1936379875
85621080
1457706025
1765939561
861099173
8575654
189993910
1835090630
1859816641
980142565
1843028058
383257657
1521025146
1027032594
313532073
1579689367
211698284
591313976
715915975
1248618214
1395356701
290363344
1794185010
1713574822
514687441
1637155956
274759653
1503905323
2057291671
594148199
1086118074
1264809673
2046148336
722702985
751184349
2061669853
1056623733
507654717
1962312746
1350888811
732517729
686101888
887471745
525574282
1265703999
1276392433
1226903698
1794342934
183059619
1684149543
88865710
1887621647
1734536333
258139510
860586420
1104134681
383205941
1170034849
189887393
1776886540
1233023096
1909104362
1763647379
1169146240
1920198866
1607037621
557252512
1543344428
1351699473
344924445
225051989
933303060
504366845
2103361283
1514366706
1641752878
1562795324
40976611
702790551
1116105803
1058825901
1039320310
187136458
1519523484
679473038
1716162114
1662595073
523744036
833889483
808187861
1433011482
1377962980
1014672888
1937216522
87564237
1019818507
144705653
1443667327
343529207
1941630518
706839285
782856372
758244518
544854148
1742895938
199995450
1747884214
1993756509
997259132
1933704628
811718276
1148122257
359599811
456938648
1822469293
840325279
142583683
788913042
488119681
1637982547
769857361
712734852
1012473583
658616350
72713014
263249412
1000811216
875133233
2019860356
1084964745
1366693702
1605169093
534514297
1064854970
364179920
721664075
805075279
178033870
912264286
183998220
1508649896
514535807
581674439
321232807
1235369723
1158481095
1516190392
1381094175
547505151
1840469593
98947483
1773272475
983119665
935084845
928821158
482438686
1821176565
1912637272
1636021268
711508676
1815655535
496634887
641905090
921410306
604905664
731897434
109511655
357044324
1113142608
1443431499
342762437
790057328
934598428
406598140
1817310964
1098986920
800131988
1854136612
1879803330
228925977
1190393303
335839232
1830415527
1024575871
869944961
1462686467
1344276949
951751887
1993491220
853861412
460008699
1268571540
468877349
289524690
125337837
1122793235
2142893961
1928937128
465461769
808155012
339148909
1274301234
1154728018
1139734639
551187131
1372588627
463386880
1175759549
1558400778
1302959346
1097190643
1758216376
2043038988
84913984
1766687014
449523951
58287447
2133760433
812736873
1311797489
2042604185
487956929
1084172301
1347666085
1019630140
1281479106
1449411694
1954632577
1654140526
1858609539
68437991
1000525696
1398417230
1354572687
1857191631
974053636
136129622
330747212
1630156207
1331476086
597474714
1407105491
442088211
670486761
2074558782
2123500929
2033098743
1775280498
313727922
231669236
548785097
478732249
1938378023
128076854
107605851
1167313189
450517154
1038478579
1196909337
628716798
1759149891
1319014120
2035144622
1808288123
115311357
643537181
243119160
1309540976
1605908968
384043957
1952162320
1603028091
812010038
418039589
1531886956
1088655680
481131782
818178882
1437262030
953148347
641061513
910538944
1660863786
1234395426
478119886
1195594000
1462411368
2142954274
918779238
1956683966
1580431227
412475417
1880699975
1349400495
1603183342
1074647513
1623113082
2031451245
904116847
1574064333
1377580964
626360272
1481748170
1123901003
1497044929
1821944156
2042641480
218800844
411309539
1499329030
239292402
2129214751
1602799224
66442343
1650966121
933028509
2047412423
26475790
682486713
270418051
264833159
687743603
1226642287
559863493
299389622
314868835
1265682403
267623725
1091705638
1704622386
1280881470
1363824748
221712969
19403914
816311936
1204812621
1123331639
862467818
584057029
1518786175
247634981
1534607273
1719096337
764848591
2044213837
196097826
1567698290
1475621260
1413018911
1468396792
1899799557
343284298
1120147116
1941575611
2035783020
1600329715
800247567
405906302
904443686
961758935
294621617
2022256180
1637774275
825374104
1376464330
926168029
540955742
1924626904
420236738
892524332
142489155
915798577
1161424159
402468351
1006961812
157405278
573235765
1152440450
2048244520
1271309396
481969749
376774897
1367912772
1210027971
674720528
434457555
1176206542
1868261151
1880877369
725724353
392703267
149057878
1520657912
840039073
1196948356
271741651
612833039
1783905885
1554994150
575580413
172883083
1504165835
695895160
1727982084
677020346
283087506
1567189813
912364419
460572178
475434665
1026403580
1507877387
1691844818
1498182536
937108001
78199152
1524123381
732161702
1058699854
1747452754
332279182
123611056
2012389743
778604495
2037921703
761038844
332516792
1692729499
726689686
1987127293
88886625
771659026
562997232
1429560001
2074347466
712568041
1841311515
499387817
1241376494
1714545547
2054064460
511783504
968831561
1081175290
1275568652
1034506479
1067786041
1081195419
719055545
1534812829
978240778
1407186483
1431947003
1944958103
1960155354
1324205838
1132865431
1377658329
1349975422
662031132
1365817206
18917175
1958541752
1846590263
746566867
482228383
1586449826
297281168
1159776253
1359851337
289810038
590682774
960555249
265656059
879591353
418120078
504584169
682877759
1235353772
1890823519
1057130317
219513895
2118650243
1222572100
1599013128
2013190509
977476295
222265581
554516256
490869823
688687830
72384429
1644718764
102433331
1211149074
607649903
190028801
1153869113
209399345
1640145930
2112220148
823401191
1309112864
1902131307
1085618362
2066967490
659904581
1915757874
1520107725
1427753043
1092683800
183176301
761940158
305559323
393940166
930649381
1821416326
1144280227
191657420
1946623168
1750802165
1546237860
1306775900
1227550098
1261192986
2064428945
2015485418
1478917380
1865844533
1625289330
417399208
1950079560
1927291633
995988749
1748747929
1897645734
1944682821
1394682760
243484904
762434421
1439213549
2130876794
378444946
1294685694
1228748934
1175259029
235423194
169894951
2113707536
392301028
1333795232
1300946503
420816076
1164744123
1876332992
2011689235
647740996
1167571986
1968306225
1960824957
629014341
697508190
2084083562
485350892
198489000
1973618463
1372505776
1920990332
1569243368
137505446
1649771910
1801972624
785790381
921473933
185710980
2104269697
875145429
1865755945
649705056
808831754
389622029
1191130163
1661812895
1104957011
424408184
1819555779
1843254607
1595055315
1217171739
729680341
448623394
1066785135
1851658012
2093057687
596340297
916722752
57428778
1311906333
1650858807
1422437083
1826541652
1312296314
738541232
1667095202
1368377845
2110134600
1523506301
1726259082
1609862555
1888873569
1799157156
788317265
1339889378
1439657287
1704493269
1117112724
1034791305
1683280862
844022095
459915754
525140700
1411557646
1461741764
1035553011
764343906
1212874988
755125538
262827316
1451974797
632696811
1401208268
1942927176
253633570
1252456393
851751105
199041371
1188946421
226928207
689684169
1735809886
2049652598
61982340
1168677334
764338706
509952735
53671712
1207240273
1205458956
845302703
1542886554
1075576901
249278692
624795353
967127888
1060193603
1131993537
1785669499
1974284893
77067827
127623068
818389666
121861382
1611811933
1890226762
257028045
1843168724
2100257272
175938433
2096146523
2129741291
1091579231
1530730304
2047086568
1139520101
1961092138
1019622714
616670304
1454045000
466474740
1192646710
1373383905
1837427178
795614298
1777778622
1306234732
655928632
1175716252
305298922
513266468
866530263
1772526522
1300323822
184087711
1030320918
194396412
1803740723
217659385
1939341893
693490318
646085787
550028803
208474528
247805660
1666652633
1539219822
1793260934
421354774
1479338754
1941885595
2063994649
1170889539
1069604477
97612086
617748733
71696957
575033654
22417539
2020229098
38179190
1613260977
28912592
1004020819
2078124839
1316726932
1562597175
89683731
639574596
1794751457
575922031
1145057944
1110196633
1567975288
2117581156
662372890
594996812
1165659887
1253653420
107967654
1125559624
1174147285
352944988
1604786518
724889742
1715713304
1232619024
1592725473
1993562187
1546885577
495759407
1468727235
2067905672
1369926696
1807469425
1386797821
762336621
157511733
2123099770
369349650
916432578
883511001
332345499
121568292
1787621129
966997659
497441131
679051452
1992205716
159708987
1169224490
2068578450
782678563
2086800778
1278016761
1482949309
35733325
367427917
2031321307
1036725383
1791689149
1476724776
1209939790
20688124
1899627767
1941243397
1206530733
522578913
836559698
677461070
1109492459
733430285
49075031
1677077498
1089594762
686946187
1722033602
1122824332
1524511923
894053172
636009536
171472546
571657817
1517209563
1360518663
949154866
2063008877
141558049
1165388585
244585350
1296539955
585584845
378351964
781061820
1945513171
464152932
807328170
1045160428
1470032117
2041097464
1330771476
1513895420
1027489525
420606822
2112828418
1446638429
1452714692
1211564965
732308178
1615939317
317258971
1194240544
2111149315
1870633979
296330172
611825009
144528636
679956135
37943878
239568606
1199030087
1080377356
885363661
1504605333
1445712560
664938634
1181676712
1675572934
180811636
798208540
1657738052
983975899
1865467949
1971866138
2022428211
1703119232
1988240489
1021500893
1580921092
2134493548
1051287150
668560934
1195707627
597139445
152601725
723875801
541116009
1641137603
1472333675
643511938
1589966899
1454420228
766078039
1046241532
724569846
265299113
1198583557
1443900917
2057817776
1522258350
1007165814
842973542
447532807
1650036658
364139036
1707290661
1279144258
1174051050
616489525
1316892972
771070856
1956628598
335201625
1307498628
1765523755
1005313563
1393622776
2068946931
271992239
1528653427
300509390
2105818039
461484487
958652695
339537876
1584563720
1547050619
1375647807
651614116
1487086630
581544840
705567562
1708261914
1096431688
1273560612
825289098
588218911
1745003331
1117703048
532719258
1253908641
738467777
692760090
1436597498
1723970709
198803442
585885513
351794189
1329935819
727172382
523875161
979475986
153470916
1313434460
71496849
1629239238
34067516
664687227
709920075
1925322991
849543487
2096802797
1786550640
1681384471
1729221073
2100895926
1176575017
65302750
1825012729
400085458
1692021880
812354245
1326362211
1995749580
859038347
481846758
1915013103
1752679189
1655478728
1189042608
1212683056
984442852
1680880053
2009659746
1165320133
2075688437
158915765
165874395
654000177
1765255
360171143
2137301286
1810207507
63049139
1558679650
1687827464
1396085036
1510409877
1198596078
1325405018
1709541089
303785148
71198488
1459547826
1066893892
1193690341
72964806
1919247931
790831368
579936225
331894871
74925309
3671924
1779931115
1883613837
2146961067
1530861730
1305617105
739783800
620384499
1787657641
1048485272
1337907285
69572286
89598039
1460951809
1086282516
1604052414
85660912
1278594591
74061833
1340324981
1250332728
1307600723
2106898105
180756716
1709045975
1398594862
2108745719
96905620
624069255
2066754917
970224081
6602803
935601348
1156949904
1924978554
582464137
2095322982
689259096
1657907047
1966515297
1225671484
963407392
2140427219
1436231401
1256562581
1914300430
730434529
290987408
1095801882
1327873347
691641934
1579110974
139496689
570366189
175952822
996618129
2057941048
2098302509
1813810015
233953069
1151310502
1206989323
1118651830
1156508890
1297801370
1672121216
1180833089
1791300052
1800546385
643048024
1513202279
711567944
1123336461
316510628
92915007
213836729
408200654
368465864
243137958
779477936
1317158653
1657873224
612357704
46132266
1995259366
827709679
1355693178
2037697159
463858014
1406132762
1859926667
1122390955
1347968240
1431739150
549477490
1685208224
1496568600
1072716841
966589050
395082161
2068655541
1253527228
1186049596
457322920
291747996
1521492127
497208310
855478654
1378819145
1877044618
194663304
1660863893
1704569474
2100740358
586089546
716172715
949949039
1997241212
1924634190
390829878
460156660
1371665936
824051419
1161518078
1245940061
480257598
590576576
1193762737
1963595112
1835320968
1354245564
1612903260
1876841551
1547870650
1301891846
549289845
1603877562
2055316856
108508236
2029226667
744487193
1652781699
763346208
1767508475
465737426
1114505800
2012822124
274929544
229141825
1732558348
2064007235
195597245
272578318
757185723
668765259
1561605204
1568034974
1519135588
1672631957
2003536676
246047280
23611404
102878580
1029497934
313487619
1776861674
1398620988
1176473549
1996682153
1030615255
681970721
2107381235
704834148
754058540
95447397
2075827730
140773091
22701426
430839853
1143238478
1187921221
277252179
1490650266
2071974137
1842942049
1439103540
2140287806
168295467
325474821
1442788930
1958277887
992537728
1334001407
201457261
1853642961
728769476
1680419613
1519956701
1482398079
783192223
204077097
1342028137
183757324
1803965311
1706541086
456682952
1883336262
1874443722
1657369239
903415176
985082209
298025498
898680720
1445649335
1266464333
1619775668
567058132
832509821
1647411979
2002084577
1843381936
1485031063
2029465328
825536705
2142575770
873896658
420792744
1234862285
817422836
645802682
524122784
1784299431
316985544
14876904
1859881014
379832596
1931719590
1791740575
1581827954
869446044
1078538806
536742736
1113348487
873999898
1945032866
1102414340
1225982665
177490484
354527146
1686937368
1107609403
1721830133
48346337
1591560638
157786745
1318834096
1941468110
920636161
953240954
39556438
1259001338
1933033582
660182961
1434033643
75768669
1365313754
579388138
1234280676
1517990738
1262306042
1449733698
76188447
139207147
1900466533
342903318
1107400760
111579683
236669728
294958737
339150
1595349467
1347467538
901909540
565685
1556319445
1199386184
1738294002
1892339238
523263055
1141129558
202660045
1765216796
2137185239
1736187034
1223852846
800640505
1798815470
1771558164
758384140
2057157723
855545050
1338429646
2115211081
1465906161
321141806
694982629
996000567
126677740
989789441
296074504
378436726
250777763
877259339
2029059607
1575704643
936191664
997153845
1531353018
620646004
476474413
886593300
682336509
1139064062
1452120006
1094572012
1368291889
1690606765
1906950024
2069912370
969857666
1860241171
1703935585
345990506
968710060
970767652
1924764435
42520924
1355819449
332367827
300648344
1501584453
2055497242
1160549477
1249423793
811474881
146150031
1794114006
1863539078
1583220033
1518309899
709370934
1898357934
2123638952
1045263891
1163792969
745910089
745881554
571802283
1509165979
1776795176
839457248
882648954
824999452
1123477567
1948663171
1551679566
797719117
679592331
1496444961
402502646
1627074585
588299123
1448315729
1015259907
426769153
2332413
785753949
904651065
149000753
754820065
1615880230
2057862375
31824359
1030286706
1723479571
592615676
679235171
2123981598
1401925058
64337448
1979074601
1442398646
662479804
658388215
639502628
1102587323
701429413
328775937
1114822098
1831943832
1599226833
1319150519
893976598
304547748
955420323
1712569321
430151215
1819276516
1509857261
1942245288
751340215
334548706
210477397
677154335
1758570612
1865525511
1398521151
593642996
1885554761
839146444
1127959041
250233958
1136659291
544384346
872366997
1538843562
1734268455
181842138
1964926318
1760063783
1719771111
1710304591
879852189
1857590316
949837137
1792369301
506951348
1418049979
280307774
1537919013
719342126
1185289299
415070632
1691223398
640834030
804731560
1154397545
1608907149
46811679
1154978772
1624024554
1922853830
30818294
1769485608
706142784
1455144655
1612595977
556626395
2068501940
57070613
1807853490
874997465
589930541
2098427109
213196528
1911350521
2137950836
984440441
936063081
210007056
887793969
725528346
1966773975
839449531
807041888
1088701789
2113740023
1722726235
1966130439
1051421666
384643732
1154233343
1708588164
1963311324
1772826568
1327973637
1417134743
1969225646
1809429930
1192245127
272200244
669841596
451217773
2030829365
2118812395
1501544039
1875286115
623405994
1445954985
2140133554
1827274526
1147850434
1415025603
44821091
164109226
2141905278
1062988742
1410337238
872337405
943092199
1769016234
348117311
1466269409
68429933
1404011183
574671419
1011086280
598604927
256870909
428406231
2097019114
511456760
1116572097
1087317097
1290740887
601461932
1891967450
827525367
883746170
1319981592
229834665
988671097
170285797
1028296424
588857735
1825414868
1353385181
53262923
1047138498
498760647
1436942240
1075050338
531115921
28234634
310452782
1863247785
271768252
508172630
343960928
1206390001
1117601226
1805360113
884311627
864854125
898518615
1482085700
1249761717
1875918271
640843569
840978426
1595126175
1313532835
413437089
104246398
247390601
1197975624
1929098287
426162627
1110924895
729956563
1745238449
2139981301
1778155968
1134791422
150975060
280044088
2122872282
679062775
411460755
2033106063
1514076157
204259816
1311726815
1725153936
409551417
2138551767
817379941
105820017
1744940010
1976731100
1927362359
502498876
609529651
681868627
1091421341
644378806
372566875
1777206640
1997520942
1605497336
1576299725
427204946
265575073
115478180
113904110
933452966
913163263
288978489
300942716
1310673307
109817669
2038634166
1323661176
1769811334
1670372688
1727835649
474884330
908495221
1485560602
694411558
728072025
344143614
1746821054
621264890
1034285274
2085624591
960761048
393008400
1595254488
922716398
1918109101
1958449099
1154137003
815188448
1106278277
1599126340
1626150326
1553506874
962196655
1267949381
665115435
1711967263
945404635
916505257
968283490
1643875118
62371080
835284949
1249422725
936611364
1161321156
256207618
348968871
1393043497
236847223
1347299196
847850584
1797557875
960067722
1593722352
215867057
373496212
1825843972
1667087790
342791767
685301277
946886418
1539350020
1417497503
1937707003
1525458474
2062467119
1872210486
1151162973
347935116
103942426
380003774
715729036
913019565
816518498
1119041149
188213437
180451856
1791962688
1620624674
434077342
1542569054
446693839
781394628
1829803339
430796553
167639075
560967710
1011888215
1556277405
646809354
1135865707
450343726
1864649413
1219426934
160803981
613802439
269675829
411206545
2017607302
854140016
1542759666
1659652704
1865852704
1091623167
236487064
1507309016
1958655700
1452492290
1316947576
1867243875
296199922
1816623287
976321480
1424132036
16932459
1505441547
331784122
475597003
1992060550
1498449144
1462121256
418267476
2045265420
2002733224
821152316
117431122
1716221549
1381279049
641901902
2054716114
1895699352
1915216695
240852996
827328187
1971006029
2007525396
1357422165
1913101709
1903410596
363857609
2134995762
175140685
304920826
499411427
906453105
1086228833
1111184992
197681024
235435863
187061190
2069795678
286155744
1762190536
2001897766
1917368555
1893586034
195773546
1242300401
1362647463
1402085884
1719386322
1685745965
1939944409
1428378716
1288490624
822360802
1379238036
1546875745
227366161
983752744
999594182
978972270
1398134312
1982750797
902605249
451940809
1766799117
1544931645
291174211
893724067
1634347969
822525010
2063777007
58405702
1659777624
522673916
1521712124
1042639869
525548133
602290254
1545420729
687174747
2004921454
882220386
1882341057
1342432295
1807970059
445655556
979823466
841493855
280238350
1438948833
1347135239
313190020
1153890399
1186623184
2010681925
830596872
1305946432
2078516291
130042918
900256117
1004300423
1761276291
429840655
988886233
981687605
1729163012
49132100
1690186975
452621581
752183996
314153329
362794193
2047390965
1070100680
1336770566
2145517238
1265053140
1207412983
652574892
201900687
2143817635
1248752803
1234356320
1460074144
1410735014
943774451
1657178594
454377472
1448277889
736687371
440654613
1709893879
479254618
1300091088
2022650466
131346525
612973785
1424676716
2064699404
1215660576
952977587
1438995310
1954129480
920663361
1033751717
343967334
1858592872
2049652660
118973862
133744112
1151230368
533200061
1690724734
620157576
917543205
1628788820
1160884350
1926169163
554954852
113191319
1969573754
1223528641
1730106773
1986301476
621261365
2070831891
1018514168
1873037013
1091062531
1496728262
971259646
335711518
1527510016
1638673967
172958948
783342814
887841165
1583884095
1571502840
377318889
1655653788
219364420
1775248481
742661873
2001155291
482182120
2074205621
673780659
1530866182
1629468058
585182179
1708847189
974531021
288695257
373572767
1017844719
1085610296
1479967941
42779975
1221531043
1330836578
525424413
1785697931
409915740
1166210666
108116111
1692121026
239810366
209313334
1514724463
1682054589
1365978910
820295850
647315309
1508292267
1530517189
1061280214
1204607379
650141272
1042554582
1268381291
1283697447
1100359727
1774343542
52013576
1594991312
492957257
1182445274
606689041
1273361944
1845308335
1470744985
377554252
526877525
1214919950
1487665132
655694928
1282013251
1511725414
1667899263
177061099
330617621
876830547
1771395737
269715066
295072612
1846934291
1211563072
2118987847
1933075863
887904953
1835045160
177272164
1592161319
1693162037
917907089
786785592
1349755642
196198267
505480912
2090944943
1450251463
783471389
927061064
606854059
2139036713
1770133065
1673957837
372566029
1131502750
1950903672
608249142
1032117203
797916678
881005303
2128096035
1144681692
789916005
2000641508
2042605693
691107235
1391504854
1027472002
1667418936
2134896724
1406546111
227096431
2062826873
479563545
868601416
437442037
522460639
