831207848
746724116
842660223
1705404738
2046458793
60806231
1540926657
1186240053
2094714774
1451072491
1292009467
699462004
1815874465
1318687278
1586207611
1932187407
1875287986
731383035
957779901
1327960062
1240415855
310322530
165028265
905858588
761648205
24496167
2116322672
2102856893
1344778202
1879300129
1186569099
1232895641
1543462965
949756315
252603166
1578878116
498812298
1479063054
2083072715
862171541
1816971270
109727593
285025432
1733969288
1590946524
1753616282
55532183
65710281
1580712366
1941583985
390249039
1833195834
1926621500
209877701
1995842505
962267946
789896640
1408238879
1648271204
1953188227
1284534883
101964283
973587173
84833954
55051214
1326079146
1662875455
1352156442
1898332523
1376222644
1995826040
1130344658
969528818
517253873
1285608426
85554135
1284654358
1449821281
1813791920
1533813942
1177751569
482718798
469250582
1782372696
1005555064
1136460545
1543062101
1378557648
1519152806
42451732
1081472774
910708476
1104573178
2052968169
484885930
1795152403
922338878
514625556
567974420
357844472
414626665
548749744
1272937984
1704583438
246467079
586683856
1810679300
1443454596
1826887782
1162217409
789057412
1107202341
681104937
339646004
102402600
1370141872
573786916
946550904
465058631
1536152557
1467496595
1579274198
628791980
81202290
199889399
1898539260
693342818
1312957315
1080547054
398859099
699995026
946219690
1694247672
535663895
207615663
1291001259
2078686899
593511610
1930911177
86763455
1384581443
1841750688
170671813
2105953453
756655570
213705941
2110398288
46807065
1024558934
686230856
824486227
731847470
844179318
467599897
1068220581
1590439111
1040032584
618149062
1092219728
709941358
1377467938
1179840427
826475347
622218970
2119629022
449328749
1056869823
795493594
1253845188
434546931
1357178173
1032536755
1989704307
149473843
1128802731
130434274
393958841
1696989732
1823352679
1068181505
1457169590
680552232
1653867517
1271919598
2118015459
2033775187
2090298374
1293709786
341825132
185085482
1139839307
1583060285
56842965
1513520044
1580631334
112158640
1795672712
26389181
1565549513
2050052694
1921049040
837017718
1998084027
532617216
1661059190
2059308040
1883683323
1740504982
1104299214
1323842484
1892215240
751262600
1654117016
1926003537
1202256063
201836886
61633294
1197096049
583109582
560746523
767510802
1014935965
165321827
836251082
779110434
277421706
1119758294
1723426397
821647974
1754922255
284844138
92943532
1678944407
1941656252
742223152
1165549528
374669123
1528028560
18028302
1871264233
2127876573
1311077531
683145461
1483349288
491518918
1091817181
547429180
919585786
1930740666
1480685297
12580509
1629549234
1453733396
835983459
53428185
1787610408
435814287
1833929105
2129635509
190362317
386896678
1097695231
485671133
1532500823
1151622627
339916275
70016720
204098839
1374747456
1378382259
1139949788
682711146
1242728744
655742719
1730398626
478770559
1175614532
2049292856
1504406574
589811205
1098538453
1802157048
236453404
748390323
55230578
533496748
1910362409
599546536
528579015
1254247743
1119648501
1811246191
1916559801
1111092718
534158876
1752025746
453773
318542240
1964507255
2057308483
1828853190
402847332
1432684026
723650099
569765169
560554071
1045010967
847094555
2064567865
126155289
1922579343
52659993
883356026
1621705535
1379823928
1212453815
1690605163
1005500243
416741504
357761168
2014595647
1537094112
536598087
2036883244
1865775764
1704910663
118130056
197871441
1988760721
545660740
1176597745
716469433
1779751387
917375239
1679751909
1678033654
1724655850
1231576960
2030521922
1745598183
151700308
937191540
1312370510
1457509296
1279300257
1902001042
1547972924
1490340842
18632258
1956426943
999489726
1328865670
1638035399
645778452
412892326
1619771596
80492516
753230834
1942479089
394406971
985815964
926282351
1907516620
864911811
799265855
1110936379
91784703
821196054
1577561386
939771100
1387535394
566542303
867634948
161945023
26100377
302454124
1987322351
2045620261
1922990368
10648842
852048005
2127329755
388555452
1951736743
1103773387
1310124688
716148077
607129760
237860820
241750780
1276349444
1393731073
69774058
1734324399
1356342142
1123897435
369437083
253151318
843351355
1096629274
474509721
186752588
116512275
873836215
2088485229
215378733
998946417
1791198828
2054936685
422402011
1322712658
702906645
1498969406
2065231597
1488261885
1668593235
1230133089
462121687
1245696003
1263119623
581506063
692271879
1907896985
2065415940
1865887973
885046295
1136822214
335602628
221899835
2088010984
343027430
1384288901
2114199696
1330380293
1446315418
1377544517
171662302
595734213
464128217
1127809614
38905378
233145313
1267036343
1119494389
503766606
700913421
208932253
115390698
1586707498
706657080
1357526651
680339087
1017189526
1380445648
1539948463
315560320
1250352098
497667922
265629874
414751892
1032365793
1837131
1222669572
1831954035
663944744
909013528
1162825171
339734144
1710624069
1673526899
8980640
799852909
569335196
1758429328
1846704486
952586782
217620365
66547771
101911075
149844982
383325633
491246714
472031520
1966765052
1393991338
1710934174
879963863
1863583019
1292886004
533387766
705015549
53561985
820199256
1354129738
1464004110
1996235890
392989227
1941587675
926295950
555518486
1551753079
1819203410
644146681
46004352
1937152141
1353843574
1136653307
1756925401
934409454
1350300427
484982692
1253532503
1603530912
306536757
1052333065
1694148709
957970146
115973578
1765381486
1067999165
704764710
1847191374
4815923
1607757329
1421959708
943173654
1080656725
587842040
846138288
864915535
280020154
566172908
1119294480
1069131208
1789999255
841679971
1293803204
1892857177
2128633993
1279629556
1057265918
558701402
1491078817
954999489
51714077
1250025614
502725554
1002510551
1242237342
1668846023
432514148
332521169
882180699
488764143
1305480134
215393125
355120045
2072918104
908501313
1953978184
609962028
1414958350
1769710539
84537017
778069177
1301739773
1489865182
51079050
1414709513
1317303554
1175657101
1977809048
1255542790
872830297
206406975
1507864065
1087449213
835410618
1736803489
1794783909
247685667
1506113226
293464678
1445737275
767537556
29738609
2032547312
837837779
78225977
302733813
1526195968
1772591212
1833554508
1883514926
1553615579
491892523
733280850
613401668
1731693242
537444081
1836897093
430743309
1493932352
1996069622
1350256083
842824859
2013459727
1108357006
553006761
490949242
1203147764
744080378
399949385
1931253094
1825675098
859725675
1378791098
2080874233
1597361963
1269216111
209143931
1065863128
373590500
444956814
1952710371
524562964
734666220
195972108
408199745
1235396258
469738541
1731515865
40347616
665919724
567541981
292400320
2088764658
462840720
1681140855
513894712
258226083
1736719133
154525935
1185447570
2121079648
2115368292
1244755882
1089196412
701989971
1961474075
219144234
746284141
1877712134
1480893813
855135893
278681213
619262490
2100554077
1102850471
717605091
1592041371
223220867
694468373
269288816
2058698773
1438389665
1080655527
1674366461
2103899985
1665567432
1330678176
683802687
1698129716
104351549
166397893
662526317
1089467464
1478925710
1233556479
812377338
1188495609
1745498677
1109643755
719524125
1341761123
2101212019
335340927
1714379948
244693173
1201179685
1886434794
387794117
141190726
584821663
1841968160
490275422
2061942301
1859421505
218640393
1703392178
1930553519
1453826487
2054023271
830796067
441218932
1050280836
588817811
316281716
1239109391
632224488
2100738125
740405901
1757691133
1596214159
1782767384
629914879
605187943
1284574402
619459531
768762318
942584430
2101463718
193685482
862569094
1080008473
405330451
2053957867
78216566
231621782
170622474
1279931798
792660235
482947868
854534515
1402635202
376932071
2131293866
370897817
436738052
1637499400
716818735
2055864775
967634791
92249945
68157893
60802652
1913998989
2057612689
98771358
1863755565
466327609
1552145864
2140612300
290274573
374866893
445623543
1251082523
988831548
1410605866
619177092
1460194414
1286676689
1646954828
444271397
951418852
2098471701
123395665
1620886508
779536314
559643503
1693817899
776278351
1434258720
1173283964
1849592272
1654942038
2103008472
1378468767
1418872458
1960638796
287915675
1142365334
686489546
1620923502
677035862
524848648
766663971
1392199287
1515686275
1502646242
1811064520
766551729
1038798668
174424101
1774330796
553774607
872632983
72835994
1722122491
31224223
2143805555
194325647
550043363
1103987636
1322506471
375608509
74781675
2028277539
90275245
963999371
2079476683
1108294007
1559870347
1576623274
1480539975
488347748
2060571873
1845881145
1790412516
1803003457
237935895
1845959686
1397100169
1528452555
474329204
712368194
308352883
1977230282
945935181
777742132
959854145
945474152
296383558
1986309546
1408441940
1339815975
1672686195
1334250023
1368908646
613860229
784789414
353706828
1697749688
232017438
732005245
1228564382
427534456
1773986167
1031408225
441101312
1072288126
1234421145
779519873
1012555779
1482301097
877290475
1279562845
1595206943
1677782044
997047014
1610326488
709148836
1955912592
948219202
962679984
831447651
1201520045
510388892
626070001
987910023
1546921804
1127803120
425751258
36069062
182400291
1070014986
1074273747
96422786
1784923609
1890314314
702782199
1917011871
1988338868
1277570455
1035307313
1908530941
302714759
1919426642
1321567663
339537160
1047908613
1311979390
872373979
1497229253
297552281
2016385865
549552536
1580553277
1637350
844016158
189426186
1716331313
1594694456
1562493276
1340870704
673305827
1835334308
316367510
1873639524
616828971
604597267
1036042813
939692546
2050557208
1881539842
578833204
1368617248
1310096345
314953736
406385935
372041121
1283977526
1805489918
995118147
459288326
1825972645
128214384
166940253
887604736
1004673971
721403289
867468743
2041613615
1849630223
1731470785
1859663151
1573722252
1854858690
323820405
1118199572
1775608423
1188334218
186478957
763936735
1767964815
835536315
1597991664
346114998
1871814273
818614255
1786513618
472680232
639864896
1138570028
1067232242
1424516567
417642483
228293185
1605256202
2021066355
1478134702
1215511060
1941509424
1995188605
318688211
547076492
1481692997
1445117257
515544954
645718154
522513983
853341377
1998172181
412849968
51605482
1183074926
80923387
1804730410
1814179055
2064312241
2108028838
925925294
1367529790
425297648
299699092
61162328
1536317706
1642306577
1034345889
2071675922
231267255
1783382973
85635002
1917372934
419134700
97167107
1989233854
288125175
908811866
227619431
228882374
2080336719
24242600
1515959782
987152562
674302984
192555035
767008075
1356808621
1777119073
1709609929
279494664
1080198844
1280618470
140857371
2106346960
1343278445
755167496
732803276
88367188
1528122233
2008401874
517491693
1215372373
973719241
1509481292
1689821351
1022935537
126468016
446838133
538580575
1455187989
932850100
1687213800
686020990
908011958
1823568660
1700118702
1126005052
838162392
1353459971
1657734919
1979452268
304186202
673888405
278451590
138992520
300956892
1418270147
2079567125
1479969974
1987310016
1744033842
2061205615
1635265439
1709403130
1624499076
1461060351
555757098
925335964
1014201310
1300716940
2112445368
1848363657
2053778051
1913805229
2059350835
851580391
1636817074
550028549
1533612839
106070627
712602285
186822355
1787710081
32245913
981965558
1443356993
1163086199
1571925884
77954349
122865859
1570214466
982961762
1219340049
1113308353
287851801
4523949
850991616
1630424728
930132747
251575755
2091992550
202108006
1079075010
1179712732
1907833719
1938478088
529123784
1343302918
632054196
60365046
2066244838
1788302196
1888235114
461238299
1747343532
606109131
789373556
1777592313
1144406912
1562455877
2002134183
1404738782
2023447700
2048960815
630306563
1163697225
766125871
629782958
1492586790
1931550189
1526454357
1004065668
70742449
1004457627
1348380580
1883553392
1918783255
1573553568
1911211054
753073114
335800324
1870182652
1863469017
1259971122
676832925
1009209612
39413312
984419272
791780475
2141718601
2076151342
646520647
1334223434
1585346329
772538794
833436786
694435978
1334115819
1202547476
121094775
1187646299
1731723395
28790694
1196659225
774255257
962460624
106424036
1239424675
1045430495
780961891
614318871
1836194781
1303193000
2091773205
1565949605
407985762
1814043709
1767914740
152761325
397959093
2040468028
861534586
2099216667
371024434
1283263212
1494101709
1857950792
1783090937
1006101468
950652156
1726258444
1595653613
581737323
544732290
1277153432
1168463622
1527154894
812008365
166953484
1704657810
1042632120
72025410
1047501051
26377008
1973866267
1696021964
1853833363
1807972527
195103275
318850846
555334556
45988003
713788937
1890809608
1642505423
799313172
362047250
1286864428
654104917
1433739150
354564992
9303062
527158852
181004318
1296802946
1298649347
32611891
338317446
1497045286
1943932817
230207215
1219280204
1772146636
655726912
1526975214
820407402
1997066796
408507372
143434478
2032474276
2142349278
1129864654
1947254480
2060739202
825753085
820995475
76535486
592084233
1295707993
1865839129
567451462
1909717675
1246763988
530069780
569501928
602433043
378519432
1881153446
1267803120
522068048
771796063
1902792043
1694213046
1891852309
903485727
679220844
865908482
1416074785
482046010
1940382316
954759942
686654512
1886145729
451432498
1650908729
1091873418
343680705
914221290
743102003
2061337169
1869259898
697892881
1274289527
2123092871
2116446181
2088827178
849826638
1932341841
192236773
1471295384
611339730
702460628
2090124880
321204077
1960336450
913933077
300049991
758062988
177438900
1400125119
546466051
1523464807
318087008
36380250
701042988
2114198299
1922607983
1499297644
751087222
1840319852
1152200603
402625644
270023689
797401886
834360200
1351313448
1245079123
185678295
214597590
1454540147
1546992935
572982638
1280420240
824770840
550008492
563654795
559791310
2036426244
830736464
72998287
1395351489
1546677060
1654111300
937949496
1564523310
1400800812
503291380
729452680
1538152233
184241544
673793785
831425123
1368010711
1929583824
1449513841
1804161846
34471762
1062683932
562851215
2974178
701958808
130579005
1457704026
107500678
1255026935
1931777377
930500950
1513525061
829113281
399519646
209878496
1562839813
1602068151
1908861377
847100925
385825204
21377120
1805994979
2082686713
1292608460
1632180450
2012971403
2022908221
1627391696
1450588829
304078834
478773435
1075297889
1933470938
1930994199
1455370294
1566717742
263817114
1509913773
1958682087
771060116
920185066
289709201
1709242409
1149673374
766538885
125659491
2135157909
452882335
1741828485
3260255
982313180
1673834004
45079470
1606374882
984976122
1483403844
2016865151
546424968
1119161473
1854153911
553044316
1618153347
980878110
1246484643
1316179377
1135355552
2109026230
1377897763
1877638541
212684601
176295800
1222198604
39518080
485372576
507924748
1196153478
882338884
59428724
461631393
709092292
1008683820
1395867915
1597663066
944821259
295094780
1833545750
1055180386
1535209937
864251026
1095789588
1601260530
1565813404
279042168
2090263276
341127438
1002235415
759472517
1171003560
1599832842
1009029886
743287999
525314585
432959331
675644240
1259969889
290699712
1855338633
1948348395
1539203011
1599815625
1050906064
1270463127
913957034
1471437798
142352904
333216545
1174784869
861633003
1540583188
436593785
981890275
1175831374
1128045684
1794550083
31777280
2029205018
1158393981
1978305048
371388384
1797327302
1668163142
1474309890
1449749524
678281875
923918163
598548191
397742623
1669824708
866677585
564829583
1107913319
1020653178
1387354078
1753331536
1105723602
1332906677
275253006
1286550929
477687017
1243525797
1225592859
2116070734
948132602
873487678
1609160420
2058174390
1904439836
52278289
1637887188
802723779
1912015460
1025218874
76685223
569520435
104053633
499432674
1573626111
2102750833
1664701408
464110196
589546389
780692452
879457909
1249748163
1992797007
117528476
1333369246
2022368614
1324816100
45741980
1129060818
927581496
1721421350
899180754
1336412258
1808625707
1179883205
86941466
1658012004
1102893585
120947055
1199322652
1864776036
1855190839
1022804240
1638593082
72017253
2041521793
1479035621
1810877038
1932441303
1268877011
1038620689
1645279823
923548291
1703909547
1159748104
1707320408
585730786
2061137713
225213833
653376413
680183019
1794828839
53850441
2022539038
605740647
202889875
765792470
189384241
9333191
397164876
1206987243
1268148715
1735100256
1811707218
1890538041
1056302754
1562565713
922183721
22503224
1677649623
1445032072
967654198
38584138
2036283525
781560119
614817722
1036825267
574826846
736497740
181899399
1430427476
1424335363
684662617
853998446
1790189783
1187508119
2015069409
1496715677
2127356639
784887915
989411831
1724998425
1325930016
1056755814
957581884
61843373
944737938
1143192973
637919417
382556258
161457337
861340174
1487334333
958978523
903471270
1627972969
993893386
197626619
1295083427
531540602
1964602622
796756579
1913054681
1188342185
1528091187
691691727
1727036400
1117008859
512338555
489879388
912129610
1810403794
560392530
1753575821
222072154
1701710311
435730728
997800928
160006772
1884963624
1632332883
1383125176
405943456
1118942313
1970667975
243255910
1622885923
1810881110
812572736
1451177282
265072994
1778145381
574234322
2097335575
336785901
1401735678
1986986353
827319649
339027574
358491962
381827734
1514798271
1517230875
1905278274
1556405822
126646329
1037429347
1167867692
2134491449
1544590251
1593173456
406509498
184540127
243594587
1470492648
831064462
1317139745
509649725
1655664185
1354547209
601709274
996206206
1484040462
1320073980
997865194
1386840553
2107635555
1077966745
2139433749
622023164
1985922846
562933936
1054528994
743460562
1833797371
509857264
1880774514
797474941
1098512603
2146827728
1207416913
929715946
236956380
1092680393
748353740
1933375471
1847676092
1468561640
1718908267
1567375704
528337563
1797804190
35157813
1641881221
1300275048
622768767
2071405977
929563238
130557463
2129641419
1026856791
7709056
2005787294
1822897503
580642564
2035785752
1110422911
1225003422
235245346
1734750349
1275947677
1380831164
442571339
113928698
207509935
267837654
1905415322
40359390
1009232876
395446420
350383972
180634865
1805588816
164124281
128778699
1925854534
1353584951
726593010
97262607
1808723956
498147072
1998494849
19405967
165036064
1733085307
742939743
1310065107
1313641353
747781920
1246316697
731243739
560297481
1760167694
1608995932
1875218204
656119033
562064284
19455581
1826937923
1157036242
1122389485
1990100514
423974233
1306913394
455425887
467935984
1123134104
188773236
387388436
803790519
738215771
686504168
1137684750
520355305
770782087
613161983
1316095843
1170467482
1594107835
1661996081
1607329623
1675770416
1360970840
1826439903
1874097028
532732627
940771316
1566925678
703262062
861769342
1263732376
1599550818
1917497671
55401857
939259229
1526459205
1237637772
1104443844
282534715
303632719
2071203946
202624656
1477195137
707782184
218288830
884692794
1544692565
2077004327
522610839
85156747
1224889624
1676176958
1232402516
1121938245
1344487377
1076582230
2132651687
1129646205
900768558
1520387685
520654891
119029390
757520617
546884254
431313061
204824730
205437545
983484485
217250847
992181052
170628410
1903755946
2117458401
2044335334
1370207487
1925252851
1992851801
1058175332
189199078
68900129
673842511
1124442076
1496606021
66314731
603759266
1338982246
1106955498
939730005
1202058695
2099692726
1145319369
2051008713
1092498375
604386075
1652721432
849358788
481414530
1877830706
1314284867
1918693966
1582678668
1749006788
1236592363
1544862564
1843832554
1600419066
2031837666
1629701373
823323916
637896550
294569777
2145371095
301078802
638064682
1058721295
597475951
1051130002
1510500988
1719585959
1970058126
1877751672
1875459488
292312819
2056482001
44627468
2046352003
1962013110
882401739
1090746813
1288812060
1082673396
1100451441
1655025447
1806557464
2017884744
1370401366
1330898041
904024529
2101397765
529581665
469300924
1192214431
1009383341
1984900155
1426300250
570035176
1095298285
717095215
2079378890
1540028110
1152202701
812371817
1096512950
2110021157
2122406887
753105974
558081938
741281527
1360454518
2033393088
1180817227
534091875
372012641
423138498
2009718622
1704009075
1648157143
629566822
1536691261
1865022228
1283140606
1921829453
146095480
1162484174
395601958
1805504984
1550424290
246921464
228985942
1957527011
1989663665
877733954
937585700
2085174263
1587472483
395090711
1428703679
1700712127
136348608
1669268341
596371958
559903250
479667100
2031632528
1730043594
897603396
1513264911
1715394071
958377675
468726704
116639317
1389585931
1931536288
527620798
353636537
1717371783
1974926191
15036321
594735546
2124531467
2042576705
383020885
1838222365
2142229304
709830479
2036905056
1624482424
1967259094
658884253
1358422796
170976396
672758212
1102453130
300898228
1994532007
93694681
2143091238
1286901197
922443111
1030180950
1418696587
636968054
1885369410
1363096184
678245768
797668187
1895547370
248884962
182452860
412192067
206801766
409043314
1185343808
941254791
1668843338
1680292605
548842561
73510395
280853802
1986348680
62279811
1314549250
1861320834
437755492
2025926706
362537723
1143760582
810446651
2060389349
1184930805
1166371141
1831583446
2079301671
1321644812
1120257637
714268006
300462301
1670140236
1802794610
1570023366
1421150051
1557229335
1124195854
796377559
610176868
269693696
837390487
123107461
1301426577
590100864
1131345832
1989626509
1450076744
1378660986
545907014
827633764
1360561639
364178138
2030728638
280152513
372675907
633660308
676650199
1380760180
1672659317
860307435
1495847468
1515954601
437866549
1401380123
216646181
1716820826
855432192
744876787
693755454
45424522
1080625985
593363504
744977617
1389033731
497307001
1826495509
1043269103
1992200659
1557301286
1790834326
1985631347
1308807255
147186440
435272604
385674085
760458284
1212198782
1847964751
170156026
1311142180
1391885722
240571044
1553477795
1448318950
309060036
1380795942
1440333483
1847333241
1259755111
1638812612
372631983
1850216911
1244925545
670305341
704877795
413374788
896481498
1086617180
1983171106
1319020929
1827386161
113590534
1023175390
1110946430
346739825
367186779
1312717646
589454041
1311989833
1408917939
717717506
1610717891
1812964432
736433815
1235018726
1493030508
369826147
1766580327
932708128
400587776
135528451
257520395
685619500
884482321
1698010152
440121317
623304384
1615990867
1401675525
42819495
726316507
1827618371
2125129042
396397547
1121488173
628559707
772678213
1722435898
1121824062
765269707
1549610823
1141276075
816561681
219980044
6196975
415450400
716975356
1427417549
1945937034
225176909
1284301830
621784832
661478638
1563792093
1916109093
1105583114
849914176
946595910
2099436153
1738438246
302073263
2132109962
1516082744
341264567
74766417
969156818
2107550401
938338576
1110758966
1501966706
1508061785
1789839522
855613841
69257443
433688389
1877609782
88835769
1167987347
1902267082
2060178365
777520573
1191790800
872539053
1996608007
744214037
503705345
1681741749
471734343
313322578
726752140
138672163
713690816
383122484
1525729403
1627602172
1797839504
1641945630
1089252541
1052438404
550080462
958145237
1339560399
605122172
1656723428
1040186838
591774902
1393282417
663096011
2097648612
1171155832
82702105
328155422
426504240
35545688
217427879
971908943
1257781820
2113088409
618464864
929503577
1279543890
28538021
1234529106
1018901571
1829794922
1830231868
2084305654
1044762781
668078017
1921489640
1112149667
1551211619
66071221
2002039453
1855703945
1880970522
1013396889
959054502
1743255694
164455899
753031142
567082809
1586347427
695311364
284271214
1631912941
720330765
1486684052
1288306750
1124733023
1514899797
523997995
1947368252
1268173935
1972437406
436001293
75870972
1905831214
178202240
1532680961
1647779266
1385628556
616173083
138278801
797767381
436702230
1532988930
480114105
220003413
1786933808
830137054
506438600
1861297309
1441126286
155823492
265628872
1555056713
25277108
882689487
421037991
646880494
130052894
2007834456
503810243
582003403
1762228271
1796059617
2031825042
1396745602
916402371
1880857441
24489593
1411866058
681057224
1628841711
2110377174
592327629
311973768
1811938022
6903712
1639382622
1642576757
1524789174
1948358668
517047933
128642000
1217900118
390612482
67987437
1492276890
311005578
1558187908
597888099
1382311523
547051788
719526237
326288379
2137589624
1892019807
457459275
1978741667
104584792
1350617582
740816789
403620737
543898534
1159816633
1518105383
2141639024
1095639237
1261632445
272630811
2057678138
182682966
308359341
715701400
1573077957
900677625
396612070
2053826429
1876794521
1320320678
1616489015
1017130122
1453674608
2147315334
918363410
265377291
922331707
729322823
1469972651
213066992
2121245650
425818699
1506257804
854271680
722249750
1627687793
691005880
1194115451
286111661
2130770973
72520711
104631045
53556893
1449452233
553732424
22021330
1545799754
1460961717
345102103
497355950
1608226843
1458006791
1976979896
1254627296
1724530745
2095739442
471944567
2116229299
932535690
664891547
83283946
1852002325
492141094
605792720
1594761577
439546481
1946322964
1292924521
971390426
1917529508
1604113764
2093482707
1743775153
1630240657
529008803
686724471
1061306180
1596854244
487693834
133396848
1208980371
1524201496
151672595
214879722
1965726724
1123481578
766663823
311593808
1358441636
1371343260
1104619283
1697640320
648970728
212840169
1625284863
1929161037
1411393848
152534606
176316429
1262733349
79319089
1650743812
1713905907
2095416093
944371208
1521069227
1314679950
852262079
1307829082
2118479087
1520904833
2078713827
1698708561
1561171491
693947999
332391559
357745560
1272633122
376880464
1756516349
1309787087
1780314418
200281226
1824383271
1956454123
1013151893
600374608
779104075
1549256182
1725865904
809805135
1958089474
1858871119
84318107
146013593
2069827526
1904951014
1270678653
1816243013
11800895
795869919
861503990
2118123301
451916704
428978676
1776125426
612912768
1246123961
283586830
226142423
1083868424
1149128403
406844127
782025308
46471163
1595838513
472651774
2130993816
124834567
922785271
705007150
1150122829
526508213
2017764215
603933882
432706297
1675564014
392244872
175930883
173746437
1828251085
1213389538
5942263
27567837
1177563963
771133018
1490492393
169897685
627578664
286896500
410203501
1354906326
1955806946
11837122
495323155
246269444
656560475
567741007
2055939509
1522434355
940876644
278729341
1699284591
1708251901
1643787385
2015453746
2049363996
831552852
73210901
2066688199
1613064796
1172451859
405380607
1661124847
1488183121
2035612834
211082394
1247975752
495853386
229154527
1218750753
1533446772
1206722224
1464084524
1907144220
725118529
1141565571
143531410
734772541
1181700118
1053382637
805082191
1629557728
637590406
1049378088
654525510
1564596313
1358293599
61707766
79664509
825977908
777803302
1991536780
1749874267
2134480874
207821429
741476607
1074786631
47009377
2097536806
796408978
1983894837
1011355574
1060566614
124900263
1281928369
743505747
1116941556
1466600482
376462715
1216320608
1139361658
1816599490
1635759742
132961193
1938174818
810686439
1526281382
1546091864
16644153
552544553
2050164057
488457086
589952230
1363145995
2005708274
1995334724
1496263277
412950273
1637298017
949089322
889889484
428765674
2081756375
395305401
1510833469
538476073
923681110
972433492
640445333
1935474186
89155570
363605839
1999300776
418610659
2043686456
99837798
173251514
1878971545
1058347006
1321050425
145305101
353138444
1178821942
1382201809
2034410710
1314893710
622493661
569928744
893131982
218417830
1709806430
700292745
1185529583
189639529
1467292044
1832115252
1033102543
1357946292
1292738919
1164381651
127556686
2143756385
1591601257
475597879
1237218552
180083871
1945953140
1445856893
1745103643
1035833504
1848190282
68534367
1031204748
337836362
818462880
518377132
2133334831
224075325
310869328
141999622
676593550
1354300362
23295855
872430455
217082708
384370999
1187116029
877678922
1118741131
374697261
1724609718
1606363839
218083966
277247199
1272409622
1338801295
1484308353
1237406455
84719022
1164316094
1180936305
1018794805
2073277784
2114627634
400728206
77160657
739384777
630420442
334518652
1588030608
824636455
1234889718
1842667607
343655574
355379075
1331684440
1359180474
850486476
1050117108
535127052
1529372635
1127847174
431046473
285919427
1275212279
1467514154
1041503486
1434987808
11300688
693630835
41528719
1897030877
1652048149
698416544
487148444
1488123483
721069559
1829451072
1916699121
1438129652
1750436275
1575341213
2042388276
1098661155
1154557658
298987488
2031740672
516700118
435247223
1316589835
2131942734
689526242
334493324
798738883
424648850
1886756013
1166815887
1531332106
1789898418
2015067117
978848230
942860012
1259996553
1312616575
737935725
1329591618
1596167864
1684125192
558694509
1236273584
743910587
344761781
1234689500
2037336328
278396329
743332910
1420794162
59338218
1954288585
1439551526
737529176
157346284
498601280
2067421080
1544340657
685233675
1320103720
90048704
994109501
658669362
731246235
721148003
1881812949
503487953
251066311
269383971
1516678507
45887533
1506630109
1023749221
1005603597
389262804
1641016924
1140943310
1125609050
875415346
850691511
1286855867
398054881
1336115866
1281444913
1624324674
1001857495
1926441419
1403890914
1628478967
1266534496
1114578954
145118114
965047109
281351399
1950326167
1302211816
1129561982
1217243291
1138730769
2120300701
1329875421
483103687
333561669
1704634665
1987969681
849947553
1403103458
337056481
1207890652
1584759845
657481703
118781152
1865904688
480329513
897153564
1182962040
978349754
935811022
1864030867
1351862503
1651546299
1506219147
1104108505
1341224625
1841780358
1243387739
1945606415
2034902338
1749256727
996605229
1813167207
1835424107
2009044880
518892304
125036206
1038024270
846277330
1468709645
511351059
1141895011
1213289682
1853423781
35805736
1467649747
453299591
1808015339
723227268
256080661
1255228202
1675627007
955915808
2019207051
1106916615
802476023
669540534
672661676
739231515
35716493
1518238367
1093821491
1388283458
1419940832
86854286
545633130
342012858
2091428510
783555460
1165110639
851851841
905749407
1540076500
1663833970
1409553660
448953160
783912956
191091538
1332560256
1365117002
1248638807
180540814
1129253263
244428413
1761214204
1394435132
169209783
141648562
504602594
456753670
782907944
683740683
815509986
1245083462
1421538085
838412072
575608663
389943261
947196272
871656740
1311408594
1463425190
1783508820
1425365894
1121696617
1035786150
1435954039
880848353
2135665479
4774036
1000549668
182409319
1306560368
1560013253
2012997770
574500511
1687075788
1191362272
2038528822
580100881
1242982233
1628042170
1542966630
1324576354
1185583492
405353794
126954636
929217152
388816889
1693679761
53244783
1301883954
92912215
386909410
2057509498
568917399
2128925920
565472893
337270392
555128015
1158041348
1785677057
550244803
149409660
661419077
251487466
996878876
1548853471
2066472864
1142028126
1185574719
497760720
1692328529
1335686477
1036188556
1754498335
1166809796
1828810826
1975197291
1547808012
903993740
438407190
1203305959
1395198115
295864180
655990855
965736946
1554567371
1581112846
291665867
1653606116
916470140
286906256
484680486
377422116
1189996825
67828298
399842053
1810788134
1630009182
503597165
1660303394
1910857617
1071447025
999412095
1083347993
1975637541
786413815
523138015
1215380909
504877510
1170601561
695471641
1874349681
1133930148
486236742
750508899
1296656974
57337222
318999059
637938457
1385801513
786464545
1433291163
2023950408
92974368
314648734
1357138659
1778788257
14760664
1041915021
1394746470
1461637257
1356428756
762305273
398932531
604795301
1204283401
835940542
1470509147
827598136
693803087
1632912040
1712627353
226826133
2137070748
1158083919
1485680066
513629527
1619687039
5752413
258119001
442984795
1885584480
2010775113
499277807
606696228
734487688
405768247
2144487339
1924934081
2026530931
332804118
1006607770
1094584520
1194864134
1684304837
1824195848
1984920966
709224717
362965554
247175780
563258617
1651231865
441792520
1450896882
818022148
439105537
1503348512
841713684
302137401
1046304230
1919459977
1906680203
818286077
1490663556
1570499821
62268938
2142804839
1845237888
411075077
1865567141
2042262314
355111985
1381348431
570688623
2100358013
1782292698
1697950856
1000240231
982439238
1996597821
623592237
770785335
706478793
2074198009
690215229
1293966364
1240105880
949052918
1083636845
1801244673
879580770
830406956
1936088697
1990877387
250704438
1859723826
1033795307
1848394254
543150728
2056246893
1887218807
1031832867
2020602185
83421020
784104789
2054690689
1410144561
1533492719
212692301
598457382
1538491502
1229397157
2023641757
1366946461
1794741273
478848494
337261211
1223405504
733105440
2075319734
1145149035
267023467
1602800155
168163939
1764736481
222608281
1469190706
1005826783
1640675240
1369485443
2037618545
934462086
730705123
1616670625
1412960041
1547901124
1713971588
317575474
13764709
793386502
1614957933
1407782426
1101267639
1127519171
420228119
936150009
1729155151
1414695287
2128958951
1526252623
1513463268
1981138463
1208778779
1910205867
1789872256
681450623
1347315267
577985099
1764425656
358033949
56354486
505598727
666660550
1144826058
1915172787
1389885020
918583713
2043265853
959674124
1283892315
986766815
2114906262
402776615
477102595
103277276
1323351839
582403749
947725340
1293428188
924711719
559135825
1723585269
276314076
1437499934
1356863843
356888577
1343839553
652420048
1208185233
1082287663
207348536
155152138
1211151900
1491950023
510939102
1263635616
1148557031
1627925882
2074718582
643348538
551049963
1941464718
779882771
68944687
727072144
1529675168
956899971
315522282
1465825435
995765972
775996323
1897309453
230896469
2003297576
541099547
134090360
483995042
1824957187
1372113326
456967666
1185187220
490228627
514018122
1130442863
368014267
704960500
346327387
321286629
1638561026
100698143
1429681294
624500207
1428948864
1649769371
1868728254
534500077
1693082396
1569088461
2079990569
1018368905
1447707579
1400899965
1914344425
896009011
894058872
639513230
820861938
798613265
1946308824
1094689911
226248880
423254315
361555181
326933267
767962984
150300912
257978183
901836235
386325814
1770945435
718047210
640631782
1217048148
1954199135
714062080
1002887860
1707444050
786984733
1854886137
483049788
316220709
974229835
391429144
1158361292
2055843635
1155578823
773710560
1503275833
911615030
1041585701
987081472
2130722167
7122367
1352905338
1192573134
763459072
910025166
1264789542
1535379288
1390209374
199170271
456321784
1624832207
1736297590
1105269288
1424595988
597217335
2117915137
207893419
114732182
1113142003
1691562540
1625096338
837422133
1669601389
1554856247
1048185946
641274349
908072423
1652662687
1708416050
773746339
2138925369
1600773164
1672311079
2108910163
1298812051
1110551903
1361075076
653710656
200636349
1302295537
1490969181
2994379
1710896722
1200856835
900997899
1900263607
119584724
520429399
464337312
1606431669
167731361
774687911
342033548
1454872947
1771629133
1424478537
1275547043
872261612
1423979499
773598919
1369179365
775298546
705757580
1087631375
152828702
798169698
2000886899
1112889295
1796762400
1815926449
517282867
1608090891
971224182
1477648676
2131759315
621861591
1064406849
1227607230
275355159
1109704288
1448890808
241055252
1044537179
2008970630
1798611110
557691730
215215214
1371142610
1163046072
30257809
411033653
1006932155
717371545
786259161
776202245
605902070
1720651209
1068027694
118278553
1596217817
698898494
1110286515
1653576643
473387554
2114298609
817549981
1187630727
1271421183
1520546982
1035351788
1259050103
735581137
1770151669
101879938
1476219949
730813074
1489106840
524972465
298628208
1177341092
1417403362
122638673
1613121301
240054358
48594961
923300300
1905932113
755883641
166640856
1308252432
1475558579
1703268598
793170441
1367256662
6266716
331214678
1942773577
633900211
570295750
1804435293
1485537575
1172635786
1589202064
1990802306
1728908877
1031625869
93886958
822866665
1883959661
1377284148
951370127
1584849724
1189306131
1544233265
939904122
2496798
1642252117
1291792447
137702768
1454196489
628256992
84462987
1290439463
1205074063
1517235681
1819392912
574949460
1325971468
337111932
145897133
22817529
878858236
288557916
2102189125
1179442757
2066399631
881017487
329178970
364193782
15138099
1041957450
169280633
1684524336
1030850768
153575036
1040672399
486461652
1839460999
1779885870
1109893997
570553939
558102119
499562308
2103924514
118812489
93155538
2025352712
2013204453
541655995
1855694129
1114891992
1885639997
143789907
358777785
399944266
1456337802
1773992618
1781450957
1239627710
35766112
899027586
895360110
641639657
1788484544
427669985
1199979232
1455026812
670320847
1515991053
1260268082
610522677
327215991
1684153177
1203047439
764014179
1077068416
1933200048
1825314387
41443624
1404943735
1611325518
629401527
1176279476
246759859
451222304
1454565874
429623372
2035433135
1911504329
331870167
792192870
250746772
2061339446
1979728021
632944727
578147107
1524781890
1052334033
95477165
1792842221
480172120
1022037691
365422872
1492484086
527390697
53100609
574754116
1023724571
1869355974
1250910683
540591701
1249734662
1761776919
357255138
863493619
295886266
1718958091
1838101171
574428188
1303079825
479497406
1434621253
279918151
829586151
1020718031
432128112
432560954
1823017841
60951390
1410475470
1666076556
965410529
1713639219
890645443
591394429
1948874972
9102267
1947799990
1124728611
293870310
95717424
1965119027
853454766
1948008859
1159387019
747831125
1327309876
1260899933
1893564483
744876382
258086426
235999445
1292476571
2105332600
957160275
500827629
1956987691
80770920
1952798731
490855212
284961817
904381497
2001299847
1135957299
1329684697
185311589
278355090
1769873558
1488868306
1691808711
1385179760
367664561
1747670915
1789540535
1894144938
1579576725
1456746786
1127674874
2075747063
1422412930
226968315
871906219
1904843794
1172977787
311876936
1215481217
1913434343
685685025
330530683
1437531799
996351579
1300088197
1750143622
1236155623
1182574147
1063860261
1525333438
1641346036
1786061418
726297250
345275101
1521199805
1313249150
1699916799
743611450
1587638626
573681769
1252467232
1040786201
531216800
1354238891
652299575
2055738830
2125789474
527894627
83967685
1029563207
368594801
552428125
954394861
1015786467
1954577250
2045569120
742564191
53652999
1681327749
1286474895
639741583
980863867
428172303
671876971
2011543697
136280196
1590592204
350176446
1496720262
368825881
1186666077
989294642
1583366128
1387835406
673003173
1113424630
1765413504
2045635366
1603227765
55466864
400044223
2052160159
1211000578
1440853001
392365197
537236100
1281044927
1987961078
1929850325
2024967052
1942787804
562341360
9499776
330060210
2117252249
449964770
775321642
615975121
2042532775
1537410933
598849075
780216281
1153407637
63008726
670315744
824354919
406789637
38654077
1121922626
444648887
1816822660
1474732532
352100146
572448200
1237691157
333078786
385687274
739174159
192159142
925415276
1237505013
1727993915
950361800
518542284
1592502777
217909898
1806625301
947584384
1882007220
673280431
495775992
1715485204
2087124700
1542398452
658573420
1507060841
827494219
24868118
802276610
968191824
1814659667
1034389535
597908381
706114606
1525935167
670417767
1726695215
2134884497
1528314208
1448890643
730148117
826724665
680435323
1223157515
2058062721
356863144
1319892997
1035856608
1747421080
1227317127
538048865
687388154
1810716786
956523573
1931531716
1772418803
396903232
1496986703
1280693736
1824155299
1529374610
1373862940
1799343150
894464112
128283295
1858344193
2026835979
1582428111
947662257
539366509
1028233667
1195877830
200157695
1435520964
422229952
1470328172
490065710
1267870211
1453850597
1291786035
1584066621
816965527
490359267
1840281588
1269019761
853382208
831724740
1918596906
893623591
1994148246
781383349
1983741040
184148095
1642659735
634122064
210052231
710775058
1569088343
1558144236
86724176
2037800722
1622796077
1655051355
365689135
2033054545
618172513
253165539
456155897
1663230631
1935403609
2117226753
32345796
428790770
109658929
660931679
1812940723
561306867
1689635013
559826612
1501751106
776205657
1987312468
1626829328
2113909862
878534211
886806631
1875145698
1151855784
733664612
1375735509
76177463
1604593915
444849612
1665894212
1211181096
1588952827
656078723
1676485782
1831976184
31773110
1818551418
1517819563
81705291
1349433467
1260989794
67679514
902768705
605830155
1447734563
275233428
705596140
270533216
860047068
1984686110
415663234
1622292501
1537139003
1283484794
553473723
1441563728
680716900
1970629296
749409785
1503277440
1751035390
1738331879
433918861
552289362
327058982
491696153
203094703
869610136
2012846769
2125751980
1422628046
1004284239
1238671945
2108893
928868695
1281568330
693685319
2080426464
1013140030
1191460492
1317076235
458119560
1538886695
1098913117
575216825
12093775
381844184
69113938
792252992
1238608491
1997270413
1430461609
1990656007
2091967913
2076564695
2126811842
291834565
1710562036
26752046
1486622130
1605959919
1448178853
1298947934
661125886
1542691810
903237924
1399422338
69032059
1924429413
1248644396
963356591
168625293
1062065104
1507487345
1663955674
338904114
1300651316
2140464484
1945925774
818526975
1621638749
2140337130
1010923939
1601451538
1015254198
1475834427
627363126
1663168067
953163363
2002656584
30702361
375990381
1808497161
1923297684
551863032
1433019909
296401822
1498089060
429125561
430381048
303109105
920179774
1103155822
640174353
2051462986
827507541
662014325
763990142
1697603405
1917483070
428228045
1010904692
1000189362
2055637076
363168215
1400181449
663439495
373854687
1786106091
1085300452
1389542255
1430717899
776236602
1183094192
287120215
208239390
623337391
22924406
1825504917
40212409
1811419471
1347874625
2134229523
1354147890
1957491087
48714636
1667240414
754904552
865443175
1144070574
1049019230
875015547
47902224
865459594
471730505
407416452
960064707
1497101135
258359895
724595205
1879955282
563337284
1825274081
981678155
674930004
39993298
568817198
307637981
396798906
787783093
649100829
2049441272
1213701385
1865324494
1698186370
1096187389
743125310
248058401
206357238
1318181331
278153403
967689535
1157807465
1187280238
1871473154
1190216319
1735761422
741561569
1640101144
943418420
99823810
1403363202
1474819706
498827110
1434688904
1689615617
437547112
1254540630
1052901700
1908001874
1496767419
1789179351
1005951590
1350390983
432119574
1856769170
1680347661
1816692930
82672301
320390642
1845449031
2107299900
207013535
664685186
1720126091
187466287
1329908043
1030610072
934136255
865017925
197079659
1801785710
1707044898
1648675776
1367031869
4483857
1277002698
977450531
2108035541
1226976129
436464658
327855989
1869228829
155454854
1256700970
2018188233
782473301
1899028367
958122415
16588424
821843525
845589348
580408788
70500826
801896732
621971599
1697370606
1376380627
301635564
1089433976
1957108749
975982751
156254256
268916412
1492528201
751939035
1696670560
2049881354
74797961
337154722
429425795
1363114124
39251350
1851023598
144086449
1624202842
1233576213
1915585648
317699928
2016794309
1349811271
549684626
1348774130
2099780890
459157712
397815015
165782814
309078738
1562131606
728410731
347194436
844791103
788592778
1864227226
136716262
1457153982
995279607
738731480
307541376
1071912771
1639898008
2134356308
1958897798
784899867
1467226304
1899852475
2049027740
852010298
516878003
1788737862
785183074
1648108919
403467678
1016194041
909162049
1170538892
506823791
2142503013
166982494
2080102425
950791662
431934072
857152749
169912194
301305806
43095041
1834939169
1783335445
1827888623
1836948901
154996342
1859232686
1984080085
1215164361
820493996
100961428
1567769117
903891984
968066953
1839258898
896412449
1837705559
1220079353
104726521
1666548407
877051563
142396216
736873427
391292516
1152130442
415680703
1636430080
556848473
1435332130
1997292980
1066454002
490090923
2016123650
223409715
219021861
1626804987
113919090
1575524508
499269351
241202237
2072692737
1956545247
624572137
2045333364
954965049
437461574
1199591851
302076623
1565975094
1881790981
910285489
2143742983
1294915002
1279621384
1707389598
877692678
2009204296
1151528512
1849696329
1810475665
563529199
661005492
952762627
1845003915
877046346
964503833
613398254
1065979532
543279715
880039702
494937309
376817174
1001527247
911455240
769334237
1960293151
346006812
1396104162
1229653898
461209846
969483920
485182141
680200307
858679631
1798805918
1842481552
1909126819
165563233
2079800020
1805053721
326389264
26804275
1135572692
1645508067
1172802139
296469793
1345789280
1462311036
159670289
1504602296
1163770675
469295253
1834538377
1279250577
463259859
200965293
744359511
1057737997
1871614153
1016290626
904837923
226474665
1841143336
376708117
1721227630
1154559166
223855248
1322426835
1219267483
352537369
2091852953
194996478
989032322
1280079877
1643919574
2116044708
1588116613
697962010
2016428093
1288188858
270435275
756012683
936926455
1599538386
1059981152
582633544
1098958004
154889479
1300901270
1191718010
1077883342
1960966336
1011914102
1514063774
898022418
117512809
1431037826
1789352451
1591480120
216662298
1688687021
211567442
1668490312
1969913
1757561349
1494129570
1379245082
2012049331
1577326616
252535214
504489095
31056205
1099403942
1836960285
1411306465
13005618
1777764562
1287769993
1609664650
46518225
1784850656
79209574
1662697403
1659945210
1215436248
623801054
1876238431
89543273
1215465699
459523663
2084063921
168137045
1170118707
262581207
1758705460
1908743892
2052078184
823368864
655756618
1422922984
110655171
1170065028
1486085943
322883036
693381132
1449931333
278891157
262307110
848543974
447297401
917659002
1014205291
1004411254
2147272765
236442090
1396547758
85367292
1681207175
1866658360
985390774
131922071
58192440
1394361831
23161817
1666773400
1541852091
1225690268
2116409751
2003720946
458293272
520675447
235813839
209758083
690574526
137627817
23324373
874034700
1658664606
551040082
1809356315
1136864303
1406123478
102997001
1113446927
642607905
2084321484
1795481081
1694441565
1002392915
298560914
565937362
514580186
297389484
1221779780
1420553413
1345522880
1053548431
1904538779
1579112691
1789339736
1206791166
1513452686
1192404318
846868142
109432690
1570985685
1224561357
1914408671
1105814486
2020031089
469105371
901099560
862924671
712759882
1315491788
1588433166
440197692
681485738
321340901
1897963570
1913366285
1428880211
1328595397
652693528
754289708
89287996
1928205817
995254445
235431642
83519177
140491955
1302203491
1502103756
853788626
262980296
1447431080
1009699613
1941962848
450782416
1086048429
1801892750
1338040786
1021482668
143519171
174215213
400814788
1746622198
1889959916
1055709687
162493182
531925150
1708801168
614922026
1687338649
1420641680
2050328959
1909588083
1079877510
666873018
1492437370
1740967685
720464396
654439709
154992097
1832011320
766961691
148296545
780642061
1320505722
782599756
114632814
1328777430
1525137046
45886348
96323314
1866561964
902597833
823801396
808775048
1557748440
757078083
1533583479
1587548722
1448541195
1225204845
1707566490
1053137649
560607420
2106466509
38949065
2061903107
502421719
560297448
120226101
212067149
1487269231
297224092
2102507224
2037610821
1219231021
374252037
722165896
1757649698
134381995
1608549590
289940411
172913810
1709603212
1291508015
1410817854
802142212
1610413029
830096839
1568352887
1781729271
1496502272
909869314
97895834
106666141
1866228683
1446962234
2092547081
1687132335
345290956
90605946
1130407361
1157445708
2071433535
1398397770
649363730
457830663
1734037844
865234480
1146472533
2146540619
1056996401
838857766
824005953
788237456
1874468722
1908300344
2086035765
1489090787
1035265847
1136325413
530304274
1336951940
747041689
1605334978
642446579
90589513
1654144316
278590137
1358280691
1092261973
1994062438
369166175
277749203
1101363764
1290861222
119839608
1876145816
588306779
114697461
236026883
1476605450
1145661378
1103751495
1485333460
1815275673
1851966663
2021836515
921810949
65125201
317609899
1219974346
1311882943
1375198230
1064993545
99292314
430764622
865136923
364886919
1868369669
1576057745
902316428
758359023
1733836530
476312866
1186661680
1063189230
276652460
1559486927
305037957
134961137
610013519
1420747066
2127083370
1860922147
831811783
1002958153
118776491
115431222
1883624014
734719276
1080759513
492654431
1372745395
1161383186
1690003353
349426399
615669722
503476016
1308676730
1376591479
1876576200
1812202137
918983697
1075376287
1551330579
1935113320
1529406550
198431391
421879797
109736089
1771608404
1327941330
1623623357
1166593670
561105269
1463090831
668307200
977854341
1299678077
1110068307
1634340754
435444049
1506120703
323332903
166762661
193566766
208293201
497818347
2091239844
1824816755
974272586
1072589265
486056803
1089486776
457307906
1070547904
1232380146
1097087068
678146428
1186087980
763072593
1108325007
726821900
1416696413
1136182404
365399164
522624502
1140060112
1065142606
272716097
379047748
329230522
1762362523
1361869086
1819833051
2084710088
31877295
1943677121
2118530203
638515884
1480258998
2136604230
1430198087
1220967018
1738608306
910261657
1135743819
1061539110
1366523761
290441504
1532875202
920804338
583628403
569226657
1479855440
2116332380
1444307373
1529716248
1055970745
1874280028
313644544
1206758883
598616826
264153505
1801105727
1470612593
1690862326
922098121
1072268425
234015286
462396386
1379441234
2084780078
522123131
1387774323
1570154942
1885238335
1534453164
1662969268
297293268
1898947381
1871303269
344087529
613971502
1269502902
951440196
1282483995
2104453710
17839596
1557497149
1055081088
2110648813
1208493869
1387294676
1390713403
867969863
51699356
1544294558
2045133473
1653324726
558377409
1279180736
7797595
528824586
157593701
1708044860
1899091712
747568848
1380615443
701856780
272701090
589110671
2109850655
1519701970
1737572011
742383797
1297432398
1316455489
1766418695
329141104
293686064
221846418
1713592119
2093572924
1842942361
1402427950
1188628789
1976208093
1684146191
832787291
258327450
888116017
915135445
567521192
474365319
1816818064
437865155
1887220692
448585690
222374602
1764014214
97430719
1058055795
944361288
1124771001
1018513945
397612371
1092410473
2002997563
1979339205
860754207
2057771430
907126325
2046129917
881547123
1706296204
2078226623
301204532
1184170044
1272627038
180093001
433533422
1835098608
881109694
1087919374
413297678
121531354
624407298
463665740
1362925128
723190046
253602999
545070002
1762731014
916449557
1229874659
1206498620
1977527209
466678212
1740797135
1791822343
1306882984
296661647
659377785
515107444
1963599355
80356023
1250848984
1449377532
47092675
781003418
843500349
909035830
489250922
1953392607
1456137185
2038165928
750003510
676649921
267973949
2101381758
243890937
121519742
1128705763
1520376840
1266898205
984446407
1986213431
24195364
258729577
1732097192
1827317107
1232426563
1105486552
1886203734
1547155154
239934704
1297906624
1269130875
933391023
1166566437
1747706697
807330009
1165031600
1453094205
1585657034
1378004026
1648244222
1694636085
2085182240
773640210
520677927
2080007204
784347872
435697095
1981393126
1325425957
1923997288
1675818193
1227506547
1765196218
1917073309
1927086745
1965996869
365773769
2111345399
1942659226
236039296
1420565293
1716140951
1314265591
1389430571
1749705526
57188159
1856525559
1083505334
1607411167
1080413865
471728750
796026948
688181926
1047092382
469777601
1036090006
1281231679
569025506
647053550
711601518
1799994483
2039794324
637540730
634305825
339383861
1973209396
157202939
88987642
1655676334
1365037393
233042343
216695381
1305444868
742838193
1250225528
547942465
1044377939
791726012
607789243
837080301
180822135
1659478024
1940206824
1777318154
221259229
1658668616
567481617
1676501625
1652724625
687376507
1348618657
1564928166
1579721168
148145072
527320543
2138213875
1460290054
1520382218
1103143364
1524554839
2109618078
1264340726
378378451
66714329
2057555658
1840436828
1240780750
850870441
1855292288
1803608276
1781196339
1421902963
278994316
1741328386
774966362
1918429264
728698836
2080008803
1014343445
547784791
271014023
533696026
477978642
1830105091
838225715
2020588045
2118214257
773164686
336063173
1880008078
299180868
941700589
1486577929
327636934
869580705
931007369
173783500
334036417
646077909
1873053548
2070173101
784504152
31057242
1128770977
1042978658
1872174862
683752111
2014450993
999271795
1572428401
1660793384
1618316300
1972024783
2028614732
37128228
1532888573
1587051468
1452548240
973890664
1954315759
237628244
1924177883
623316728
1753976854
1044627049
871504325
1318160407
1200771804
1396436549
489485867
1379383267
1743580856
1825620299
570535700
1907480829
118423602
253844462
560358438
484037217
1442061424
683013348
356248077
2105006353
1589607749
1391544942
432641843
505659674
1612644395
236199411
1068321852
227016575
1601791829
577631175
896441680
1956730677
1123553812
1142201981
1433961148
255439433
736498438
1427067352
732048359
1252076914
959002887
1108788510
286539226
1913902722
1361175416
1127133262
957362526
1635168328
1993080793
899963582
1511683059
1242928267
693290483
1047499015
163462823
1363808307
1975981388
286732552
1540587496
1755942670
1334046297
144890439
78302243
432952069
1913356200
827284844
576140592
1530743626
1170919792
2038928646
1282740067
1405119162
354628714
1530484142
446889259
1301404909
1363008299
1513079255
881169699
1207405974
1944104816
525614610
242025780
915649945
82217969
854594095
1040119553
135309422
1856358059
467721877
1324575696
1299075353
2113166132
2088418495
1525347478
1900393875
469764431
574746094
556922662
510976379
1490668526
853674730
1724152426
268446101
1573517123
537807129
955899064
1513630571
2115794825
2022512015
1421760292
699421710
1104772226
967665635
1861555065
2052506246
1531073459
359740554
958145131
1889103816
83622133
449259636
935969188
640152743
1216315617
582419691
1189820521
104690463
1717927504
1228865480
772461902
1343685287
1595909116
860153630
1890333473
104696522
463923340
2122893298
855530295
1842644273
1749855730
755090272
1488400982
194334892
1809576051
529416513
650871310
2131568528
1308067777
142043175
1950013355
360699269
456741267
94051645
1203206131
196767927
1966678428
804526969
495123898
1877828463
524700879
699275354
1814385212
588912611
1421730807
1945335876
1159452071
151675225
1980441175
628055709
1830948750
287599567
2121937622
2107892285
240825325
1559302288
1088730538
1486936165
194686699
390406702
1692694920
1195438225
364768964
1277702083
208432121
1364995056
332897803
466418745
1677929258
1943147910
1755866591
2112859695
614988451
1481163668
1963124111
1946208426
1996998850
1702272092
72722321
1006626447
82968535
1720411996
383421980
1978944772
153603333
1328082996
267841047
794839670
118901927
1076168769
605549233
1914833133
232942212
933436914
173125326
653803933
2043307275
1319881949
1872448259
105114364
1508528079
872025544
1418081743
1353533402
1410649877
1489399466
425574083
2094934615
183427374
918938529
2042361011
2124947256
1541265285
1857605030
527626172
190311038
550709790
878736296
1057051054
1639260661
1867127149
380133182
1426694611
419411716
544349184
1591608362
1128261333
1012929796
1080313305
1233419464
1639708556
1359485514
1970554575
2109017083
2077631379
1074446425
313037992
118357061
738048459
440476372
1112834286
945097804
2143634250
1849037272
104311513
1921055846
37389239
1439448519
1413292104
272850360
1846491544
1798427570
931326525
1210107028
2004495863
345410595
1666170055
628936298
1182915475
763934688
1310986591
115884679
1568327251
1768283954
104584181
1959027458
438297661
873357271
492634827
1852887466
593744302
1080631961
1913682220
966610294
1962576650
1018871686
805364259
215745921
1882564762
1994087478
608114424
888177449
1964935602
567678171
761627190
253089068
1411004658
616920705
1917064619
2130173294
1833458067
1397242654
1089296377
211623805
987851398
320510453
1762804459
1031480258
593952926
932095758
2052791907
651607942
1454480184
1629869227
2050586760
636963382
2005600295
1822155618
529955633
1875685203
1793199798
1408838164
574627968
1573919804
1720408277
507498576
878157864
13268479
1992822354
1422691884
332106991
2084215021
1605589009
538893553
373806578
684954223
1610154236
973943943
721540442
1990383183
2140680879
1580632823
1996051390
975408637
970287518
1573483384
1216067885
984872910
404325017
596951212
1527692838
554589590
1063609978
465659624
2008112914
1159239374
1917634408
731889852
1692612578
878619339
1775702589
1044314653
2024612349
1288377049
267944631
1014629239
1267080631
1682432267
720893543
1792217044
1024121961
985938346
685246836
974938101
1120370312
787919542
985552128
314339925
489212996
1661310709
589523613
1256368335
1859902747
324372397
236832658
220359894
1594378962
511594098
94530705
1168739892
452453675
1815263322
1252488611
953714564
764912167
1535265980
1757511787
635872021
957599157
195824085
1196393504
233811083
706410721
636821245
1137393187
1907395162
1647578566
1890956714
285364103
2145472012
2011700722
1771121043
1363898097
1824989985
1754027701
125010543
1193880811
1077786683
166960780
1094381979
1578807299
770234788
339709754
335936830
792346894
1200054552
1479097866
1087522892
1059059082
543085960
2007944201
1740485106
1052749379
805044338
1772855065
898712781
488551636
1678415760
726964041
1266160858
1990555356
300878317
534911671
2026544683
9844554
819858770
611189607
267498802
1190570162
804932444
163762691
1636542818
1370954605
1350620643
1067616158
1665939969
648297706
265613056
660430397
1294490998
518056489
1483644033
768148472
1840649448
1426969834
1143806069
261428321
1038864149
1679359739
600334051
254177373
629540255
710435142
39143168
1871114874
1859562276
1234917168
895892316
275856562
1069057187
281614727
115497330
1978556782
695231724
1597469253
1321430646
288261753
1119694926
1479228687
1774948668
954841767
95172942
992503106
2029516804
206510693
178841655
276024600
1398598374
893396141
560287481
347088473
59804388
91287051
233734072
1612320279
1042529166
1535693172
1127500131
1475508694
613286823
1843780344
300646710
1986937787
347958128
595570035
270510569
1248950961
1044261284
163209305
1562817710
891938417
1517959532
1041430411
91094293
500351222
241988212
1888952537
1130514003
182119463
529084633
1778705042
363373057
2067915801
140828303
1116198043
1235691314
58109029
1565575326
1101844278
954730097
689683749
505403456
1394637447
1702858104
510796719
1586193028
1295446547
1219209366
824795079
1270483161
611279820
1158245199
1363709824
1582706591
1983675606
1050608940
1750267877
2083409585
1153080010
804271970
574548092
1352739754
581441039
863065567
1188249851
2063244448
242262800
568144698
2134673575
518621612
947600079
604292772
854185912
1513676118
643263947
382553962
1087040097
267550957
1914835628
893004993
1431444757
1373952254
86236625
202124597
1459337219
574876585
1143783250
137050352
970288755
2142390903
1837264787
1870437348
1660298797
659237342
845231037
2097857188
1354018281
2091279854
849130652
806485252
1246610163
67791800
1791337981
494869241
470064943
841666081
1711409036
1508594647
595372036
682170585
210263079
571190597
177185204
1809842732
1431354685
436373624
1289619431
240096901
853571478
995655330
590778337
182074642
1410013400
145882343
760913277
944055979
887238943
1304034465
848034988
1136959938
1086198434
1874751222
235293010
1268382682
1009212876
684262588
1091033792
1552699810
2082384744
1836904591
1244557898
1594592704
63675225
1433575554
334659548
588545569
1501082130
1742109784
474575647
1903180601
1573493179
744260271
1835092002
1442487641
310895812
868160937
1179541388
1570216908
92105565
265553893
1691890191
209631394
1999571489
997008218
460423780
378265828
1815731687
1388247643
662564608
1744579616
88958909
619160861
1075450735
940735680
99896650
437005644
334363557
1284634353
1939133192
1799542477
868841400
36615007
1265766990
1563853829
1651944522
970669668
844963733
473806852
1447347799
1877346045
2132738893
978257235
2102267948
989221379
1587607713
316903047
1589333568
1577511488
586433709
882555368
337298554
2011202661
100625491
1968259163
1749818061
1295185409
905224877
1275608205
1140295920
1991724622
134075925
1655187782
1289403505
931823460
370025698
1917445333
1514369386
1816001146
1226895627
656088277
891339923
1255882027
1894208014
140401543
773220381
440055978
654447581
533179353
1648013248
128638955
1521182231
255622732
716679533
1277373743
1669875219
1088440398
247086415
785854096
1712617866
151403958
1889816523
1112301881
2054065878
163674916
1331886820
1295831048
233608860
1910479814
905397905
763268884
674974698
1593631963
2078353665
3315395
489555200
1314632972
241789455
735381571
1314312047
1008327812
810491650
1737036959
1570568355
1795934381
1365294881
1396855909
829335723
918671286
1431247772
87310509
719738574
2134435168
632849713
125375883
1736943429
1771601011
1325828200
1110116217
1695913730
1732252482
88419831
2041256679
1857741899
1719359237
1400870055
228033538
1166768278
752199502
832085739
1693871731
1059325386
1165412201
874188023
1686267614
1152799524
758400607
1274378731
1294138343
1827237955
1879338317
1101268372
763653856
1715551590
1803378279
105834900
1647479955
144440113
1586138152
470913942
1648475314
1419640094
717431967
49255217
2145969005
1500099679
313003490
1833447927
1434910269
308632346
1503875735
38179170
1920063395
844443948
1410020835
541103955
371507341
1180061611
695032321
95043341
2094306333
402350967
265364957
91673694
494830528
1978163149
2015614591
790105291
1578177833
1098116603
253439860
337107744
2061132481
1198696916
741404234
1941791591
1847941827
271329879
722178230
765502921
1727544683
104139713
1375518567
209495377
1393336930
1059296947
1365533254
687750070
880060408
1689306112
1638433625
670842912
1258946384
1793663980
437533695
340887500
223838663
1555108919
1255169324
40166130
582235805
1709621182
2030374784
729487436
183092279
176401702
2071949450
953273289
511198091
914518111
1245266094
286951238
385262834
2145022040
825249172
256097572
1845577110
1500047879
910436916
2045462157
2043021988
976017647
799938425
69174810
1757435597
426529490
1746559834
798617415
1381404111
959569014
1695133538
1654379311
742042983
1966164472
1960047480
106242908
1843760230
1931339477
1014634002
501912374
1913400620
234352648
758634524
801695338
1648279558
313081825
1725907501
1473553318
1560037606
1087981582
902899836
1157159001
660491832
1788734340
95194645
756609046
1237443434
1075208918
505446136
583097118
1877893234
2104206610
130508150
1035509763
1129714958
1082595351
1192681675
598216299
1263164021
1265434119
1938734582
563315936
1466968709
1519920086
1910519886
379972921
185050721
556520756
1278569818
513580117
1248337118
952009058
2073383872
190979196
684126764
1800706807
405800342
1964691894
1263811073
970421368
1601574674
739053696
618851095
1327839695
1454530974
1423601805
301076916
1488749351
1301421884
1947113810
452623337
