582886406
811018483
888010323
1716841010
1850091744
82509263
1146448402
1430104447
1493189399
715115069
666878408
695305726
1714911887
2024052827
2090969010
340548643
1478846735
149787130
56332066
651808396
1563786723
569891875
361401577
2015586546
229223416
1868316671
702018932
178694181
1253443173
1302408810
1601681902
1888705270
867968000
1064591621
1703070247
367467013
1114676622
1329759109
1905830314
1294179761
1430507132
843053948
14550620
1084082701
1737527587
1108131073
998439757
34475171
2101165823
1115133804
977981661
61224010
174989491
1608226034
1113504247
1954193601
578075391
1686006718
1758515241
782264979
1265835025
1000960965
975136079
1491267130
2006450211
1393606265
504212449
1926349301
1350884666
370169249
1461283043
960351088
21557355
1288002126
1694763980
1109942773
2045346504
2056723945
1745159736
1366183697
839382671
1339553944
1734698955
925728847
1195894523
23688896
1615756711
564610436
2131370156
426958650
550609973
1831858792
368790661
176771995
1885428506
1041627265
2027516674
44687036
993427345
1431659305
850259692
485627753
1204848196
641831878
1331716901
35023530
428602526
735153742
1677480175
625487797
1353365855
878734016
1839857662
1910626194
1519630777
569038412
1712660696
871225631
154968437
838422871
1767488795
93385192
999898926
732836993
1914140648
889926723
441600470
1048982019
267024548
1263392594
1682863443
1486666613
1696159787
1346092323
439443212
519923016
1365809943
1877511102
1682235876
750029050
437273217
1847362500
1458745005
224139272
757156057
760996859
750849088
1456776218
2007904494
998931561
500324721
1568387061
248826433
2058288703
2109268608
1786814010
584287857
83051913
85190602
2144181363
1886069927
1427066249
759444233
1773672271
1545931136
659745306
1677153684
1593952244
1720626288
608737365
412333867
845080714
1991754989
634923409
188282482
1997044601
632673132
454947768
1329498589
977613058
1004001743
1960317369
846837273
49381381
1511024311
1868020862
1849375877
679765815
1463177708
967183265
1708346387
734321130
850448991
564111763
577982471
1166738997
117711955
1706343216
379571471
1319580719
870427740
769496848
325537227
1826920285
156066880
740372861
1710790960
1053652429
274615718
1331328515
1081020822
1105608514
2002489442
751621011
1848933116
1812596260
1788896794
732015046
443769576
1785509314
479443860
1512675062
70327788
400383322
878796764
1385857263
1920276764
2138088965
1780084039
1850291541
103881170
424107453
189591828
820280981
45057042
1125487867
953992629
706522883
1131751090
1539986898
1103557851
500023598
275623690
1517649547
334322828
2111110955
699482777
281373694
456901858
637699419
1172452442
1616387594
1960198801
1821334855
927505088
1016706354
769621495
1524932488
961107033
1477277078
1495355195
64917670
1777010555
2050081996
716865507
1647978864
896583801
1095968563
1525760639
1509916432
1966270492
309490894
1457311257
143990252
753987238
134884074
1384358297
1698022495
1655598087
725814040
799547370
1465478485
1408708557
763327851
264866390
4338309
1205029772
67525616
578624360
1671039522
1637522304
1337290719
754556089
794541575
111360878
290524068
1545243659
1694972725
711735597
563353244
1032003183
1904582163
112161910
907835812
34942020
1663097928
2033298429
1480291600
1352684794
359754203
680002841
863576546
660691220
531669820
2021013168
1763221828
230815545
44911755
1510965557
1118970455
1300830451
1906411655
157176592
641186826
988696847
1812760176
802999503
396409033
1256604452
817948965
2119637621
406241992
133135875
1596931517
1646779552
143519182
1651078851
2016976475
1853643413
1468060285
238390284
1320193944
1774986318
798806988
1748492652
1529157295
1900444352
1841901022
253628889
1231238497
933775319
779706001
711652367
1295280642
362798896
83749763
104739676
699509607
872084493
1194663172
654639419
1269197622
1289134835
912363633
1102325754
168497454
576076545
1520171758
1964415492
1932547209
542207446
945315702
2056362359
503937449
707360415
1613570379
848152646
434957232
751107099
2052036517
363794286
1081298087
2041923283
2084644809
264729487
140429262
1792318036
1078687825
1472092728
1791626123
1427462137
285197562
1413493639
1830145981
1226619355
321877271
798527429
760024292
1168502413
468275447
2056803162
288876707
1515591658
508723332
1610120923
20510264
1348693545
1113500831
2041953305
1139341006
1158346654
2017964721
515841862
464299050
112935566
1742718759
1403405028
457503747
1194663456
35541015
1823377340
1829792327
703801209
317255785
231330400
22236219
2078858176
1575826374
1578857329
178638165
1510488398
1953699862
1516979556
1502951220
1881735319
1465075883
1231227330
1915869908
166889010
1044143772
1424501928
1726643109
1696160160
335501112
294663310
709791365
1251764655
1398528381
1295289373
1655504400
1434520
1369159640
34286
1963513741
426609755
927071809
1500923097
1716673102
940612425
305711495
2093279866
1110726347
598034727
907940198
2025831636
963820294
1182730041
1219010076
1510478337
686500352
1134415839
966003867
1761782330
1927756687
1752763362
437534963
29418433
829337507
1416595811
719258953
657110751
397319173
195025460
2021571485
238758152
1364177342
99312643
116551613
2002465399
1590889508
982318691
735864346
2010587619
1197204897
1514823653
1743474253
1249431363
65232992
323365174
1896407299
1997210638
1445297266
1112166621
1098075028
1310475463
2009221757
430940208
1076760118
658861137
59199977
1379789935
887094981
847650607
942416071
945793120
834395553
1396033872
529329790
603501219
539768850
1732792859
1457624677
500885251
1736279958
1950896392
1479273007
870344718
2007180821
1310877205
1679921222
69371183
1148437990
1321993003
1091088284
1249276513
1183116033
1983842235
1028657118
34232139
800957412
1355076721
1893361939
484356648
1166841833
1240235712
1196838169
1493626957
1981230684
1182438999
570179720
1898342480
1429812554
1776561497
917165336
811209502
235127026
1409507375
692045446
1654034954
1842672038
820660055
2082676398
1843091838
1934577365
888307321
481082718
1478380353
1237598026
1399765063
1623550496
1046849310
81464085
1936503588
1929742580
2078406701
1549726753
188007992
509237322
753905435
61646227
1348992615
1252236242
1113688246
1343834311
1870236101
1384517042
505933172
1247354403
1385435316
77748844
852068828
900557438
406960699
1358210322
174476091
735226435
1630353805
483750625
575208877
913939149
988833887
304553847
2067768577
1351932203
688354513
182083417
272146261
1158601670
1193379626
1127011874
1253993651
250350349
761057079
923295851
1037210191
1327365163
243157358
736615512
113854579
1963815673
634639797
320925255
370821656
934987047
1160967080
1258607353
141452319
37668723
1948157953
1147095150
518581795
439328054
681077873
459622838
1139377334
1288430843
1333736801
374743320
1579434242
915794571
391211079
207373582
520660139
790667315
862219145
185864190
1583208134
8525317
1618855885
1055832875
1930143760
1483843588
885588852
1347884726
1249512631
383910232
38493922
811580729
1454251081
1003148395
2033390010
1593418134
865679643
29894286
1646258192
650873961
2004784685
1629971446
274827103
1146439585
317487491
787682794
1996914551
1044007232
2109882235
530610689
504283508
1657838543
849521237
1025368563
1589339674
1125712934
1062265819
1459523136
938048784
1010050928
1307166510
1401250072
29968982
570180397
749838483
102472918
77728796
2050856570
199562091
2042293125
809022942
852154145
570890954
219659967
988661839
820746046
1065582276
1790766129
1809827208
1150096415
1707065052
76112747
707822511
441338455
42579784
1415016772
1476743068
93220739
1602472352
1001299666
1751864072
570901611
22058915
1733014964
662253035
1932709422
376467003
1060636655
1896759172
34916764
1777944565
564365107
1052843085
1403177220
913993772
1010535702
650591530
1404482514
217736099
1269559115
396806771
81493603
466030318
1878838099
1922067882
1573271650
714399822
688183368
23510733
1562372022
2067393592
654661955
953339853
1349438875
817590647
349706108
1942494543
42457347
1951334622
931324817
2056533656
1239565925
661373527
1397622280
864008959
1837933629
1746716561
1475507314
555582379
1809990499
858861413
1568155241
843997720
1800823799
267870898
299232914
1705882415
823024541
159405088
67862277
88979290
1282929265
1965006206
633868303
907650002
558801542
256558991
791392471
379181061
1476753666
279798104
200732215
1542169428
636279227
1134653475
532148851
448042109
245350212
1449550258
1533160411
1127296269
1447463840
1212678412
1797883239
1728575457
271920743
540968260
2059363624
1356376540
1191212861
1441037662
481320244
1125273797
1138141150
766674906
154060432
1179797729
864968234
1391042731
2130128270
1643023196
693665738
325388061
1284260026
1505824580
603846071
958811582
878399426
1164387546
1075082861
149361058
639168822
2068171575
455692667
121927929
992593943
2042327512
437917582
1262600051
1190710794
1857216591
2034799735
1226283748
1902593561
1422751370
1273288654
206555743
1366039935
1845625169
840305096
436040449
771418408
532005468
1043767413
934284314
145650139
1217544040
722053974
1199254254
1951137754
1989523943
63170892
135189966
2102102627
1241855264
1714899560
1530614221
1704667911
1531381131
128744629
1683515459
792205195
1751884362
1704815028
1432258866
1213924443
784221610
596017659
1395843706
1463360872
1487369122
2116789564
906182044
1423764143
901113657
129500336
1133833322
2121898962
1112384241
503959148
1889892206
440441156
1843154114
401115017
1924742572
748629658
1903144637
1597032376
94816802
1130098265
2018094940
1198953603
1845494870
1280048059
722548574
265631222
293262643
276866896
324948778
681485188
1370556467
1818896588
1908139305
1752023316
1405319635
832672711
2042396359
107583587
742157721
1077482593
1921741219
1461743812
644307921
1658928931
2007404790
884514084
1075815709
1834493633
1514340590
1332599735
1682636472
1501172148
1662653482
1894238812
833643045
37799163
1352494198
754577364
1170658715
381374999
86566306
389947356
1609936898
805454383
141849490
1304153893
23711933
576308194
348433914
1238496908
578012281
907255767
303462393
1662814612
1402492366
1343923325
1845823275
804797476
707452895
1764588672
418323054
799837687
159782505
1355668705
859425824
552760598
859293397
626508647
1936844899
407986199
798736555
255388634
1453022565
1218142711
333544002
1559218052
1008545910
117238768
1765719687
1873740862
1799148018
1476492377
355067412
1995873178
477689839
1277294392
1827747687
1844080739
428928266
543163163
1289594503
272513288
618640130
1352557904
22035467
368879758
39382357
167812760
1994463694
1881297664
1732571778
1701216724
1518689913
862829831
1092950709
578055782
568227935
1220231548
1913194145
491847098
517348360
787379148
1849855187
1578989653
1173945282
1712680
1509318073
2009057460
197923873
1552862134
1220589387
1696257059
895107709
1875526431
1454105820
1513084772
984271560
2010535183
521005256
1121231852
1541759526
121459762
76029281
1647708091
1403809169
754586154
2113046222
2125859058
544732248
1839398233
1941825631
1582817626
1615563960
1560009544
1228951768
1681212627
486621661
1750723028
975834034
1467809239
2091365981
1726602861
889561630
428686965
101943932
905707979
1119339813
2092190950
1426255029
1765604379
1990034712
156481142
1730102242
1344239336
1945123380
1406162235
1529428837
2081154940
1756286676
623464777
62777490
1284971703
706768416
127875597
1583270991
1074547546
853767696
1946548186
253043281
588120560
724598074
1581094252
1300795679
1078887434
1013186538
757151141
35560098
529429018
700543815
767748609
254041253
1893536861
1349798592
2137247771
1334741152
1804357314
313766379
1076215214
1603511920
650498177
2006067475
1581084444
1924627452
1694171955
2119507835
533993416
713174293
1273184119
1120873584
1851971214
1651500356
2067296971
2072819840
564227361
1988847819
296852275
1692712093
190380506
256632501
897679083
1672522340
483336160
926537532
1513004656
509019384
149063979
1079041455
121519561
1027561249
1772935511
435609453
1221024830
925649137
887060658
925419577
841781220
1329596666
615647808
1053273449
179599566
538366466
44598428
1827896330
1239869524
523281306
2136692439
222807881
1230572405
1376800891
1691967005
1918071021
1955407343
495052906
1157512456
142547991
1610806354
424135333
787147475
1887117876
1397477749
2142193265
461749631
598110891
935254030
52200716
221739248
1440288539
174611671
979273143
1287271208
893133969
1900042899
220086942
1918205762
485116547
339771611
2012032374
1304847835
619380380
1694165601
425181370
432048684
851323611
1825304937
468182090
1440064715
518067914
928752216
335538234
1371864095
1023959028
1309372346
1532560034
893408856
1888384611
1307642536
227201600
644163680
934028925
185221480
1152255598
713730681
401869640
1130740045
1938581021
812517273
1394746387
38984601
1788064424
1953108991
1965731293
444841516
925779089
374314424
508342192
819654117
1796279158
1376560673
2141081735
2004100060
1171973880
1377202435
796639849
207776773
61669504
856967
159198759
326458308
352219491
1652480120
1621335535
1240933940
1034785420
1980492534
633785928
653308153
1943584026
1644043598
634991856
2138480589
1329638481
1573982259
965693950
1135626269
207586606
1462079993
1922816837
536687920
656814963
742399214
1375228875
1966668272
1377436902
1573988894
637598964
1018621528
1985746278
1908314946
1127778540
1276091893
1712412689
686659394
1614888434
1444130744
1147717943
241566033
1168861518
54938065
565044377
1843929431
539134031
1249534583
1776021202
1353991232
1168187507
164527565
1841487447
815206181
1817190057
1208039436
1601007342
1679086269
233833921
131739272
1947986337
1687118947
320246652
1830111061
858429444
464206623
1192368666
631796943
1653076926
627674092
1369614
1502856327
1675697890
570449855
2141468416
173864373
1597272431
908539002
446064696
1069764559
2109191089
888128328
310607259
1539289484
1278205810
1299451122
2103986815
1970829012
2102305028
1609659378
1576402682
1217542544
469647354
362035006
187606866
366836125
1516493412
727111949
961700061
2019110530
1468465737
1104774388
1239304280
1648647488
1378741262
389357137
435601617
19864219
1863674665
1281956941
168164392
1858537678
681918125
1612418921
446111327
227254133
2062707298
841787455
452751377
427503790
1479038362
1980578776
2085031339
1482975164
1841388680
2121629210
1088658118
1338849782
804115815
168197785
1919093107
881229122
762035983
1980063154
4009758
562235972
614626401
1727914813
924196014
1820114611
1862298719
1071416458
517628931
1990383365
2139954283
1614390546
1262489878
1259305397
45866668
579129347
307987709
1116382524
223805420
1166454580
1094272802
1620253220
641495895
1333420162
1400750609
1973705496
664704933
336839743
1621178668
1553043038
135577060
1703607926
1814346485
351781659
156164726
1732348866
2101217144
232428522
346888938
2069227670
80926452
2022765098
1802087545
1087399035
1277512150
807590457
823723507
2056784130
281301417
1323455717
2077282982
1543465650
1327119714
2100463342
1271338102
476677126
1885430547
1833840724
750566745
2104187455
1122646988
1217701959
1764741117
1828579296
941039194
2057562017
642581722
1672641940
56599386
1204506823
1549479992
237080563
2054703354
1066987586
975148952
1060614058
1773753978
798611527
1315893543
1329145405
456540676
1115123215
1572082671
1703402694
776948986
1096126230
1578556957
700097663
1198807006
1175504778
1536568481
475453467
1393978686
2067584143
1661729016
10044173
431220701
1240152316
1822320869
323220412
1177859178
1776859839
66953134
1467324690
1215192246
141103588
1996339846
2140114096
1674830624
1828387741
1180975574
1891555130
631347565
191909792
1876587250
925685473
704694046
346713722
1449722535
1538610914
1189078156
1227386815
1278502410
141505623
1136078844
1607719675
1231963928
461267365
1709226486
212052803
1944664217
1502159434
99843311
1585842094
874828165
1684970042
1187919131
584820287
560055093
406457653
1471540723
2102499451
637271269
718414285
294803686
538009570
12512414
299216330
691009917
1472639251
1774033464
1874314096
1634532039
156597240
1177948748
950846604
253294022
66011337
895237330
742066567
133993899
529588422
1466197041
604764025
316138505
220316346
115957226
1975923922
1029728381
50180013
552319647
1057445992
1381390149
2043776116
624721981
1496911680
601678825
1766605972
1299271694
101786833
352839119
1994397376
1563556180
864656452
107752548
1583297985
588605811
1353525698
2065713061
244819519
57472793
439650619
1924719172
1350020224
481397392
618873038
386294270
2024350678
1274281321
41670167
410610320
455282403
1397811343
1485209334
1014630794
175284949
281164069
252007005
1778014618
350839152
89184460
823070679
1959089643
1988768729
677550488
33491911
1907311913
704650004
54413547
1383991395
26034215
1098253270
1038660781
1931587846
1403927938
16380526
1778923098
1883166342
123786897
2045080069
622595018
1784012450
985898713
1650841071
1536074882
1468911543
1697710938
1834371705
1250711665
1851804762
238720749
148026221
768107240
2087927034
544183947
933685672
233334562
266281391
245786601
1790603680
768469510
37728551
1502103211
1383847894
1654511276
1302903250
1358178466
1524665011
1405863176
252021612
232753270
1140901683
1756931459
1460127708
1667216905
1153094500
1001748831
2072342693
96976900
289181784
267307486
1785723525
1726861554
238767539
206389557
1255785998
970570775
1666694009
2070346088
1009643968
597562084
933607824
117698645
1224101578
1145046791
1074933295
156546272
1311516365
603279259
1969863128
1451294330
1339424449
727600411
131358145
1299101320
258781215
923399545
1512053459
1595186105
141943173
435221481
1945251455
313778436
1677577066
660259897
120004436
1953601599
493595662
973039816
129275210
1095402963
1183228085
606685735
674359800
2067842620
2021113517
1185117763
2142382131
1536198384
1361242264
299256858
448632124
1344276728
951972213
978211062
1519911497
1420813433
689738377
1709852637
1335362582
850704934
1023287388
1735054060
761844901
350857794
2022814260
1222031266
367233746
1132295138
1302164617
1456350177
1645757854
247735216
58747250
1603092342
1134820598
2000051575
1834641838
789935587
383601603
1771032166
1647816179
309736111
475113142
1542409866
1547755728
1918205267
722629742
1309325351
237171441
1887363011
1657825781
2009874078
1688402631
468562904
266429410
95051342
1011361932
873958134
2125810586
1429346016
1846306012
993311209
948865644
1125269661
2058288657
972527318
745106960
1332092913
2097006129
1886005460
78086316
1444948814
108578282
1634848558
217707688
293349980
2066657479
262824253
332595198
987820959
2022174059
1529764277
1292366375
1572291638
43365912
798380327
281077335
2068231299
1093526844
1148243749
207413574
1866753084
1748424147
1845547134
553630250
330869847
1222445819
540930169
1979653295
1568568766
1754267908
364866712
18734371
443312077
508751426
327583089
335004484
723944537
1350437425
374072848
1795559396
482662290
906980052
1171815677
296557707
1631725428
176938068
1977901108
1021047455
817131695
107462926
880377114
399873994
1713547822
1600716743
649449662
1663832372
1133979511
486232165
2047800897
1034074874
1783210483
1741156668
1305154975
1228007356
98063674
1676908146
234482558
713846280
378668421
2082157106
1848164903
1750476490
1623573854
1178515658
286759751
1402500415
364231285
1718057048
1321205614
1815533197
1901332536
2003651634
1404818412
2058056116
1678183756
1384694818
2127430930
1509526254
1167749619
2081112135
1485664134
118440947
2081740114
827450344
1229987281
1419922728
871879677
1734902676
2130207573
1392218933
1292017534
1028909749
378805509
1532640095
1946741522
79241111
204727514
1148617856
1408001354
1483404100
1685151858
1086217304
1969841515
1246624167
1261390687
1541199826
717265820
1867268811
580330215
1510570754
1383802412
1125081149
525463499
2000363182
636753694
1671495608
2063185873
1387261827
880991222
2137733428
648263511
24485649
865522110
1697703143
552336949
1748063003
968043214
559650054
1025404013
976973366
969439540
306444252
2066765802
1443006612
1145770764
987837599
152639492
383530624
1597484623
1274339468
896573570
756159814
72180378
773155435
1850930064
1298226596
1012492146
1673746061
567399804
220195889
1766685922
252938419
2143801031
1727377441
1793094922
920331519
1411861965
237371975
1312068236
1180559205
467510544
2118304202
1681859532
1966705449
2081242167
1831738669
1863270198
846205969
1889145015
1836037093
2025154284
2123602765
2066736666
46537387
1523416741
759431288
1570321943
1774309853
1355474048
1309060978
727688481
2100781074
2007822144
182698738
1260260717
1801683016
1586683288
1809824731
160268934
542604991
575755670
7594770
860389805
853423295
392177550
1496491021
490764256
2010493133
1752987628
1738939523
1993861918
1176653972
654574920
559126725
2021174111
394572029
1258662042
351136740
839723726
901701115
135061674
297531276
1627798688
1771546369
1343811211
79302146
323340795
177276857
1944025910
1276215387
154935823
1772080832
1470810547
1116190216
2039710216
1009723759
537191510
390704718
215724859
850367670
358698887
659895165
409060734
92872671
899016353
580024570
1060040287
2065283059
623988732
790585120
1959287387
1786992991
1464897457
1147331694
1492323491
1073634396
1298790428
1314200294
986452683
1316398931
1718622621
897466056
640666110
1095787006
1381923596
1724230111
1322638075
1648894925
647280020
78619314
1382475615
1339657926
2048473129
338812252
1328643687
1133851885
940097848
1675519303
1249829826
450212720
1218199919
113256435
1197286321
1310655955
1210202567
883422366
1869100705
1863290405
1108589880
1904116269
935194391
793125098
107303059
1202582367
1141446773
688819610
1274975421
421284352
129675327
94173997
182056799
1699325731
1244149499
708313463
991828611
335937577
213859348
720878408
1742265659
526582288
1435500955
974328592
1018451853
785838002
2048358343
1171460321
1938581470
1866510462
1617102312
1863331560
1416297582
1350544884
974063911
937679224
1639158940
1379259862
1133385342
1491200229
524305172
1856313636
1653080127
372494453
240615770
53517887
1399922361
1844910436
1408871562
192104802
1734783739
1448983404
660412535
2132207868
803539012
514677354
1257777153
1084362502
370485817
585621295
1002870304
1184326046
1323265960
1797847574
553229631
1199946910
2106973348
1052041916
549212731
1552047017
1305884647
423432762
767239768
1913476949
1800773699
163659226
676894247
614133606
1624449528
708585864
632660963
2077505569
1790535308
1397519010
849272146
380022252
471218846
1722432235
1886848411
387326122
425440417
1930759000
6579554
678509405
1435496809
1255508689
1489098057
406752247
1551420375
2096197449
1694302183
2001968029
179348934
1821061701
874428502
1314290119
1502118501
1733489989
1350220410
1673153377
1419984301
172644574
563245908
2067095478
1075646001
1113269756
884582235
57114306
590599880
1741241754
779963956
45137974
1654066749
1971664292
1620379383
140146981
1301647530
931576268
918425666
1339370597
1978769083
1529033607
793649870
327369772
932536067
924447006
1642297918
465264779
1427180580
987228094
276451006
1172244028
164323055
1852180804
250796208
259754814
1750499027
203106102
907523966
1234369746
64179983
108027356
1639201553
55001686
362725135
348416593
922097994
949027887
1843233396
971244745
1877186390
6591544
1831083560
422054436
235940619
766915366
1649007231
1840460858
1541105233
50557079
886061771
143884558
632546574
1178549353
944172169
1899697231
213067038
78999632
1628151245
1087216955
1593507501
190895605
187238932
2012658296
1250024974
1573969538
601395726
379470845
1478030102
1233286039
1903266542
1606456598
902824197
1464729640
1135816589
1077077987
1098923147
1161227032
184847887
2078870624
380605596
1829618489
1269969727
1628006739
1420067486
551829503
1199560630
902284118
980732511
526545169
84342552
1134953122
1341245829
1159159459
1489241900
1387085650
1021135719
922785324
1087723915
533381750
2039784565
1086480253
1057438739
1405478792
186462082
401242833
478086710
1844317676
1432819004
651421640
1245682295
1509078075
1355801479
2105064782
1690984197
2012728445
1937622843
601937426
437753970
1214819278
176421695
1567065378
502841958
712476090
97907690
698722761
346958055
127852720
1392506657
609970669
507917416
809565583
264484138
275574844
258810514
63152943
404748370
67977832
1344857861
1750693092
211448080
1717043544
975839020
283610552
510509357
440990581
1073952686
1598605400
1459429260
300787823
554786097
1787949184
672075161
1406012701
1453241038
253555193
782573150
1862182656
2109053126
111495165
1978845001
1425254242
1563117885
950424670
966611105
359112698
582306004
1210895025
952178076
566523700
1476386274
1705285047
752170386
1461688179
1832009994
345313521
1362076912
2124101341
124928839
1226443009
457013240
893059946
1183070934
102949508
1407210576
923860931
2145245689
1088777648
580788197
1437480673
648304293
1755070527
2139514400
971063958
444806221
1326867777
1630397215
2103348045
104432490
1825228816
640684470
1993831460
735725213
861531865
1633264082
382965972
1439450139
1522575619
1096099080
221676883
1350928617
1772244155
1962885180
1001894155
985187267
220000232
1905827810
1814104007
1725210400
634502925
1649021795
583986743
370790180
1640950278
292063853
287203876
1744939973
214111504
2015764424
1358025676
1755340866
1832199615
1098652233
390461142
1589866937
2121005892
1161892043
1487678050
772514399
1227389509
1768396565
1807446236
1155869265
2098309212
603891928
739978839
948189789
1783910317
1677570587
414555410
994503341
1790763783
1691671480
454827436
1985814003
1798617333
164190329
200570615
1693247713
1138053312
1948961216
946407987
1865125009
1092882486
1472990789
1792997737
727696038
92768920
1031038496
1973553303
2049875448
2074988861
1416606527
1148019448
296189968
1676435796
1763784568
1063575253
1439264254
1846650301
1193081025
508108691
2016407102
195094847
1217726468
1864755518
556663263
1035983746
116995818
1121268885
1186513835
1807284494
1012994685
1045922914
2032207505
1461236613
790863568
2050552853
563361295
686649269
285083910
1326688772
1363960980
1406386228
2008609126
201514316
1578537825
98569890
1415991390
654107068
1964629134
60057554
1307568515
1667959936
108916316
726802795
1011649732
133117892
886077935
693182544
1720056525
732152471
1464268331
123050354
850838503
383587479
190955391
1643696272
1641431058
1212914262
962546475
460227253
1306311582
1030718270
708642792
1453865468
1016535734
1115825179
1703376405
1311057012
1084498387
1581281753
19064250
1744632971
1867915516
371171326
536010403
925312335
44633275
1331601509
1588471735
660086535
1945558733
1038151773
1284532152
1982417133
1445996605
1009282978
1486555722
1696042655
259904078
986825747
311241971
600273969
1766157958
1567507412
1019257117
620462949
1272135356
1643913150
967907493
724250677
1985032810
668516048
241975685
1510310596
335890226
1275215712
1478999163
1820444510
1134702113
2126898256
117022621
1239148118
575956349
1014885564
2144112576
1429458083
402322537
31234986
1880263325
2139416990
551812746
1435990731
968865604
108143878
1874240224
1525542395
523595154
610216822
1808126378
222920120
1716876109
780068760
1593612891
1469471297
1049142851
923462950
170244990
1659778044
1512693333
1943963134
1961192344
571584423
1610551581
355771295
1632849511
1758781866
2107475609
227521862
1118746134
1519178437
705836752
1331164591
1694313708
214005448
1635973764
1472392946
216141326
511682482
341485352
944657074
893045959
1827046089
1652276862
502017351
1464691189
1142818164
1160750497
778448885
1382428661
823392472
1565308878
1606247999
960378438
386180760
946733106
568718023
363266551
830310186
1027086808
177847333
1213339992
1894162548
950163778
362281850
1985511020
208128034
1248494074
1486039001
738521008
1502053176
287222738
2029997961
1802196325
604331500
890696874
1294128039
986625442
1538272639
1387789801
1127779133
780748436
1414540500
385768296
199200706
2104705979
1260891088
530777184
1715104338
19615977
1023301427
1280147044
1871865182
2017887530
418006780
876249138
1817636274
1732086652
932030358
1674031513
530917833
1542350641
416120571
1523760024
42922110
940097168
1459075657
1109187589
1289453284
799352822
61244093
2011611299
1544100448
633321517
641085308
39474081
1336730777
677677863
1320209469
1632949683
1906674351
344491343
2046678910
754632592
1500762262
1680801627
449959447
924314136
393851076
349104219
493809864
1653814360
1189090122
1341978639
395712766
1099421141
963860665
689471925
554132297
1596589221
1060263714
720173269
1450342040
248605789
1116930774
1911183885
1573982468
804666913
1886732930
542451662
1112619438
1971800315
97697788
2109375056
86307642
781620299
472203786
595756728
1771428614
2106010748
1868863083
931777024
1643309377
286755703
349942423
544282151
2074615209
582062336
1730902490
1411217644
396021658
501020009
958486364
1956295254
1222560240
138070671
1200129373
2032991923
125910871
377944607
1209786163
1043841025
474315291
266185136
556369073
1187492072
77389337
952184923
221941184
1802211728
543711108
190971630
59742852
196693439
1593899080
1227995983
1445371164
6818436
1892807095
1983516627
1814192902
1289875046
2102169781
1887990408
1959453207
1095334596
633472678
1728455730
460420035
711521067
1080001826
1751741448
1719100041
1926592444
2061627758
803583842
957313084
1770772082
1314254819
147737769
1870721263
1593632416
1241268778
279595842
1737128528
2021708385
741219535
532691863
300474005
742863128
1567013367
1063520756
1773810489
27934899
270470190
1171575894
1881454511
1315675985
1724052677
1402599704
951806400
1190318311
1308638673
743744894
657251643
273686526
834015383
194315738
513001876
1605437903
1043664427
1775666786
1749873266
1946976839
155290455
151018225
949582209
1218106865
599074467
1304556020
938588037
241618008
2104421968
152732904
2077217207
1446839308
108437829
1003587714
2010199036
1840907861
1300616205
2007324013
2026286431
119069342
299251222
888892697
908852099
354088292
1471087507
1454220243
114207096
456840442
294914779
330546710
1186262716
349610991
1421016281
56040779
1609439442
152375096
380213526
1861338751
161182063
1730489370
1137470918
1094485048
562984407
1609890532
1911291745
1927549309
81639127
524406167
35976807
1814002374
1719454259
2035835070
583386071
1825576592
260924333
1880027510
1519618638
583298130
277887707
1063174367
1979045771
138693450
940963751
336223622
479745841
307300541
1556550093
1464641594
1810991027
599265533
384421246
1566164479
1306768055
799541491
1828573634
1187546176
844550865
1056567070
2068096533
1833233490
822201773
557331312
361179520
1904198087
1835559857
2098109736
1757325077
1693560570
1182256056
775962460
1977871447
2090666145
2069073473
499147273
236150714
376561008
1992465219
2053625383
197636202
944348516
1490316167
1848461844
1354974142
1947117643
480575677
707648733
1157042141
1375556043
1913222615
1088958878
295576678
1293386628
1205693135
731600523
63021548
402070815
2047978229
985948471
462118044
212116528
1310608970
1571900612
1162331137
369514598
764761862
884933527
953775810
1049294683
364283256
739595650
233646744
1463964702
798969894
1195601284
1451759928
1864967506
1115307589
1080447219
433729372
190138944
1105918103
868973562
1298385168
2045728920
1920185528
1284185347
403235444
349220174
1741424039
1680781079
39642045
427029673
1745459339
1320885282
709193697
192262751
1327448859
1261425241
1568499256
560845604
1645324897
791312055
865188710
141984421
892808453
1344961063
1234834375
654934741
1398268346
1491665803
1418651420
1766515637
299465920
5992064
219652553
2079151489
976759935
330344782
1941624367
790509629
1158125800
610453997
2083693304
1803576559
362427421
1604872624
1362482652
580177113
1161619336
591933415
1043043101
1253294385
1612841876
1060213408
1946331955
368096454
2038370316
1653816036
903597752
796574759
105530745
1904939046
1523927158
1004622437
617874623
493191224
143714472
2090593029
937556653
1930819653
1103188806
1286588861
350900442
594915420
1163145711
425093986
401673176
2052299927
494515541
703768373
1089844660
328649576
1459709373
1926224163
1096638547
1880735931
281392898
1726280103
568214843
415877295
1508729221
498328648
1332387250
972829168
224605808
1807030016
1238198576
1076603270
1820815970
1518640341
828788581
1426331322
1507732654
2055867598
358086929
1787166986
438896394
991641091
374653857
381758065
1572881337
1111790014
1830111134
1896147710
937785706
1965203943
1875293124
1025933252
830412429
1201404381
1607717306
1347667847
153158992
2143878903
1722092608
130689844
276576165
371464169
2101820977
86085287
1966977112
938085325
457738851
1004263368
1878425176
2039001662
220867411
1627913954
313717864
844476375
1791413606
131339652
1752326570
1243020849
1508389545
2117626166
1166476417
83360502
1332989103
847610035
1055843432
744166404
177674497
728640617
1296466614
662664569
1304075367
921322393
948044996
1076364569
1982990067
1300067309
1305910810
242545779
136728002
2054362350
782642533
1139071165
1491156313
657165966
927038185
378950026
915016837
1051292800
54571881
1022661836
194535455
57162462
1144653598
1480118882
1296101062
637927828
924071425
609035655
844993844
1793904509
278696472
667554562
65689555
1011375535
54182485
2051337710
1988497675
1889549032
183551369
1460281968
1104624162
1417114094
291015938
1322278370
1736410395
387831559
824870012
847970461
610226
1149551590
12479905
1975410888
968309775
1261391592
1384491154
7977860
1595551521
130586423
1635589449
1038565944
411161397
627806316
2145779199
1398527932
1148366080
717295900
79479299
1352958848
2099343489
480892059
1821763855
1425087420
2014350330
1910824443
1341401280
1213090664
399623558
1921948629
351396950
1071662688
369427114
1444147791
1464563852
1713816633
994506641
1259572213
496081128
942468271
199370889
2050997488
1177953226
1278954739
1737707630
2072873064
2071806916
318262125
1266726856
883845441
1038070016
1023058813
1792181513
2078713746
998855690
1209276366
1310900067
1745620083
328024699
904167315
2103249752
1227284486
1329546682
490556177
1975104087
730197445
1639594620
1945267646
1957381935
729582907
1455648730
595703512
1766437064
1352108947
2074675334
19721282
1958702878
308511551
1093813448
1431942281
297494854
1310517552
1503313777
1278497776
209355229
1281083466
1477600249
1928609337
1415111030
935827696
33179421
1328713999
1729696433
1509742888
398215852
1765695963
296415447
1955292296
327367934
364214329
591099056
1100028282
1374490678
1439135138
766989139
1136574508
2107875849
265034334
562554303
109008819
1671677908
178038394
1009256358
1631474635
1784283235
1460052444
842624784
345321405
1376303520
1804621766
708030532
264698721
65045786
993666683
504760692
632086520
410185421
871867831
196826578
847829804
329727946
825511161
86211888
837436353
1072276830
1625853533
1318534708
1751156480
1348366029
833227448
1401747050
737886595
1637989614
366436349
919129304
1568069904
35539490
849519056
1101506024
1907390912
425699093
1544389894
603256875
34514844
891810213
826683745
760329649
61457080
739653392
387173834
333500962
723010573
671542634
1172150832
739245422
397657229
22032895
1793174365
1277942149
1008981060
152552939
464805830
114142184
865793744
1032346828
1887833281
700514044
1671409051
1573252383
1724566064
1359142175
1544670049
1373587673
307823429
848880084
794988408
145827902
1528038170
835628659
399100044
1245862547
446646997
1853627881
1311168398
956344892
1361928608
400574598
204701740
1810071808
727210377
1144468825
1313377626
1970195951
2038081493
1630806607
1134190522
1881770200
1436073720
1448371901
21837989
2022001941
1422966764
1827727134
1376670719
1175333633
2092977369
1260470694
807880596
1047243513
1990713827
539772590
713526702
100960814
1022496591
1988169012
1993787123
1549881286
1739420399
908919607
563482652
293856552
1271154092
209023308
815770838
1464127805
884830621
677472958
1554386029
1641172722
1099651420
1743497638
1011430151
814267742
503677893
1854642461
625594550
1079523203
235000893
1399657761
1805449067
189191274
1243057788
1480407189
268699898
384095625
1149893375
822585046
283961677
18461437
1278906594
1486809878
707716996
1457743687
727876577
1748548033
812787472
2066615603
1016685486
1569882008
1318089793
833499832
478921516
1234749526
1995387712
1590245547
1426126559
1761981079
1913009264
1679294460
806531312
1955566762
2069962375
1562338167
969761593
503426836
1959277626
2125856549
933283925
1343622040
1000112615
714033323
1803884235
1142411767
1416625305
1573448977
1260598395
1621282296
876435137
791375698
1577785177
671763631
1538661381
1340698137
227917686
1229807538
936145885
513962731
1079032144
1652387223
341049263
1926410938
731485140
472618695
487650867
1237718511
58464436
736915265
1973542913
207818165
186801473
947767587
1022172930
388973139
406866802
1741775998
662248893
116212610
1642624480
38950571
891728285
159881007
1586828919
905442404
515122572
55264747
1142414640
306701932
913823416
107936380
1232028843
395719106
103737718
828891656
2083005564
1741192154
1817124113
2039045565
366834390
818484026
1916535290
903576715
764895373
467964349
630134949
2130646082
1945304539
2101066450
1153770492
2002569872
16059373
1861670585
1796201631
216949884
29145954
493026676
1120628236
2021348526
619819082
1147534257
1434642197
1667745442
393267771
20205967
882055868
278639707
1213990569
1559439262
1767701201
219584876
809224206
516298940
2033433531
734926705
1762820869
1863599672
1377633539
519856085
539902995
287908912
801506713
1253473757
1317681001
2137247591
881603082
1571054001
1411743603
937208586
1036146848
1288586068
1837842691
252273834
2029270058
1403879066
515401941
240000740
212420590
1936530254
233832723
1245601687
1855080285
1457408166
1896738166
1784627360
1409530920
577803560
1656716386
1924655024
944261660
1328670524
1427736041
1943061801
926521703
956670120
403990318
288992983
281570246
1334365683
1339160184
1863926310
456198642
896379107
585604983
312307670
832048074
1049445295
1646902921
648397162
1103091110
279494369
410580630
43963642
1353319379
636874893
884038460
1190430443
903645692
559865078
310482900
373328980
1201548774
429511832
463710425
526494411
1697703391
890347069
1642770969
1409687642
1632321931
854883489
952858958
503610470
1353137704
1990931428
120712172
816212327
1317352351
890606951
362693756
2146190939
764335633
1218211442
658056873
418231542
271624267
841289992
1955164856
1210782154
1261991057
1162868070
1528767041
2075696229
1632844053
374805889
632253356
1561990675
1907987838
2010530890
663520375
728176077
1683356330
499915258
1423770131
2089441823
145594483
986601835
102303389
904547676
2040573090
1855854733
1059093910
5225952
955029129
275994490
929035055
1326874864
91098408
1123187965
1773215802
1456768856
1338367466
1571324985
1414640621
41697585
1628050434
702431526
1168937403
966280509
2099693057
1530411108
1403514723
1294333636
1940783623
550447751
1056015288
1960791155
1235123375
1842591622
1065039247
1251775160
1991358880
136041586
647361148
431917343
1868365652
247808650
1853247283
1895095795
1603477342
1856238389
1889294899
2094898667
1081553165
13888178
1137620964
248656826
1293548923
28062044
347868572
1167912535
1341259300
1220107979
2111768206
440190378
838056527
936316169
2032526497
5800891
2104859201
477028963
568117616
17311736
95434688
186556147
442485507
332883134
103733720
1376473327
197936853
899026085
403486185
471620514
1023944675
1045031830
1817435567
59787621
2079048829
411109588
1963265940
1166514435
1505681587
880345891
482215335
1794526108
222149082
801050646
1529291660
1350959113
542433834
54396624
772864830
1278079488
2115666602
1939339024
390514727
723735760
1277347536
1967302522
1516349254
100284509
390971721
795234863
1138140040
490798613
1898023437
1431521146
974159322
1310760003
163522988
1658462797
482618250
1936675903
952283262
1803782633
1202421516
1897330182
820551951
1356205973
1557229606
461634643
1697959899
964297495
2074414192
612099892
726693907
1749948497
1771213287
390343988
2122342399
182900969
133760284
154627627
1947635550
983573181
1991285373
1294469454
421852206
720289022
1353258593
489671958
180957254
1628355757
1138857660
1522686960
1110219725
1257525154
2094225953
347551525
1013412990
983321916
1390917731
1876582910
1882670875
1504836038
1461885102
1370794163
1218365980
2009107827
93839238
1347662464
1703750420
558803390
320545370
990179450
752109672
1041894966
1395466902
436863329
111520819
93994561
471344474
913198634
1273792352
1670072584
2108286271
909219867
1091451197
1591927329
1874475259
2014321256
102058705
183359187
1609064216
427874963
1062925755
1686551462
707809042
1419312563
695316560
3175253
959669760
1720624507
262330910
1206386121
188919761
496698509
2032142984
1007931974
626962571
712225308
177447066
271288488
906873162
1152824925
1633968345
1003461222
227763772
1193295706
2038403336
390839985
1715140745
1606810637
586825564
419458113
649088309
1849621197
92189158
2086397377
301532245
651912740
1060297400
1718603975
1103127050
612382262
189979576
1692135288
594455544
195445557
137323466
1225735882
1835042815
418657280
1131254900
26597648
1454321454
159897295
1804881012
1833017587
759927815
31812374
1186893493
471810536
1314455413
622696112
158272476
1807677225
2040405451
272364852
2045842158
841886825
1130737553
438660151
1961664254
1237601799
854059473
355533761
23051840
1477667443
851619957
2053098348
1595331845
627649274
1520649118
910864945
409622847
1240064823
1438785258
768390953
1004377928
1973756445
1134594383
1070526029
763769030
1905109682
1195200502
275548578
2016484175
1364907679
1513598701
115457467
1207070856
1204313333
1139152177
108357759
1592369465
15504913
139566780
1644944516
900748872
929025510
880260966
227820752
1436313368
1942798099
263639357
1312630591
68157536
526985054
1594357030
1623790587
1641269994
1020543645
761273236
159001658
313349236
1676678814
1787914653
625924145
1433849301
483274679
1323067394
394656390
2047672477
1504407803
573030989
453644940
516098700
300492100
2065293190
2039127975
693924925
1600216120
1601798824
1322580127
1770676964
1407665244
927031625
1825951839
62880355
2114507720
679802824
755439461
764251950
799972349
1695279206
713362381
306947746
936055188
1239397431
1681282279
1824078783
1890166527
2005332492
1435306555
313862882
165307262
1888930201
1614086764
1661458960
795879890
2065507933
1076892477
621375460
168920232
794721275
2008286148
1803563078
916933903
1656252823
1016885174
1666231217
1556869243
526132359
532594827
1468351648
1452143642
2075841490
642514105
1397674256
1434002682
198691488
1671391936
788798020
405577389
32074991
1926103268
1941289024
1728221540
1669919155
2067035419
271361614
1927342877
394124935
546208775
96232470
1389252754
49241252
595999040
2100367384
1668569336
601569431
1121166385
10108157
1777218462
769155637
946110454
1941426957
1447416076
1524162266
294028041
625038233
1069986529
1444057986
831858625
944199916
421251375
2040188091
1594435405
177568679
1806283809
9996544
1447212021
125636360
664809255
673191133
1929390139
1754460793
335312990
1411389151
297432510
1332979555
1780304864
1313817462
1558209947
2016998457
697192707
1296626688
1985484672
1337106772
624015792
459296907
1114711191
190406951
256447373
1551873371
1607497889
1416637639
1073012574
1575443954
878827080
750548002
867646301
1689891051
603005896
397717365
1359131128
1230547567
1377966216
1193241102
1818175177
1621703245
333947324
73059876
464899362
284584602
1094062309
1836830532
1827401475
1947867297
1997930717
914827090
1385938742
1015874229
13787913
1247111496
1567183675
1575413520
124935095
604944105
1041056370
481371468
399052806
1559076263
1538767143
6431143
344560471
1275606959
416470710
191390000
1361905143
1227621970
679553355
1075054842
52190382
1728854815
1205681444
1701950372
630612543
1724343567
1403395947
1698960453
1259135806
909535232
518724810
1998560000
69085110
98838170
1948699831
1013998500
866760798
540163849
1153030747
1394499573
968636353
1323088451
1900915610
12303511
703294921
1191882111
1559238557
1081483791
1776730099
440742665
269597941
2021608626
700257694
1772962889
2005520137
1788887087
1221457596
1156111399
1366620253
2014483038
578797438
239808869
1834619819
1038729131
525799044
302771960
1605457802
549612511
1502341705
2092737412
150315389
1558362059
1342214348
951393167
1803323082
996013660
513092277
83710678
1874890064
1211651595
1565259233
292672397
466829977
456245724
354403296
376423494
1727026747
1231022242
16367818
491687408
1511374364
434171604
80779548
409811770
1378521053
1679659516
810910042
1493564999
966796673
2057115570
74234321
1737332700
159714157
147528335
486784952
1423306087
426141036
462800417
1382612632
2005505319
1576707838
1665070726
1040671119
1803662691
370606778
878985414
1537225082
1681307730
931094844
2111549476
224654178
2000511877
570687181
1293046394
1091031704
127105448
562275705
1562787208
642638735
1186360078
1844809212
1995054255
82897271
1870843223
1067486258
1128490339
1042924351
1091060985
706655091
269156428
1011148538
1418616248
1757278624
433013519
1729423764
1344146945
1008196324
136456928
2055553000
1272691381
519440748
150860518
1040969506
2054048039
1651060582
1365112105
1895710903
1551377740
1146543945
531520615
1241295395
61548137
1670593237
121749262
451143049
26890899
1137573588
754908374
1844414653
412131598
621855402
1494150776
1982129683
382040706
2132153470
1175850763
815221225
351039797
580389773
1751032906
1165176285
737020272
1105615087
719082318
772510044
1889654845
648611124
2093326563
749653768
684702768
1775794682
608088113
1118490899
1912876851
1690980377
1906432169
236319957
67479407
828285265
2138144919
1933613175
1168646624
1941790388
1904777946
979852942
92918268
1129383247
873080709
853946047
199628152
1066609275
1095041819
1564780053
654419274
2135579422
872833606
439262183
84525376
825093711
973681070
369683772
974149731
1986789301
1419084621
1226983212
2108614485
1712099053
1772717351
1526963470
775963641
1004968029
290489830
1926136986
533992788
849025459
1702411851
523402214
1014080552
470878261
783873408
1527312199
2048508138
65056334
1894719390
398884435
1792269856
1446044094
169234899
220149749
1838767378
1634257226
1467320242
139753974
1416725181
598093895
1838248309
953079394
1531921070
215313971
937403102
737361327
1485503306
262391134
1061053053
1585661100
1670350740
1401114613
1339105819
983648143
1633224437
172421712
18150152
1426450032
115819610
1342094351
967458187
1149576278
726184590
821223567
854043171
881133088
537744580
683447707
1534774811
303077846
112127146
1785018564
477974908
1334104467
1110525259
1038005228
125293327
910984486
352969409
2048809665
1387874389
14535911
151396582
1238417138
2120434981
1298982453
1286645518
1585596515
485333234
1434413196
194822807
626651244
1556166679
746759080
908196236
1648292735
1659962965
382153657
1001713837
286439984
23382213
1991019618
391300236
216538279
1557047906
732631140
580882484
1420115648
20593048
72291764
307758523
1924608913
2108688087
1201279860
199369766
86940371
1618327384
1940480212
2078363621
1118446683
866370305
269978596
1720981545
818678894
1157247814
190919991
624007795
1163758070
1232981791
2083040694
2072124911
1364207242
620487907
2090394706
684146987
1745300330
1782611154
155765419
1962510027
1705097339
593160331
262870730
588254815
1476711571
2011631787
2105000425
185043229
1690539935
1328388701
2054118966
1161363683
309944132
870884056
504867732
1029521422
761371286
742157523
1185374336
1382455065
178691496
926531321
523390546
856964081
824229253
296129821
2111814925
1782133315
1516831182
188682260
899326807
2047476010
1516619201
609601395
1623878313
2022947661
1428367992
524398516
1537953426
815783533
157097411
1888738327
1608254113
297616932
2140368235
67259428
1842636961
1302874216
1253037849
340576971
592917441
878793629
534434851
832857873
481144229
1687435280
1865934814
1816335895
1016253389
579867553
803121835
2005316612
566164762
1286203900
593189271
1054503126
595379751
988065763
338157218
2131659850
1792303295
1057339487
1791003250
2054484847
1197875705
2081390582
272253578
783524823
1987994342
1655483756
2048143085
1051870318
1746807685
1684598052
361830587
1340098454
1147349034
1334552730
159958765
21980877
1731614053
1589059020
896876512
1434389881
188473976
1169565057
1318936947
2021808088
2061352144
2109852694
87198975
86665802
1688533667
995785771
1325878560
1874144583
220234831
1701712476
1630010794
382746621
959863842
2125479797
1674776897
120032399
1369742768
1197823043
977076142
1133961150
144214659
362440092
1298953720
483735197
1354530019
1222641177
1232435006
460083506
1723291219
519045121
287573876
992627931
50154350
735074410
1871799516
1144845589
1867786241
1576657750
1139093336
359010375
1604494824
36967727
37333732
1996331451
1671637123
2015144157
754774242
740394924
808168640
1256914710
795421159
642636345
490453488
2123047287
1107068255
771761949
1901762547
252729482
592664957
105844861
474553922
366783641
1536293444
1714347255
1035990600
75820037
1335974695
96777763
1015811787
143990448
1789062935
1045049863
2113367889
534114840
6418080
1247981960
1460621329
1827416197
1218805477
1563161043
1754944343
1046977664
1054896407
7357737
766442731
1904974290
1207490622
982975312
595138880
785878627
942381932
1754320950
1917436619
344313069
911773158
1959062559
1353099573
1786519909
1228808406
73300355
1024773425
2039815078
1587592957
1825623924
665157079
418291966
479293637
202937678
202048950
712251385
463070142
1497257221
1777837281
1961396468
310319595
895925246
768027247
1269918663
1244409098
895686645
1449705236
11573182
1494604666
1373316595
1017061046
1629256559
1780266651
2120190875
479770172
1296182432
314366580
1417073121
1381532913
1303242418
821744610
134510929
1450778390
983288572
344440695
339780945
120246217
1408074114
1328067837
1843085407
1756149353
213698260
2009458037
1259346131
956422305
176091249
1203759523
1424317522
901789239
1387883353
130659491
1085946623
833245414
1953638880
1623887640
915603828
1440144961
1316372316
1289398258
1629061579
613291306
375631107
688074548
996482006
2091388130
1005638052
1767439962
9571319
547250089
1509005590
1055626662
1018472329
373167799
818386844
1100954186
514326276
103322067
1861617706
2020809303
63564195
1320482654
1104606504
412775708
936960393
133758969
21488674
605539811
2094341214
670797994
395747226
1198491022
1266478145
1232453844
868627296
2091573912
1566241204
2055353256
649305654
166405373
1839697818
1030538823
888681582
1066102876
989623887
1912422972
795730891
50804136
1809139946
759004850
1631765334
491789273
1371371863
951401762
1213275079
545858923
162440739
705151346
760052525
1775014177
1464015019
1392179156
157950690
1185833735
593198710
1153850168
1169001150
231975648
1606423805
766850495
1359693888
1580763741
113083490
2126693084
2123589169
1035167593
998008166
777979366
165036818
2144271816
1983279784
180782477
1386006575
73707622
1648540968
1890976262
1234221908
1820491215
824514435
700367232
1536913021
1096964886
1349864278
4511700
1534132547
190501955
1811418618
1837296476
863017284
1056218235
995758371
1810369463
153648509
598515283
2131586964
1371200648
196224312
2079315289
475894496
1025757616
782037560
1027712344
1274417537
1763969125
527769008
730448709
243583853
1550199790
237507070
490945962
615413117
854112968
1235134643
60624644
428576788
1585281991
1380484569
737723289
709042758
270972462
737992237
2093455536
1699275582
1221770122
268293944
1545963240
448563108
441388482
1061865642
418204063
1808199318
1433400275
1338343118
1520895973
1297687465
771066917
1241042773
234996198
481356487
443742893
1756826008
465286693
734965193
1959680164
60924400
2132744235
664369593
1778349152
1372445516
839534291
1310996160
1232149826
1083821911
1213174916
23270212
1215205601
911290389
1847473628
1315121342
631753711
724505571
881458815
1552337221
1060103681
631484649
887478335
1132464772
45939769
761571496
2010100247
1003648724
1276172564
586219506
1401597882
1901907340
819833545
1608020134
111203285
107878625
239373743
1766720181
102508619
942692791
1647467737
737857612
273689052
725249513
1544547914
245613148
2070171030
64133645
2126297849
1321392072
715471561
1194854714
1454803393
1788836777
1437786792
1233303643
1923495398
230263984
1552314859
28902044
2024715535
898219316
1025132330
2059635361
1143375735
264640657
1545008246
1257598615
904999435
1293669279
1512506959
2112542763
964555998
1088322085
2080974008
767739634
286634695
1406085522
95820372
1186896708
607211401
2052929668
1532426017
1256630835
914977090
115438439
1221719572
2119581957
705273769
247016924
1742163537
1564539138
9941965
1060571344
1768508582
721894458
219592643
1007819776
1020593073
1482348145
1592632380
1356049301
1389137649
1647569698
1581325237
1174033976
1722797896
983639426
1620706006
1221943486
65018843
332103540
2058845035
1479042745
1424990520
1562943097
813369821
1431138672
2131252857
1817181557
1377032775
2097569126
1825343527
1838214
1516604071
1634261493
222630830
1165046650
743191649
841909833
595969565
570704911
1218915417
200585866
2112698179
2102383377
1141132015
512530636
2114969117
729271723
467815183
1568135871
1496465729
46056337
590253118
2110113460
257908293
548673259
1791096383
2118018718
1396745062
1816890496
775677316
848449410
944140487
100449615
1193369935
1221787282
422167130
783518318
200465420
883988962
1661586964
179122063
2052544361
2050122326
672625506
269310234
1307801348
995122104
630677695
645807000
493340109
357849685
249501753
1592934853
442258150
18282283
75087678
483418180
1141922427
242076125
12579946
664837060
1902291631
331048437
1685772942
947646165
1483117443
813189149
1925613212
1452141349
253505756
1939988823
245364583
1620001463
1687497539
1013386744
96488047
1395233388
508417947
1260583654
1700659397
1657739581
292299590
1389900684
1957288083
141704900
754245580
570413262
923915330
1826723248
2105063453
776869270
774361156
436083959
1665685381
835755524
485209072
831828140
628194665
289820994
770310392
573379596
2097288333
770758913
1394445203
912965240
1814264868
382373682
847214303
980647591
253447630
1496708650
1698378382
1232827727
1102817473
901705393
437309480
1237613662
1635078091
901062083
1642639808
699227750
1896022231
1979034885
1707789344
1881842261
959719526
2006189043
1434702830
167959495
6517756
684512278
499780288
337851835
2123100892
435964673
885597233
535209060
1553024849
858964220
8122323
1678671114
1388087654
553959170
917320299
1416882903
1896696927
1423593523
1435057771
258591537
52402255
1803680547
2077154006
756022581
903669398
1712699601
776450121
859678959
499836519
1230663122
1570794456
1570657208
1244483152
571610306
2062317522
1996097749
2043708424
354815170
1996552015
1999047481
741542446
2052545619
605988583
2012539424
70223033
990064560
1724778460
1145051452
121129417
178888201
904440453
338683601
937556977
2123399164
1048721188
1786909285
1102185406
2042641323
190966567
921535238
2056312603
1346841888
1762429048
1570950887
705710921
1379430764
1799609806
1186256471
2053500977
872092677
2047256158
1826203361
1398640705
1334805169
1002216345
1512049793
492882809
1372126516
892506761
336508252
464914633
164064029
944347901
1769979685
1457946899
1943595874
1840053076
1403203127
129287093
1741599657
1857831091
1337146060
1479443743
910737646
360770472
2096118700
1403633477
800879590
530219077
1071446427
1574591656
1307647093
2099345421
1864584206
2105909808
391701437
815100998
225932609
1956005293
227263543
1053647919
429022952
301391934
2085243886
808625344
482568778
802971927
520382108
789708670
1104620506
1809601097
866584930
1386291703
1974942501
1962806903
1570599389
34355472
140449479
74889614
105433101
1693280787
900710644
193029372
2070654343
1898201955
865438458
1003811751
493528452
1899555599
1153123391
1876051801
802768431
1083452993
792972701
702616656
939452208
1687794886
731052450
700596432
301479128
1359016723
1251116279
397989464
609787335
1677741361
444634868
1136283898
1780543167
2060237061
380268124
959865147
1463962560
1135459861
532236384
1058425793
910330030
188711419
1404077363
1036114882
67059230
1724459087
625136250
1033327897
951651157
666562238
2117403840
932859339
1693521085
1782652125
704737209
1051728508
1594766729
2094352113
405935064
964367032
1625741943
298317603
1713715107
1862211002
1762907746
665955626
294766051
581831247
2098701444
1254763028
1689720916
31282786
605585773
1193754056
1713542562
812411073
2039494997
1185456327
1146859365
800906334
707694553
1605417198
746818159
327946572
639395000
1084117230
941034721
938936736
434206826
413787730
1237244945
1683350045
141074780
716756138
1000346729
1725591056
651050795
531298994
764879964
157591396
235208087
620491542
1227928799
383366207
810388758
1794353022
485786619
939920958
139667164
208297648
1637362631
865275395
186787489
1824228130
834357638
974194394
336642509
1820245584
621086556
255350000
358283308
1400755932
1555481433
946628024
1906176172
2097975763
2039729632
1194219566
733047068
1238548995
2119627546
1898807652
358767458
2116678425
1610921482
112402013
1803561910
1549170282
1497267321
1186120822
324849378
490997952
1688601832
795703702
1901802639
1633801143
1939526223
310725789
190110212
1522490533
83628404
375556318
763037997
1648300963
1378327257
1951768156
183241697
612947957
1067042940
1405220698
1167800799
83043555
166938761
881158187
1205643464
1167475811
516224870
1595916705
2005167055
1214556631
2124296726
354798847
420122037
44002578
1727461081
1794030937
262659086
1894097710
1173985085
1283839724
139199727
1302594190
815946905
1668949309
2062546412
1567565290
141438632
510186414
1772554411
1236600544
1228786524
1107982706
1814056652
721461843
461099163
646713403
1894602334
2087365613
421958780
1735206962
778321614
2108981275
1075334523
388159683
1695153705
394485403
1812089200
2059178680
700517788
1759075846
1093011982
757639303
1882182163
876290478
877872336
569794382
1919171839
814039553
1183909637
340779407
2065593227
545742570
1424554809
2136917343
263681862
1687653196
377082202
1785966538
585342711
1270000135
524194034
1589084929
1065709483
102709065
239483875
398715828
1759119116
1971312236
2052563848
1217661533
297510240
1365972816
9865263
964765638
1033067711
1018424402
253002218
1009567648
2065265818
1890793677
466746749
995321346
1069650062
228277624
188822441
960646486
1197508661
964104698
1023861957
1485465413
1174748458
1446812290
878703327
122040901
478794707
459258244
516931332
514943778
761895786
1759881898
1488572629
1794736321
1813340424
1796357870
1723986381
813265965
105146369
8881367
1558339109
1185793271
825343771
314862521
931591759
1619213775
2141448175
768674816
1422081559
661565769
1912211644
1548028890
82030974
2027324138
1504118783
2056511174
1055738236
1164336332
1836075300
1578228909
1141866648
131985757
763108470
1420033772
594993559
481117623
1748875766
35109006
1678198119
815138040
1069265508
1698552796
1840324973
383510662
2071006137
2091623106
1381380709
1347706210
2066952359
657333023
368586147
1495248656
1314590235
122245101
394574142
1564926710
1209459941
2010542580
350829642
920367261
204688807
1597854339
33442058
199160740
1473148903
697333913
1931605060
170270885
1108549405
1649512877
1034718601
1915336868
48327632
408701067
518653200
85978206
748857872
1003976611
271152355
482860693
1778537322
231923803
929884303
58519604
1164446700
835655794
1123368568
1098933209
955334615
329472610
1893940799
1272011729
1983295741
1340250222
1453870586
1332869790
520634355
1158873839
1422401073
428022547
315491532
49902828
2050632835
114594934
1689967367
1644025990
1495717483
1047860472
109540730
205270043
2066495149
676450269
1564184628
1510566721
1010048238
1968035100
2052774978
1519717210
1571875407
1459742134
301006543
1419666021
1971640526
1711667166
1111152721
1545719066
768517795
1741312007
1091502515
973548288
869809739
1833943524
1878778709
1968551583
306181500
2060008491
1187092964
1988058032
1683196790
770550178
1122932199
928545353
206146384
992230650
914024354
2001585724
277971512
1013378633
196291190
1625925397
1186620231
724985946
1188665742
1106638201
452723088
1906000377
1866131194
1250432175
126716261
1583559000
1185149910
1292208935
1723531943
206909888
739683243
1230133392
2019889902
1116416557
1667677347
1493120389
1609079036
955331504
1594778001
1326457037
832622994
1927265184
837115004
586650778
222468320
172998375
175357907
1386344805
1503535849
545772638
1324920882
958665711
968016760
1793440898
956835472
1079290092
144814894
1348245861
10921684
851851734
711695207
168064728
300852067
1478190127
400133224
1212255587
525470297
1200439233
1157651789
914400902
265234002
740822769
1991805697
546563608
1117498643
1550277289
208207644
32925587
1118121700
1820119842
1499738566
78514961
1297274959
533150215
297748131
1461517778
2071254861
1854699175
1930430567
1949762224
99887864
2096267817
1986647418
1066622597
271166982
1178902957
1922029128
140133672
1386927295
1598914168
1351079876
1848280983
962202447
1029590579
520218527
510127337
886584304
120893081
800490634
1396564114
338323262
604953216
255183262
720832997
1433004537
62835128
1021883016
945053990
718991592
367827047
1974011903
1038163819
1559483569
848952991
1825831286
616177917
1741505012
1101760795
1032828730
965315657
1595070592
1604084970
1082716701
369294322
1753211687
1758742654
345539302
107406233
2051033345
1428205400
2092930752
1845500643
1641450933
748285343
1214173796
1364586490
1503506621
1362320778
337191117
1774056579
541166136
1059918552
1130685090
874408530
944854752
1260599442
1484234509
1534761863
846665478
1895771940
2065713988
1164068398
119198222
1392733671
1625525205
1066463063
85527126
47492448
1876046103
675947415
1006581166
42342101
501910878
113596736
446161512
171811191
742323013
1583316427
123730881
1560214037
548303705
2136350633
1195153106
474294217
495941118
761604974
639647340
22412980
1814951449
1746597537
1504082225
1883199856
2141373378
1720928804
514473952
790327293
301451772
432228251
352050307
2102968767
447845722
1539813532
236065431
1102638625
1484522289
28670880
209439069
359434928
518135124
1517527419
1255745017
1590325583
1897675773
1696701819
2145186945
149627736
706236848
38986958
633975937
1123891331
470901120
1198101878
738871079
1238319927
1517290004
1200233128
1528720819
1218518487
1596188394
1015562374
383932711
1221971373
656823372
1175089552
1121539974
1561264364
1220884276
1384268043
1095829711
795463872
1215076516
1868884480
1954974208
529007207
1535265721
368378362
1501546480
243441811
204311590
1138805107
875936223
411864419
1900751621
1568829406
1347609606
1387985079
940836626
1066219608
534400063
2006444254
905800457
1527461966
2100670663
1311150805
1571877665
563476441
1555448432
979518628
751418593
597630958
1109456227
694393876
1363260300
1164469144
1530983618
1420271414
171512254
1860476384
138036526
1249721772
1250924957
2126580807
1079571618
100185747
1985085060
1031393693
601961784
1851725423
962746331
1385451961
2070892477
1910788987
963748926
1322482683
536972713
1732489619
203060938
517156236
326534880
705819319
1549601998
340022092
494870691
20233356
1937405953
821503055
338483132
1189466448
1553389502
1829375959
1659911514
2022633445
511586755
2104203486
1004566814
480313246
641762978
1353618773
1838997236
819071048
567016635
873730992
1246583865
476251475
320898103
1783979393
2016457579
411648551
1382975498
1058317158
1848429512
323808933
859262014
372789825
908340964
1885856529
102489336
672792513
1454091881
1498372441
1995114060
1784176430
813159888
2130025768
642856565
1105386877
2114136592
1726332389
797369445
1227866900
197878283
690041777
1344827705
605308804
638452211
666597924
805946659
514204186
781642767
153262950
1438110353
1570290912
36427504
987170912
1399524609
1819754732
684696862
603968474
46388050
1914746181
889394573
283020732
474337822
1802075552
240789764
1622700673
2059803892
1770419836
1550333722
2140631184
2059936011
1606394621
418637923
1568187984
870793009
1709172226
910478481
1026715073
581307531
767845353
778885637
1410346259
564296940
20448029
1556851384
1987325112
1106058491
673925714
577253539
1221713873
296512798
312887062
512771944
1507835201
398205139
941600582
554331677
1172562340
540489433
1465850518
1598174310
1845450144
927313986
304057392
778795029
907104862
358687800
1233717600
1544429379
1572794205
1137313996
1040129010
271083378
1930948024
1865893706
581396675
2066485544
1355003149
1623806130
316536149
2063441283
1170613639
1046050692
501342130
1789622573
851480088
381209193
295743636
361985605
145653803
1768106804
1554090731
1762183640
944054988
1958924097
1652807071
1565758982
1108659915
2046966978
1677039387
2128743277
1209618094
237440483
666673205
1799593681
1078829657
10482521
672052875
1342919851
1362381693
305483365
1009617743
1768532976
173466772
728306394
1738866354
442000679
460991844
134432946
1216370643
2033923045
1257970214
1207578321
2011070778
773147212
233555664
1068918439
1243219823
540232136
1674932737
1532130670
423844982
1058752221
627160351
1101201557
2144444685
1404454306
328942034
1964671939
1764629950
1656616129
708058727
2139865358
1602498767
277096199
1549704201
925446142
2033511457
1165609665
491919612
1837920399
2009235029
264190210
985843111
1966348795
428962615
790006215
98099209
2110154228
808945585
2039326962
1831990480
1200833912
460873453
202396563
1604394817
530444568
1893578823
28031720
1862106772
1411670375
1539731805
573617758
376023019
1309468810
1117084634
983767199
1992014533
2074152410
802456547
1084521238
478306434
1452705541
1599228682
489448319
568616476
1841729737
209993892
1438918598
1975576154
62734857
2071282346
775209000
1383199707
1081206582
2074585636
848173283
502255883
1866416398
1123706516
1894785879
1303217794
1646625812
211998278
2035961308
442892725
1419778011
1258743476
212954449
145278241
1082770636
1685242148
1915722400
1424090260
1335237180
907629881
1852312979
295289637
1780941817
740011465
1113186671
1698280649
1485866523
1492805857
324207643
760513302
1763342204
451018779
874554399
1600879667
82271742
1989440691
1076964695
1672773908
1611435331
900612996
1354974225
196258623
39495516
1766121794
432135315
901537392
607285455
741381436
809405172
1752799342
446276509
547179997
110207845
1021056618
1657792848
891292721
836925481
1342830070
296655609
761312797
91122125
1559130512
648094004
1928146142
1698937197
66651138
1111520383
358046604
1769318401
2125192338
188282073
1937835260
252533130
837648254
1585514996
396111217
761191677
1458218059
2059902191
2113300905
1843522616
1948774901
636052658
1170709911
1829642601
609985931
1658976651
2069963672
1206549157
383195028
400930088
293407832
1471905378
678391026
333979334
907989345
755321752
1672680167
1721627996
439873540
50544551
68238805
1191217832
1225442379
186810128
774953720
1707980090
1471280611
1896105212
785047578
1148258451
1487442420
2072455241
68262876
897324824
1023998968
1090698798
1997713097
2078164119
304392215
2128837436
932819269
28021688
59374644
26751888
879432982
1772586625
963151608
805893541
183049814
1731854119
1925227535
503608582
1968625090
752337202
1318008238
501191242
201037969
458018017
2030155693
1676295184
1690792376
808780669
1128270259
1477524124
38431493
2005514162
1479168296
431628752
678061197
948182182
41739212
1397179085
1937854634
803930813
1022845429
781802074
1329156840
206927082
482164609
573325799
776419349
2000801936
2105984135
1733440296
987336796
1287480921
2034246182
574916486
1665063317
949105146
563126900
746248274
609585457
1320641880
1807386843
800297142
983489464
1707008240
845036084
86757034
1499336606
818074691
365042754
1725674180
1818590571
1803080778
664670841
809713218
200134053
1844091575
753861702
373389636
273774766
891232970
831434393
1729042339
1117677224
26660068
720756807
2034788342
1509898228
642704259
413167222
710075408
906343659
1660818826
1328659042
2001988693
540492479
922482655
2098759617
1880886823
1629506780
1250515592
1232891638
756433055
582281001
1665021932
703435226
1562440790
113721150
2016286385
1219943315
1140982843
1440940043
1348622963
1078691162
1254934562
41225696
1597551514
839633061
1114794279
1756046818
1360137734
837925122
1190170984
567719116
2060639755
636852425
1808222357
655717117
620651407
488663351
1347174949
796058254
2137923945
68678398
2060417830
228733742
2058806381
1830320175
590603934
1489287318
628919245
21312370
2103241812
1781261704
1951600913
1618817483
1902016855
536767801
1098849472
211465555
1079259548
1953747866
1816956751
334333362
1584803469
1367860387
765062707
1660423053
940764863
1667717201
151112282
1756849987
950352611
1769435454
118221795
1999001516
359408133
424115980
357702364
557879190
456322678
191139930
964009973
924451616
1227679722
218032251
252051265
1108512182
899943279
1672906410
1399668474
401406297
1639157833
20121888
937072064
276833872
186420896
205247637
1315495692
1723273416
1903568233
334296992
838043061
1423759540
1042552934
630937829
254015396
777798127
387050093
943803291
4031376
172409930
1824756391
1032010563
296318526
967730718
962948742
378291173
354931944
1766238257
1614944858
1620409335
972146765
371447755
1733946282
699864950
567692159
42846807
2002737867
1774082058
835084424
962374119
1266173103
97077978
124354907
2027663252
925005380
85189833
940892938
508776669
283488015
1191577567
456418019
1940720300
1525982651
328654408
1688630242
100428558
893565739
1395771956
1218418528
1337300578
98941873
1189018100
186217210
122768109
720282725
1586111013
368295664
2002577163
1255058540
1718153076
1740759491
599249765
1906344429
697861153
1956470475
977743633
1998626132
506050401
1971903535
504243944
632394591
130088757
216538832
361789305
1262547136
1694827269
140748741
1289992731
993490968
76243384
1905362866
947856254
1696234189
2046017210
709015377
1945111408
1805719134
545511752
2122673897
973500647
1284225103
842459429
972981659
1482830122
337437684
227341032
1139380886
829927713
714564741
163552009
1461684565
1197280168
415729938
1640544117
59048284
161415238
1421402619
1761191217
1752522110
1137673855
218062649
1903974288
1874397316
268788431
722376519
2001631980
1696868728
1387223897
1635411935
1435395413
558020464
639813895
1175919040
840604055
1051570821
1459165496
298583847
1468910099
963052856
1396446993
191210527
1544002383
19545668
647121099
1506534364
1297871343
87294394
324791930
307443690
1612235776
544464645
2118719049
773799104
1867073201
2124081302
426512993
1194759599
1353651885
41427630
1609556922
2088075799
790898598
803775581
879109072
2105240323
1328678139
1886657809
455293489
636717887
1983470780
1418895033
232277089
806451519
392755681
1321352221
1156335004
560178814
1512499999
1223489181
1333974282
2081945374
88271908
1336197247
846872459
1747547467
2049446553
391640218
400360643
867148470
1960927123
1208113420
1542607291
49402739
1359396080
1912457636
2068112496
1072518795
1857457284
846162582
1554973024
78088633
75452073
357561351
141327413
1367974984
1530225248
405049245
35265794
1215035380
880572797
249427258
605397996
2083220323
463652840
1275317779
1238738045
1698924181
819815510
914426159
197525693
435224910
497072853
848105787
1316105362
1542033389
402921506
173254475
1492794963
843135431
534058575
1433129476
71845171
1865055080
2146234597
1723938636
1628520812
28981709
750514757
1729854194
610083963
2136471697
1002898502
260383548
1465356486
1206609865
1211789516
199553418
293680281
1054784652
335103114
1921549157
168306130
740149685
155000236
1941473727
2145324512
1586341276
781481664
1230636258
1606203530
1914805622
1118817412
105730061
1318235347
720366386
78548778
1644515724
412126752
944682085
831375962
1992583004
734604342
389228674
1574103021
724956511
1180824424
155260424
1276498973
441722733
654057505
73839012
1481337816
1926975405
523443719
231985090
372876969
1510394138
205837630
548796454
1593374761
1972066765
1601033526
753438590
1237236510
1273853084
694067618
47857359
445727977
1917510499
1281240526
2062279187
1189308702
964350318
1751834244
1058443377
537235788
219748133
1595844720
694219198
372592729
1502470453
1195074839
1920319408
1465334084
150043497
1639740984
485216457
2004763439
991739694
764604391
1180918516
1682780976
759384898
151000620
351576312
944390930
2120642013
662816415
700346853
321796511
1607336354
1336226290
949025924
1735667825
1735179207
8920226
1126606946
1517029947
1175150026
1092020610
555269412
1540629564
458192302
2097187357
2120211248
941678628
1328512780
706827148
100424761
1744375106
83796774
153977964
1828417579
58997040
1870300897
1394861712
310564370
2109652182
2035685435
759794099
212582562
180642333
1051898574
239527084
354966606
1147843521
1335865081
496407598
1457722249
1509673763
285973670
1365334579
532140160
1675559232
324669239
2053778055
1399784496
1245367177
213872686
248420881
1924828202
1958613429
83662911
1685628602
320041923
1459329922
1280018845
1597340374
902805809
2028328521
1013787155
1099353080
1825811758
1669670550
532940700
2028492450
1683047832
607295826
58384718
287826108
1938406351
1337538233
1158023434
1850672640
1372103641
1968116575
1216489966
924039316
1729636826
1923669749
1477004293
762752086
311381604
192793290
235005905
1127073833
1680693606
1300666429
2139320470
525568174
759984357
1199203537
590292168
1296817478
1351519472
1630170841
1668928842
530606856
1226129067
546373554
1125792628
506462830
2025083393
58139806
1984566052
1694329718
1237751512
187121503
701612283
410730179
1156470299
127611333
631656125
247492780
815915950
307272883
63744154
2015338652
1722523790
1957913101
2078162497
1716727273
1465009985
1778644117
1827339201
841592094
1661667353
222195798
1783184754
1487881932
2049470045
1881885653
1291421992
1648640938
444907037
1299597761
2034176877
1188306771
707148700
566504417
1503566292
1180026809
1896450439
515913986
720104203
1171474378
641127380
1188784735
1982989770
132185332
912050767
1629070127
1477112552
1570421268
489016375
883378945
1746590873
830988231
615915056
1389042908
945971274
1975818196
1894625994
391011129
686320937
720065299
811293302
969112992
2093397305
2099481137
1938565695
1431900194
1001129063
799866791
1496508911
1687930788
1498119832
1690729452
160887852
2006479441
571939695
2067527740
1616159990
527246859
829144027
1928118456
