527276005
541321999
808535944
976084818
978752371
1333329860
1778406715
243348397
241161962
1607498867
479183808
222293091
357397508
1363819530
104469355
577316660
618928256
2058487148
1298001343
866717092
1430354068
706168195
1552343712
844865803
112631763
1012608624
1407820619
595992863
1689999001
155901879
1831219867
791563413
1164580315
1368538599
1087844720
1462122546
136449158
87984678
1695921315
1306646008
991613398
1764485617
986116317
968247697
2038177499
1426280924
1953148378
809908713
583833158
1607950654
1363264461
1087118329
2016629257
527483647
548785054
1681924637
63181966
687812498
13845142
1325633977
916165894
415971197
309252184
1099131867
1708419993
1663477064
997650519
1129035149
1702380394
243574617
1240513836
2081451644
1531668072
1625263200
140486839
449313905
385972432
1420569570
1594622619
1922056037
1496790578
1701853413
956736438
599156652
1170413026
637631045
1208531421
662623242
803611396
1231262201
1155830183
553695909
690713394
1634601933
1484999038
482381006
771385018
2076993356
1597756432
549888403
718501114
49708227
1277815050
974271027
876412511
1495734905
227062557
1209958516
651197105
632160786
784600163
158862405
1445610227
965380586
356399078
1663323353
846045127
1187235042
2079626681
1061515659
1428218942
1289109008
216194196
1518603320
1888603886
1860392126
308110954
1066319888
1880586017
536416977
1196139250
606421159
814231289
844158988
1689153681
2045354090
1036373099
1425588869
1357999562
1197154495
1135872669
1414965415
1002011046
1769931111
1296916943
458136052
2075904441
366870521
481207280
1887944119
1481688173
2143693637
461556220
822451501
1654708517
360081227
1289577520
1800767447
1197435848
1815142938
304546153
1333863238
1271445432
734114491
1820844570
2037432058
1344970586
488018818
615376630
1630102183
616918225
1374389101
559257948
1865900743
577544298
812014929
318481731
1337100901
2023343924
94452920
24210420
60150618
1158318152
1575856293
280492993
2059617057
2049394231
1955858083
960506502
730853903
416631774
1353099161
331158184
2014314343
232427261
1278026390
2080336466
1247056621
918780211
1041591559
503892532
1984704861
15984690
915669369
1816909696
458707304
1745206450
1235748201
2129034787
1375124491
1731765618
1091018283
2053358026
1836529539
1494745120
1536611024
1975372241
2054215213
895676232
1463140701
1955542310
1245995039
889294199
1762311628
1172870217
1951871353
1676151841
992044437
2022352111
672449756
1479704175
2037605706
593170549
1968730654
116319512
104456507
1042989006
1813740882
1623690052
152311380
2081993603
568030109
1070328148
1338674713
664863380
966287290
1008455228
1703203300
341885867
100732958
677321952
965869828
336248027
443423860
780277147
1129936361
86298099
1012053323
1244544149
737226562
219746802
1723172942
1819980774
640541005
505498706
2051012125
1808220406
354228025
264663399
463942822
195954807
678752734
1871155217
1719813214
1550172330
1897877443
1650809032
1318095795
848942770
480377755
1866293486
57935888
1169258499
2027210625
942053551
1625393562
1433788761
1006659205
843697456
676077959
800118688
696248413
1732553978
1779176879
1656888304
1795000170
1057880707
285529267
126602239
1585771948
788190578
2105388288
774275853
377357819
607926305
377816471
1726133141
695411382
335581461
102865562
1960321429
1038795182
336225928
34833867
1398900052
1413957992
400897721
857406274
153333806
258983724
1224850544
1281200306
2066576266
1576704771
765051505
1524357154
208242271
802509361
185457713
1806314356
2025204640
1929233310
587154519
425939775
2016559266
700948229
1350064106
1163780112
1268727943
948047118
1392764939
2006970074
1013720936
764491584
700419009
957709772
1530463044
334531223
1035987904
1629286341
665976642
1496399683
274323593
266386320
1970732945
734546771
1214961571
689871312
1322341775
1475576258
875517020
1693581038
1883488456
345587999
569835923
871428149
1910467253
1203120869
2045293764
290040606
51117958
897363104
1617814140
1179934250
1818273977
1113570690
447672548
1225593849
1601522843
2129958402
290263007
20363368
1371056264
1572844
1339783398
1706142613
1873210960
173285867
618433167
1528212968
116776451
670163958
1185379185
101645344
249753484
222967773
1182366524
139769678
1039993169
2081327429
738359517
1015175325
499047886
812296274
673416651
349766812
19739424
1875051870
1279032966
861914332
179571928
146543001
731961214
774600361
1704978103
1723410604
752412477
51024371
274066059
777830319
549955664
1830766069
1293423923
438357088
1400572066
92895362
413128244
1355252502
694561489
647985002
1622700385
200886005
1176671721
1214812019
754175713
1373391768
188411868
263354029
1957247837
76566448
219483846
230691179
1892007869
1802985559
1678826804
2037965496
1585576472
1685698405
1209934275
970225824
2107627037
1635290199
1234453189
1320310644
1348502193
2011256497
728049384
1498496015
1374824874
2144522338
1235571530
838897505
633765748
1192448737
1371345257
821984851
2049147025
1441451596
2031006183
1892399157
1400092205
308874
881237609
202181861
916431201
532480086
1858680385
1408722343
1060535872
724183987
353481761
277304144
1327283381
527968405
327788644
1227532974
1765242353
329970859
889082781
45436804
1252481127
1335813026
852584234
1182451221
1093156406
850671076
2024485974
1687851231
893282891
742747388
1249758234
1704513242
1084259448
1320821639
2005082605
10388737
437530239
1061402120
565438956
1071049400
1619291011
1883213312
1265330091
345151626
1783706992
355528503
1329105226
37758783
2093300128
102754185
271422097
1650631703
381150563
1301937110
2072243089
158251442
2009980204
827549656
1947972656
786678291
425972717
1894591613
2042422138
590232932
2087144796
450705564
600761787
1334412449
1307842530
967742922
145777159
1123861583
1939666848
1752859588
1340312338
874334058
121023812
501822972
1662336076
2100611395
1674833798
977984290
2069208169
251136689
1202708958
669177147
100305253
663827968
1158819615
1864147851
1795332446
1462696319
1488938565
2028606288
1716163161
731757147
816643568
1663885310
173754657
1353840550
1751882336
2053576529
692431276
493508436
1767341488
750332151
429865093
1161326516
97328038
297016451
1215719727
762672681
2143609164
1419046049
141150249
1639266764
1336939445
610299095
908242868
1403654274
372565897
786870279
1863793961
951888343
690243780
1685248905
976585285
583084860
1967223963
1866107531
1022270300
753084048
936662678
1393931802
101521012
366583698
31665152
318177805
724546364
809808463
307432351
306755361
1862767465
1265965721
1845207471
1162683606
148448295
1023925944
1208266057
417949629
1356778754
150284619
638797674
54330709
1301935445
899848504
774152863
109599209
706628186
393145360
1550095474
1315580047
959984911
1365300879
2093022225
1643916924
1737175234
841385544
386126196
368997913
986609934
641453731
610410124
2023621496
1851022912
1742915577
1898799748
1405345508
1082699248
1017586746
236642958
1346158042
1997190162
158938588
578118164
820037175
149870238
590144231
1186550575
182347006
415045778
1153620436
291401046
1660971425
1914320063
1401513520
892246422
1727624457
85936452
777258275
1045713487
374849887
1607209187
1379249478
775556539
1219916772
401893836
776688987
818862066
1208438045
1395266710
2056361410
549044962
756091958
1385988058
1846664978
1383629477
301039409
166167776
1784804735
938831279
2144419980
548172854
1918986573
729786980
1771229102
2063202665
15992198
387196620
690153173
1296315732
1506760750
1334972760
146787109
2127203058
1119322622
1689626068
113761284
2143171956
223043713
585423414
2003926439
1070692068
1092638189
954070032
1787165854
1607184578
1357621667
863779130
1916895494
323633242
1782746931
444037330
109263276
909089651
1688800154
410128332
1290457190
1740882348
467820655
371784196
1049783904
677137643
2021765612
1389003662
1923911458
1194111666
1438821551
885081383
23542486
1099887996
1942919062
2116996065
1333993105
1457394273
1132142740
1249861472
708035676
1915959402
308550326
2028708537
263528632
241867386
234791428
516718403
1466184926
1217892160
1166660548
827596537
1190968416
426985117
2112444523
690926092
1096497125
1158865491
674296657
593174149
1085459490
1621396677
1678714632
1948842615
241809782
1561395054
1485023721
1296483909
1835281671
122655638
2134472773
1721384866
1179518163
1046233415
1973138007
1619531478
724370231
1824811522
927374609
1994976576
625513157
814510054
1025290260
298175679
485242399
1067912009
930129938
127738976
400870726
1700594830
565846674
1983966438
1140420954
41032584
505796276
1208046879
1702059075
1754643092
2011974914
2061299581
56438308
1184796935
1208392900
1553723012
1083645642
1015946693
1520935753
329672312
249316035
2106361231
2065185277
533969439
2089732229
1947532032
1040544061
874467441
600748301
1732565830
27213528
57383172
1866161137
570511577
952867372
2068845549
1699108704
917985151
1748426652
694543573
940943357
1541562895
1129264673
212643176
1221002390
343373989
1454774247
1179655258
1952116738
1524571560
1705274190
1689401236
1901842312
378708875
812548119
2054646518
1278302869
157983797
1298040339
562890938
1632162635
1336951023
1292070471
412346728
1782711913
135683847
893534616
1662896860
2120488494
987959732
2117679394
1368804767
2125475086
495023526
1655979770
2128034534
183751038
245658796
295532760
158296596
119436735
68717162
143781531
867024099
1328448406
406265737
706142243
1642451134
1109295491
311413493
235571772
1060239639
1871607467
1064123661
881055875
1824531953
1682082384
1747005181
1213334911
1950879328
789202533
2114366950
1730043283
1799670392
1518528227
1137910613
197694144
1150518757
1907180391
601002560
432613222
1936298989
1090999730
972318500
472684429
1872519475
123598502
1195660228
1856123070
2088336705
1440528842
66412586
506683732
1187481772
1560834117
761700368
210131769
1763365315
452959020
1250778081
1876389990
954901755
1941625816
1318760605
891347872
259263425
73733770
629989358
1969916376
526344801
1995524484
116155891
230838990
1716399871
35943754
294639252
626243747
1575602088
1868412666
1119751504
1529282477
1315122576
1052119631
682183294
1654680264
1556558460
208431474
1392772719
1977758441
945765451
992612127
793876873
26201995
2019507074
948289386
1911990590
797329759
1365421248
1511853454
511436832
1835695765
937058092
1180718592
1565404597
419118353
864502674
2116299931
2063282822
952030310
675171845
274338181
1539679820
528056937
1635254599
1361260718
1672566612
1594692292
782041922
2089817198
153108176
1323441411
1695673895
474612707
703282978
1427789560
460015861
1558020989
287028812
1401640783
484954945
1004930057
494487496
156371285
1971036423
1650740401
1901503232
901760142
76519784
1298532701
1003653772
1409366891
771622404
564508246
996207254
6174031
1478310929
1182228809
26484328
111127906
85567364
27245077
2135757459
1454139373
64461474
747770620
373361602
656870513
803047130
948383380
504240523
101459521
1772262542
585375143
363585298
1444780048
867787882
215856268
1437634653
1481189555
1045645688
182794387
773371881
1035936669
1911813477
113854656
1678479082
1614383626
1314586617
2077409404
1408132465
1503406622
356911846
875185758
1784289858
1186176788
1082263215
645195130
1885927358
1339094962
141868738
741037466
1851917296
1199336259
1849347732
1004405389
1283383528
394380140
698495270
234561117
1490802120
1890440814
299330336
1699780889
29875478
826537739
1156397633
889531199
1255390178
690298141
432912362
1230997392
505757164
899888912
211787311
1649390270
676950931
1472944719
342454427
1283888698
1876937341
474676963
518586664
1448133619
92191528
1720231453
1044044802
535270283
1685240841
147830873
999988188
344768462
2114706224
59214280
794206129
1644881143
443982015
47461376
2119746236
633450335
1914340589
935820238
1937647172
1471178714
1544459731
550719923
791258964
46610887
1605978969
851078661
1309566086
455790453
92767971
1108004578
2057577249
943240875
743363320
1990350374
1210164828
1104983360
1031528186
1096965119
1023139338
2130018953
978244126
331510199
403127055
1866414083
258593074
2066637177
965444815
636065486
288224188
1908490294
145665739
961342333
1138636123
753978358
1890913860
1168126556
1294217624
1553510730
817280586
47479834
1618658780
995596444
322201759
1268227013
356636310
255588176
1987853267
281948783
807153155
1337681965
337598124
717334114
2086454753
356289520
438825863
366821357
1449582058
1204870367
1455328568
1120471444
1211243481
2143134677
2141631378
1657458042
1697689353
809452065
190301741
1810046401
1905469304
282746095
1594779504
268017327
597217192
492157468
1164120940
846894472
2088488213
134692292
1037139447
812809589
1322324166
1322359500
46719069
1201376308
12122706
70988357
933962074
209558461
625814984
1473069942
320361739
587467344
989489084
1557296279
1827244309
1659187218
1990150847
1797371726
2031903243
695712981
1990105982
1596765024
768752085
1353297110
426174819
863396971
1313586777
1371300780
273154592
368302699
2069174218
1511083139
906382568
1879234868
2094537276
375604937
424676378
1408907297
1491913273
821498285
713895754
1106299152
262985924
1728869637
453373211
771788687
917880445
1213446427
1694655786
1648300112
369145037
88685922
1121477177
1549727819
714459306
1162182768
238819869
1016014656
1676271950
603747478
368717542
1829467800
1775668098
2096052049
2026606437
1960271728
1905667073
405762864
1739719580
739932741
1260464638
491849775
1673719500
435205418
2118464515
185192122
646520755
866584150
2100419588
2056486643
500474614
1275538157
1880840743
471159959
5265202
1865641399
1150515140
678781232
201697051
186983642
1593616581
842684591
2063142158
1674695252
1410078160
1786864187
1492292455
2031795569
1648173722
1312837036
917396193
490189898
876224933
1618774119
1419917308
1654472975
1048105733
552580043
548296613
1728952726
1214990943
81171503
224390870
353338741
515116562
112819612
547764037
1740412498
1616901546
777798644
1280232859
14677754
627692882
1445768843
300048549
1585671918
1648415371
1615008137
1611217630
22484487
323486812
1104224366
1554091170
1930578838
386559908
1201659225
275747660
1795753262
1609816146
141159555
1116168647
584405396
1851827757
771252068
916842843
1794912857
893288742
292271393
881583567
798096947
1023937006
1136493570
1672747466
1096476628
952616632
1463690553
1468368959
1812354532
1149256001
357867216
545868798
1904004152
246471826
1618394688
1682153651
55404747
976391581
542966765
1632282603
2016169458
1586507921
1654048958
2014736213
2037730645
239974707
899761283
1070822971
1941433892
1129992684
1674804652
1524292903
375295540
310112847
914025933
1155912025
917806624
1309360447
49240837
474791750
1776019599
1607659847
1468214299
2106349097
1170576594
1084751998
1642114441
1996977743
1382474510
691135113
905872944
1432880437
260841234
1689899766
1186115993
1084037170
1574219887
260494135
392640002
1697901445
24040026
2083671140
350253365
1750499385
1545294273
1748357835
241241464
2116644240
660172909
1901405493
168401033
1151887439
939086848
973926777
634506864
808087676
656286862
177135121
799877310
859258941
1194398326
750193062
1912343387
704928215
1324846629
242813155
1713205358
828245156
80021100
511276114
1520105222
2019870186
764740773
122315338
554956124
1430879212
536757333
1700372623
701399722
747038973
1305172203
347270303
699245310
856287848
808372595
1387560126
972414045
1461310256
339055087
1479804204
119913831
1766046780
48638058
2141685381
1388801596
649838823
203299933
1234653323
1706658612
1889997416
427116501
629165769
2021437220
191483492
696940568
1735119275
1629778273
632212950
554179453
2045532182
1839081027
1505765588
1327142795
1946948649
1148356189
256018749
38003433
1494021118
1816074264
1590563858
785013481
97508177
179293193
769054452
1722054715
2034886632
280970030
2105593980
1468832792
644573565
1011013665
723311705
1929488371
1729876527
1468134193
468732068
57896325
2142866566
1881007303
1804697010
214012962
1646828392
381197612
15288884
37203000
1971000638
425119382
1853440110
601960222
2082579532
207308284
109678125
2038091486
1643584636
1532704153
640332580
757264910
1154976779
727791613
292229642
369126891
1735622037
806783094
152739933
1321933711
123497487
584840757
2122298918
670439783
932070358
121136900
983525201
263128305
1341002902
1288125153
1878339826
2114424219
711275081
1845376507
49887109
640747446
39522479
704093179
1807873919
879561327
2091175530
1643106688
895190831
1517897886
1071936422
1817334941
812051523
1484478020
2042102872
1060543475
1419713549
492904517
309069258
939495407
669450064
232456701
1417704882
1801162124
58621400
55995400
592136494
1165377778
1874322461
589298400
63861412
948962695
1345478163
895478359
1889412949
195004904
858404251
1110909598
1219238044
560032234
413642828
1644191761
1699926632
863730834
375774975
2056172293
1212568993
895185867
1095499491
94260777
892648338
1070957319
154363949
293530911
349322335
1292814796
1512770455
773673540
1756143302
2079445894
329889883
1242518295
31368273
1347770579
1178439433
1685743576
1046256772
307613349
1913072109
1678998485
1321789449
32876058
1296473976
706358443
554458377
724281936
619111208
629233806
581607600
488083853
709675625
236041844
2015490283
930889430
142319751
915093712
1452751321
609148493
2108366362
129299273
1714585658
680525307
540929915
1481953655
1342880143
1075451501
890806253
2072824389
748693301
421950237
340661989
963211830
1060110730
801054319
1685308267
70514516
627780395
368454749
269412189
18369333
904581744
1050048397
1601398130
1860023023
1123250301
549854708
1759698707
707283037
1973762848
882326709
1789975255
1529794372
12867867
152519277
700001803
766773736
1926013418
978143550
1568494453
266409496
2110369203
1257661569
1098061521
2028868376
1918728013
1733072990
103002372
1877509836
995077650
1745488627
636188979
520322153
1047400282
137366428
1375778817
767234340
432864287
361672981
1639629426
1654151069
2030879249
1071388804
2128388052
174684022
337150023
2096097018
1716510281
1056327978
1531757998
2029309215
1734890686
1643985974
2081459196
666831832
1660457753
1147606463
1073856083
1117178667
800329355
1326774768
191365196
1386944101
1816865155
605746773
1630923476
119833030
176426888
2089887580
1592471337
2096505193
563288601
944349615
503014243
1191477965
1008306141
989313488
1486657333
1641928482
1104085369
1011415586
1511320633
1414389726
1597000585
599385111
2144747781
1503487633
1637221770
90266129
2105053234
1962026135
2103054499
1957356470
927693731
2101168247
47787755
2030216885
622181407
620840219
491524265
894740722
1079383839
908058021
542449598
1061264063
1048263804
1416093873
176571458
569935230
394857306
2135958615
637992222
678194773
258034338
1755684900
619512277
1098207052
2101809093
1585466922
1484295762
1825530491
1124396636
256450990
2074041252
580024182
80941248
1949846653
624835056
505333275
835676948
639736824
1362698775
852834373
736368894
614936138
1352386541
1771373684
454140808
1196071993
1166449840
864098037
1113943846
372008947
1916808819
729812385
297727435
171645124
1991084562
63307502
2137555335
2077734028
1950606717
2118268375
34537704
1920306636
2045277999
1577667962
2075235579
1618228611
1716619415
1438079245
491378305
1642282159
1146172111
1116233876
1992406111
1643098311
174244862
2014155257
513928166
43415992
857246162
454242892
1989847602
1843643520
1872198966
885693047
1686822878
1477710052
898143516
1520385207
1849228542
258027461
1654907374
539566799
822190582
796252226
29396300
1248895690
1370364541
1595911370
942822290
407748460
1137068631
1985838399
161779435
1502820232
1859866973
731239989
2054321752
250916225
1623972836
844390636
863968875
1965730772
1394369208
1463654369
1467256876
1166111911
1264456728
1117007283
593956779
1432049987
1428463398
1030267950
1166024753
1647792882
1395024611
790219250
728001897
1067544872
691064878
389430918
1813858135
40030709
1932370114
1651932635
1833192280
737194265
1787855996
589658210
1468263600
357696055
457838420
518573992
1628302580
1661718756
794334320
1571769802
1460224022
1620025424
1959513604
322495805
42421045
1695267113
2002306489
126134172
1034976833
130345092
263245138
210582495
999186254
1480229421
1144783094
169488701
1541907403
1200283237
971041545
1402775314
40513112
423554054
535411427
1629000525
39706617
1183868977
1233286730
1467685512
62205796
2030298585
1055682610
783336767
1858486016
651204539
362336979
995335908
1648130801
126067655
326349731
9469208
901612993
132086544
644354797
712888306
1039478393
560222482
1818767897
1487752920
767915843
954023139
1120326089
794002980
308912834
615026676
1914255395
1353062251
544757786
647435994
1800397607
2056021709
946042360
1169420023
955828418
593175880
1059995459
599841545
201512570
1083053774
2044196649
119364094
1174316307
815188297
2015230152
211499034
461446147
1235088812
84975803
962514151
1300398595
299354966
577929433
2088145264
1375593364
733446857
159575785
414754423
1350628343
220906001
955678210
1345733505
45324290
1805061710
564756929
1422181889
1762266497
781157618
1545298841
1339298769
1079687260
650756333
1912938748
549102928
1219042335
91380665
1298472343
1853315783
2108004595
899197857
1484492215
1943672167
1861330707
2018084399
2126889943
722027831
638421449
793900527
1689879386
1286561812
307327908
1675645197
1663405121
96121143
1400419839
1356274391
298354178
286669756
1091141489
1691211301
846592913
1197349459
240984662
239606098
1773884092
1453432140
549763148
1070556405
1693233983
893726193
1431504362
166287285
1547496573
412629396
2127498119
619591641
592907150
1800983396
2096657121
1908299926
1928773786
1530593194
400316088
240023941
1817341086
1488474048
1274970101
1773055718
415171459
1692660617
1098572132
1209714937
1099368868
1365322677
1814042666
1415442665
642398412
680382767
259071198
1011304150
521560904
1982525310
1376526608
599690332
1163709604
1109406999
849943580
1942422276
2105390923
523940963
719427179
1466432533
1078132453
875727859
1633281741
1508444751
1509898262
1587852785
1509117608
1642380905
1406884821
1301944294
334336239
201476160
1053627732
362955315
1606245437
644450593
276059757
1653460626
1546792292
325539786
1352919390
1659857633
2077704884
1763432277
1688776928
67103867
413608962
1645917772
80958927
1171327190
301912414
1720258047
1155470399
1725460780
1403008573
1679773352
1970238208
175442890
1960694363
1795773356
137084052
1043880036
1488873915
1187920703
161892520
1840050330
1595309951
1812495078
2091402472
672548666
1874782478
2079960516
2026950463
994041754
1373071978
726650576
2126983956
837420416
606476235
1286828060
1264387712
312244774
218851446
155697553
2140771561
1768789566
218344678
441092776
1223909805
379319186
120228264
2069759013
177082310
1329141621
1544199228
56372504
768945314
2054533809
1496628748
307847924
1395245679
2072043334
1476385984
1978548190
1169289265
130156919
2145172649
1854081126
1044127374
486137093
1076492622
686604399
1907034089
1414034213
113332962
759422050
414003263
2041617046
1558631698
757346722
270098966
933968919
2100252640
2100930541
982835601
885696419
643942826
1692589006
1605967527
1007323299
179783385
157031665
181269742
2084364555
1606982319
1365715461
436230232
2132243656
119497215
849089379
1059046754
747438125
1501187778
1314057348
2020581805
2010389304
942147690
413774234
259546838
118267809
449195353
197929737
1324850936
540247630
604920453
333201294
1524948884
959481249
1531630661
1143844479
741161453
469846812
665984846
2016860012
2087896897
173272529
1297529279
1204354096
682743725
1092746709
633415770
1374706482
767579758
1911533672
1448151606
1862174106
2101865604
1434627132
310423075
1571145478
1272704974
761463925
1501714101
1860379133
63178501
1431009193
883869561
1158294654
2095778705
1803215877
2022170425
1019303892
1906629720
203549640
1611446672
388514670
1735235816
809391853
834285661
1577563886
1009445554
1943980659
318831515
936436193
521419803
1615504182
1724346759
46188963
895436949
202693387
1372612584
715852443
1806961740
1666449159
266884778
308892080
469047132
2021207642
1463615899
1757311132
1545041114
79973902
307698509
1578074566
460878795
1443804601
226477608
412749365
1794189789
1771825082
1213379219
412216154
824871699
41982920
1691998131
582621940
178241644
1071958904
888558502
1639057336
1788335146
1945587320
958088715
764764055
27496679
1066726836
1366207992
1716147782
392708333
765003187
1371081019
465260320
1789779510
304796793
1993044844
697939385
1217006024
1032846028
1892407401
231004546
1570200262
782611091
1770909697
2049437775
2121710656
284675721
1905247817
769003854
970632355
1506659172
8747104
1350812103
1882259886
1424179452
145799481
514162968
100782124
1032640826
176445412
338683985
1850545639
443958388
1005987103
1907487821
1047123946
569583147
1005981061
1893450597
659409737
615836299
1370521593
1152185241
457713793
1621465193
1445346597
539104963
1481579122
261579876
946354533
411728225
840407865
1273759375
702077688
1217109002
278148665
45419558
1956323415
1236376554
160377514
1910064696
897963334
1418343414
394442902
2035293916
64122717
1332848663
2125846065
520388438
704079049
1747712570
1082858992
327520232
882086652
1834883323
666042716
1309184059
1415563928
461976758
364907170
2069445477
1016197231
1677403512
553332627
1641797114
321182052
447048790
1248082575
1814112084
351707640
1505321784
271685114
1505209854
1997167577
449027098
948403898
1814259354
778264118
330625838
1951988158
659371914
732933105
1944286685
1031213924
571980611
2137257300
2050702278
427748231
300175283
2133249776
1951224975
1798359546
1296341813
940718086
973461894
299313653
690468980
592700714
130116496
1891686370
662325148
15499124
132649352
1201841496
211447463
446011129
1237269200
1177707626
537160006
1121982002
2092470012
1569105324
1281847275
1616634668
83667856
162012621
775747414
26235259
164885781
662714865
741169091
621791892
1677540052
1684501356
1844330679
2107408781
1167425751
581701200
59231679
1021950931
1834349919
483181782
179012063
1772941152
2058592345
1067006964
219699746
1605469994
426263870
1547730537
522653156
1987246465
616418119
2143834387
670141637
1280502735
650208916
494452193
537116470
392111059
1926445421
1232500951
1456720624
2074423293
335295262
1341194782
1539862659
2074411614
953107731
567636951
403563852
714187234
2053227810
356707170
329072780
233377308
621562947
623732982
1539006765
2083034222
2081327240
868644182
1191524639
261442670
1647631088
1250031471
1747047020
1339668123
2020083384
1260064750
643128847
696509353
770944300
211635566
1264991732
1687453798
477375611
233493843
1306910204
936859966
449412575
1676832917
517727137
1566241915
1705559414
1307661280
2023962652
874882763
2027130688
1658988699
1552789284
2020598652
1062593742
1704424152
725362440
1210441617
894637996
778224067
1712523116
231108039
1566357581
1625290705
1257006510
1120333410
1145367550
847900672
2060761289
340941997
715832634
233858479
1277496283
1447212402
1341496823
1547067993
1643565267
1834203371
1937691036
438893711
967510394
1409598575
1289264291
2006368681
1984284577
112555178
1712269982
1577973204
1755784286
2145030029
36257895
12015990
1332220781
1540951719
1217535598
1429445656
551992522
4986512
1252964662
653503284
1810641913
500335445
107116340
1383544144
1638605515
1941721293
1902347495
1699047168
1926492492
249986223
789632783
2130785215
1770796314
670303972
148892261
1192862179
1098148616
2033051547
1028281730
1579615311
1119094154
325491453
1433765765
1315324725
1958664741
724951774
1105902782
623794298
1453500158
699321865
314220074
921043656
1233597068
1698416216
793517817
560470084
147199852
607646917
265324566
293966420
1531891046
1829939581
734337603
1964373507
555881935
458266668
1329962999
1759233679
1317261989
1297415058
561461764
793684671
2037355408
1970792715
1726048670
288626386
1930259239
614519811
222510349
149382142
1785429450
1255549294
1477109249
2090357054
1694172237
1470407826
2104555053
1936726665
1227885687
1537972079
1614744381
181751429
64334880
761121225
608296855
2072374964
895347140
1554182221
154237612
1157732992
1496108715
104038682
1317398433
1827951807
258439753
817713505
2020727109
1115239568
377719647
456561567
875010370
1391377507
1001497878
1503297806
1817172249
588025803
1310891255
883879783
1453750340
1660680621
854848545
1185174095
2136634570
1704669882
1439191301
817580857
1043558022
1702172164
1278820467
629727128
630038916
733732691
196713397
380650256
985263847
1941674303
578066758
26813672
1357391700
1858150068
672599405
1557255083
1928123112
1658967614
1723255345
1189962658
1043941576
1255949153
2077319170
885130565
454885639
1812883065
184329050
1255761524
2053569583
1853134715
232886753
1521182191
1238106773
675533488
785645545
339697415
1546603499
1064573031
142453772
1426156017
1529677014
2140377971
1776012331
1913093664
24206945
136237169
1384568689
658039070
662271042
880797136
63903383
646132892
31183209
1810633101
709479722
1169297062
1902734910
1853578698
2115982364
152590957
1388621113
209457752
1807202186
1463165516
1639997992
921591604
1524614098
2074269304
828578566
1250322371
1549885803
468391489
471043585
960094873
1127733267
908245606
2008757825
1252293812
68087284
1704202467
1841534102
515817521
2008458624
862450605
300944912
1947258580
117207768
957577947
599339395
1176840930
1805297552
1314522215
625019411
263540927
1881207364
403533724
1582661914
1820524485
1988886314
306385217
1811306933
892336830
1599623978
1236161422
239109769
708318546
67752104
834762723
466430554
399698772
910730935
115538024
1848664937
1805279809
1909201864
26327418
1268978170
1989354655
1855527680
1449326462
605854130
34005812
2015634743
1689930847
2046788281
303300519
1628332721
222274028
1369860497
1006168288
1261033073
1359972726
707312226
1504765586
1838004943
1540429664
445532946
1003440424
1049815091
1398334169
813919691
1472006189
366127662
1424209106
1163464221
529973457
1768600974
451372952
745515685
1063476703
1237450100
365999258
1028657034
1579815717
1915034968
1984359194
1933778844
1317209104
339644204
226731968
243020469
1449794879
446463317
1877464568
1223732970
2022060635
754840070
483760846
727476780
657839330
1636365264
634594701
993227478
2022021623
1120022513
1927177970
1023486871
1644375375
95419846
761244595
1498539177
536339180
938893376
1683344423
1521842382
1092533941
752673399
1877176499
164433124
629776986
227089993
1374157837
674913225
758789642
60039610
1175354188
1063121727
714790373
903530995
1522199271
1345560726
1361141335
1825268858
290916264
1737234818
1101532318
912613503
450220971
552713429
12497648
982212695
384023369
1144478837
303247559
1774737759
1038292179
2089293558
1225969961
1060474566
468663755
591400995
201892833
1775761711
1038549499
2043339721
1827994724
1113458629
382542326
953051024
1906752777
1166689104
1834412391
106665998
1035197716
694097946
248941770
1683393761
746734065
304421454
489953509
1230643758
1464107469
266270182
576624726
2130549101
674251094
2055014737
622425822
1511512832
1921305543
236497777
862057036
867617877
1608016685
412395728
762226325
295338752
772329283
31883937
1509481109
796213378
1672168293
1361294405
1862358951
991114957
1612891176
39962185
118849525
2045869199
1095161364
1319783986
1367285535
1461585438
1032239580
781888100
1582623400
2061665499
1019004660
715883459
2131719191
1650244177
1540818751
2070341381
2121257392
1646978476
2125004349
500872048
1679175706
1547516676
1992950854
137603383
129822567
499585806
812243054
1063619383
566711653
245723926
1659621748
1933870704
95132240
1388477404
410125865
1997807238
960941507
249987500
1478587448
1112841709
1824865294
564561247
477676783
69706896
1270865239
363747694
707744805
1859088925
533739433
2140018429
202318024
1161320251
258326092
316537073
1806397475
887728371
165601201
606177692
834930108
245427429
1997674542
381833402
794242553
412350481
1940493977
140508803
1964908318
22888651
14701031
1453554367
762212219
516592008
1368551495
983987389
972229468
1760466299
1357526735
136611349
833057371
1364165339
264513633
422148617
589519660
344462251
1909831562
1578175971
1518168006
27237950
1044421548
77574274
680737574
821454164
1547671912
1833803636
547580686
676151761
562411465
1563319008
270385762
2000002399
1167698823
98692823
1614447120
1255033433
1071306949
261448279
1983959026
1483685848
569827967
869156179
1652630852
1016378565
1497849369
716122375
467006828
16674742
1164514380
475184246
204086255
128192903
1780636308
1644394253
850305150
1669122909
4226811
292844350
249154806
1559866875
2113187919
1716906101
1560347614
1185569492
1605318435
1381851686
1671834131
1459983307
916324370
1641916001
1456067962
1388163197
779158999
2081300949
463769090
1376916247
934246709
25293124
2069214808
2097638755
542965074
91678175
1514463529
582525539
769309026
2122043972
1571243554
249849123
1752812186
1002263633
70611192
396204488
1919725672
1936140330
96889371
1118163769
360914456
644820985
1601898058
1353073272
1387532576
1855992203
37901643
665416587
846382240
1713651407
652651994
2091047584
1587163119
9531408
1119798388
896750431
1753172020
766331999
365638678
2119330870
1200800542
522515526
2123501534
914048178
183847916
2022788228
932145725
1551782303
148612002
933471244
1349547105
2047157465
2133022494
55384887
411906153
406205272
1063827202
1676160025
2073963165
1341125010
1544921403
1011528839
876082786
1662178365
1367921627
878423713
1721684003
2012766109
571204774
366832788
6420877
1903226660
1290029690
260158208
1322549049
962867985
2001875022
938862868
145851676
1367389932
160576327
1844795250
1678328076
509915467
1948598356
2051591074
1438730530
1755415726
1730972142
1905268330
1851918993
1861226990
548647920
466115596
809494278
1648234524
1662854994
505023411
1644685891
714901680
1763353279
374492543
674387059
683650479
563261082
1425993563
521808847
1489564996
1924978720
619533626
665060469
2108144215
1951311483
250647499
562980294
844507360
549927872
1822684866
1728452382
824650707
880095945
358441039
848597733
318839945
1674077030
1946122002
791948501
245194801
852105443
1488820857
1900692471
1724373077
1676824801
2054669797
1080834876
1372217249
1179217325
285281152
1734147998
794886225
1948489133
643597776
550399566
512965667
1590028051
884599131
403670142
681102421
541990349
2036293645
2011536260
1916463847
1303400968
1097287048
1200618229
58963013
1517666578
284189428
2049045870
495605918
409344346
996825521
131719212
1744097039
2043636323
1994939785
1865111663
718406790
28634085
237972777
1662700605
192355122
701468011
872192952
76194600
1708210022
544687107
64728
1407783499
838189937
1544193011
1892132439
482073026
135053358
1200660604
1104799048
1334607159
1057660545
1458006171
1018210786
1523395499
1446086977
1659038459
317856762
1163676045
318423826
1752356630
1287859097
1983527163
1153744020
434702931
410514444
1803412433
560617108
930142400
1862471494
320332818
208472775
1348108028
133857819
2118497731
589500791
621464981
1283795219
1018920032
1670390269
1503617498
30490670
156870954
1707369698
2038510543
1041484012
666103435
1516780357
2089167591
628722249
1135030624
1512043105
2085786072
2137990656
1595397847
1810479369
247438413
133754572
1610090928
587903859
978241817
1678790878
1300287724
1161207161
1962489970
1922885812
1079231842
1625629233
380589181
444461299
270782624
37963476
2145470846
1230843273
1057534746
1794099730
810624111
117650990
637354049
1820756740
849182191
1950493236
744157740
2075301686
1188888552
2045875923
416218414
1010162132
868586912
372905529
1089394764
1367058059
225151617
1424414031
1784253619
829936267
591139531
318229909
166971897
31681933
1451385991
1611415977
1415770553
1749519323
673395437
1991457619
1333852728
29947445
1189850105
371010396
496974550
1504955825
249667253
2020193176
986005046
581583123
462539590
994799862
378595576
1817830680
426503338
1534908228
329722831
283233320
374536142
1871968308
1686833114
1579399335
1869691063
1666288434
923154720
32022933
143853303
723610614
275867522
1690870163
1918408947
688286460
272148442
1718318376
896147522
494121139
1095633315
888522771
1278791204
1650639631
692432714
1697906539
1735191127
1992137709
1510117921
992745727
532834688
178910299
1992496924
739260847
1769123637
1338641269
1061923154
225802497
1528581350
1454104884
1380934372
394170434
1782854665
1794368368
126457936
1481557501
277728976
1369745167
1315509834
1617423052
2103845405
784769986
1094342200
1682857879
1537672677
1398118728
92644676
405819780
1453366950
2090479956
2146645374
1856192587
1713088236
1175235069
330946561
988789166
672704906
1576451321
161981939
2093681764
998991963
964455902
1309576088
2018077735
1221016477
628665939
1954161603
1842401605
428488348
261628642
1818435403
832757840
1684985191
1350624535
1162392627
671133809
1842399509
670295204
1022989492
1629296651
1216389523
474775967
1825650762
1201709367
1936295690
320846183
912326285
1481082286
1614332096
556552516
148335295
1109159241
585887784
1055697817
179945930
881194699
1149771337
469533548
662638106
416450791
537592255
643761896
2129641803
85764374
1448773293
2026711136
204131162
875491788
1655468813
1055290315
1315820407
1764743167
977378816
511374332
920303202
1026883719
1740648984
1720742340
267787806
1894931086
368571086
1516803580
984046815
333895147
1904840262
263891476
1344783641
1961530161
275740936
1475742594
1858857906
1627168602
2036473739
577606273
639315889
1061258022
871802658
287527298
1345891352
422932211
1813159896
1243499177
374194703
2017774578
1247845642
1847664544
1709213377
1045652150
827897554
1038102998
339382129
1535155280
764820015
37236035
38697635
635157495
1911787451
933810902
800738659
1853397206
1362447590
1012820563
2111467374
420039125
1282814182
1599689871
1028664227
936398636
2051164162
370730103
12304553
1155361905
1551457922
478763334
2024772743
1625350533
1360456871
191658560
225234563
1314261174
1881135253
1686035870
1253654760
74680324
689975391
815800639
1749466386
1702342381
1403807417
839339955
581491875
889363399
1620810373
779381845
389825387
1388278606
341537671
1002577498
452697333
223046191
1287774815
1131187513
1033690756
44388562
192598173
1246643358
1616806671
684975966
943301723
1306595652
471977442
387540600
889601222
896105300
54917973
292312806
2088452911
1139003191
1838911069
523040919
1629681080
1209500944
703487989
1191614186
536240423
565734552
811869013
949140424
1317606313
673777430
757057700
2083434803
20856454
780143427
1158063150
633856178
189636649
1181286981
1608994460
613338520
915737528
1475175556
1240609101
1724127360
1181009193
173598578
676110177
1471027596
859385877
80270484
610808871
954555862
1869945619
168909788
1586037737
1275783530
125206434
1251381805
847552429
1057359303
1567122738
1083581202
1526847806
1503853021
1854448505
938449878
1245902983
1883089023
835812813
1757817949
415196759
1729070569
2096727073
937863435
1221006810
626970955
1563987261
1796247146
1228939848
1250220604
246534134
1733748257
880513836
2021016442
1199823168
85138106
483009960
1213767371
1119124587
654243355
1268394026
752590695
263012244
1317191711
2004985863
894701434
1153624030
654333416
2050881327
1490785995
1478950294
1171651204
1297923258
555040502
623419370
321133015
1802812619
1590716150
1302222739
1226082144
630086579
1391067145
866639860
1518782338
2073773578
855900810
735003218
618055416
95030602
1304827577
1323172889
156433024
1710449999
71044998
853594473
1970603119
674363352
941128101
490148705
1355083903
245745222
916766495
919377780
77371414
1829289055
2126468238
1944784590
1315165839
439416953
1876979509
1662281657
933962759
6183535
1612974944
1337111375
1853181823
195795283
1481058670
526693008
1148124400
438206743
209175585
2032266007
2058260123
1095516857
359083363
651085392
1469426827
88874564
112892038
2115711415
292114620
1510302076
503194122
1423099501
725019657
471860986
772593346
499545425
389333929
1318536803
67628365
670420010
744371672
1638771474
1413279356
1288537521
334475739
1514259764
1467866695
1903451953
1756132096
425682991
853002634
844795393
1315471567
2143627052
1621366738
1847491016
1982749384
39896705
778749010
1167584727
453993336
346630552
1734937000
383676549
1840482252
1403659657
878810381
1041334905
647683764
1175252506
537345878
634188445
894059286
811479663
2134187909
1349017972
691064632
1632465522
1170099752
155150983
1981713223
1128079551
735042735
618746511
855532376
1834353271
465389401
1441721325
1406080425
1049572943
1382012931
1159288678
1382018048
1149639925
1093912740
1523167048
883713856
278674500
931528232
29147247
656601194
2007036739
952536260
465654272
1678399899
452544815
724233737
537847282
2091461992
564052667
1062435616
880226515
1161884767
2014466108
1338523890
606299432
1688652313
66220798
2137048607
103484705
556266940
1485916822
1346023924
470272000
793533197
2093283756
1371593790
683761591
724645126
1660436712
1189279547
1614765671
1215366811
62494930
1110172042
1615067056
1633771818
561758752
1288650375
433352991
1720530595
450582278
804830604
188514987
976382680
1268955458
848698521
304827594
218907059
601062310
1397414965
2063982532
1308293295
310292266
1098114475
654406490
1506065517
2052283319
544236106
1662057652
1003201986
680692755
342128222
670300123
1635050534
1817982775
2015735733
969866624
777942850
1080739811
1577161657
242400787
605050830
2025682519
196835584
1773366837
1510396536
2120374334
888369385
430765180
270377911
724340199
385150128
186444376
616767554
532210712
581836819
1339155579
981584077
705219743
571974539
418356264
1141429739
1932267629
1424936607
82241699
2066645395
1775592070
1381670864
1794456709
1142619612
34335097
1003463025
172697560
433350223
1218856532
2103723633
1554843224
1436894322
6878954
225202050
430981360
979292920
696045003
1154444441
264809602
1500979595
985770000
923209100
2060211434
2063818656
1656744770
1685856825
132216141
898103293
2137269431
794103628
61753787
579654071
902691941
540402551
196961775
136163915
1729500064
569228422
667486759
1813192652
382563750
1127654927
643585643
560499751
1310896011
1763621373
212115722
578893362
331750279
1808452068
2104290782
1567797600
1617301754
197503265
798492857
607739627
1385911879
1011572849
1907701439
1416166652
2055562866
67881054
816307598
400546988
1341907314
1597123153
2134759363
189333910
1846602783
498445729
1982228853
2146234135
1118670920
1291478323
2018861407
1533969018
96263884
946428231
139616119
1069169806
713096294
1603079878
933274158
265212271
1924681129
488674406
1152148517
1237627936
548285038
1763321965
951895511
448711809
384487633
449131194
1263196865
968035100
1049704468
1621496330
598860180
110473475
186075519
2007138734
1923822314
448501136
639285388
1555461257
2147016726
483853058
796527328
1890550462
441118808
1873487426
1109730130
411238850
1403792322
770242099
1491048259
414692157
1944016615
2134287677
1097728734
717977335
1604288259
122461693
1902821585
1918632510
886593747
674796687
1400043615
1386449639
51737911
718008030
402896166
1821860717
1051496212
781279128
605215415
1297833398
1977797510
1565619029
812968948
150019045
1031458081
1317163364
971213900
661823886
1376626002
1961112955
26292774
1215352848
1034018598
1501742460
1292654674
780753755
32498687
1133483828
214031132
1434029432
769318004
298022222
1654491758
101654882
168039332
1599080871
805292756
975581881
553149993
1918424356
1916809804
2043149269
11785003
531339791
1563281150
324995288
753028953
293659074
1141410627
11961405
1611658251
1437921612
1250212328
1870219939
1786940359
1702167274
1980675722
1347948852
1230724520
1847576892
384071371
363622176
936214759
1033462549
917082173
1455622650
905567805
400970839
1661150513
1526154929
1080863601
936665906
1648829188
1281400640
1185561157
1077429417
113640916
723466846
1673381847
2043919635
236706422
1262382200
1440744623
658817719
2075552995
1927792833
1182670579
1508740212
16118075
1029528346
812072972
1073411603
763667501
2073459518
116435191
996094750
905518071
674393605
1931453123
1895883077
345983882
883409134
2141482481
210469637
913970054
1831272380
1841063680
1950758137
1328247798
1783055464
710686435
815404570
1341533791
1414541515
324515731
1296569939
1979155776
1836965674
1877732710
1500663418
849021929
381479685
164206606
296578439
1770096603
1465431764
1341796538
1053781916
2026113242
1028934075
1924543734
1359611716
1821706835
770430115
448188045
850115375
926944146
1873921574
1716414126
657610248
1756534101
1152487920
1158982862
1443231375
794985743
1931980503
1962603023
631949608
460869717
777998796
120373460
529239415
1529067324
218610380
798017263
1465200218
1529429013
1599690246
1163529396
360852307
1133153462
511871924
960189242
225934692
885301706
406937144
1478005545
609979114
1518981050
445598823
863142792
247566136
2146982026
1518224770
1985161513
232146112
1281211681
1568090682
628337242
1308414074
730656211
7631733
141692360
2028538468
1092661697
1394007535
879667556
1168500426
1704258771
978695920
1052048105
1071086457
353475450
189762512
186093521
493914914
660729658
179390489
1933148323
1669772714
1560475172
679364312
1699162330
1055212226
372323869
1301587643
685806558
20309362
481407697
899711713
1649499331
1729089355
863522549
1527843943
1436351964
738370749
1092278918
1789738351
1937322470
1630888635
71691828
561338875
1389497983
1305339858
47674942
311315935
1748518988
213333622
1604327659
947240557
442787832
1254202258
1814685026
656613041
1473636884
115007926
1428962751
934949287
1619211533
1233466167
45526911
2046777333
836545601
325396367
1746758621
69559322
1825679142
517134545
1228480845
359948796
434468175
704275618
102734181
1667194994
670306371
24958545
588256631
767062629
1068106133
484127657
1375556881
1469667442
1013074707
1423085415
79148569
1914848528
582728760
1982395468
192064326
80690040
2134280449
1501925088
1916816850
628545450
1588580636
937297970
208930958
849737746
1507249012
569260287
664926189
186949891
1063259576
1624309216
636923046
159344978
844188904
155837253
431157123
18741949
834519045
20276599
1801778830
1983981246
680797403
544418274
165576641
944870106
924100643
1484145879
1405313110
678339496
624324000
1884588861
657543134
1431311794
1835184847
1451228322
1371492098
902061873
1797235664
1953006858
977228970
726418834
1138291096
769971820
1212636026
888634853
1150804407
1341296347
1057172399
316380133
1697472998
2141892288
1545263287
1327269725
741642049
115356519
1741601726
834928655
370937965
2076983699
884020390
1223529252
1183371015
1786220119
393153756
1806342131
1093149193
1979780606
180762814
1315655498
699950316
1268924361
1208807333
774940393
1563090936
870338593
1173374243
1685865417
732653264
798105394
393947613
435469498
663789381
866590753
1894662937
482130656
369730206
1681690300
1380403485
2118543971
1252599983
8571452
1815790040
1160970339
1782544222
2014670478
361792078
201796299
1582222307
289579988
2128003409
590076721
629773322
817843648
1712273655
78239596
1031040016
1200494248
1865773214
128031960
789556450
1973769915
1050762756
1031242098
2117874044
482914894
1905427013
1099837929
1285534281
434104821
985107795
109813964
1993860571
83365984
863000092
753423871
592353955
971593187
851705353
1381005457
710777545
1973914836
115845529
366261792
1858581220
1528685594
867069525
2052658180
994992726
1760314245
1662330955
829800397
1060333461
1398419730
1917344049
1084933957
1463939925
19212622
2039634265
1719707233
1991503826
768545772
1246316482
1360993617
1399936634
875690880
130184348
881036453
1520120470
1851091419
1562842342
974474526
1418683887
172884539
1440169444
573370634
220880664
1009390639
1181409659
613171209
2006642069
843934575
83521435
1848322505
137670171
96589014
1244262413
1004266294
973555474
739455294
1208535929
870866967
1339647498
1578959858
1597668207
515497942
315337979
994252650
48596601
1968666527
1135887821
1966915235
87363706
1392239505
1916913755
1719624939
1668519557
422454205
58725187
1308612917
1222476787
1580308378
829941807
134146495
815134317
1356716827
2072477574
1803584328
1647377398
2037316487
637719879
1747703817
2013392179
160717383
748957606
797077690
493551759
392031137
848202659
1785087148
413893810
766929261
1798993224
1107345909
1605788164
422270989
1885811774
1792391005
121164551
1904647781
61611304
723386099
374459476
2101840868
361712542
251052188
204003656
1335525679
1424154640
799495667
1860257805
1553710212
1881340627
1738610873
982570195
713545036
1373143302
1874521345
4060540
1251019485
839775508
1277062278
29594094
1817210283
1996128252
1334262529
705648008
125171678
1788938789
1173733313
327110490
64947693
1102083333
1464726073
310172990
1085093915
1742663045
1294034791
634784148
1452609588
523671017
1297413709
587097859
1419670885
1723575554
1159175160
881982836
698790537
1216548953
15308165
979257235
1442815042
170961827
3962573
310869214
1290018768
151096170
676171567
788221544
1149726969
1207642519
2092705716
1263981235
215928019
791601356
592936454
441796545
1372858703
1974730434
740745676
64025912
1797507527
486733634
375638719
2109834671
297961612
1436890266
960208313
386314484
610657723
1349695109
639980959
1215580286
609295039
500600383
1240084638
530077090
1767628468
1092451421
1236215118
722449822
366089277
1848385765
1165183102
596960930
830133826
1068819991
1802060381
1060990700
519466528
309707566
1069155438
1441145883
1958539189
1126544520
922880869
584089308
1643796063
819699303
1963912612
11863042
861584717
735624275
1534396267
822621212
772010053
1124955322
911515268
973006281
691514615
1282007589
616882804
1206218611
1702902402
994977397
1457719075
1737426576
950342187
996909269
1354624673
1987516119
467678831
1635153236
399192770
1750824700
657307091
1926938246
772218325
1885513976
972333281
196405882
1003416698
469444425
1652598740
1569130440
519862379
1212127715
2076726397
268918117
971852838
1175312584
1774248032
1913707222
1916518697
1789755107
2023563090
632265917
239524680
802401728
1268226468
310890536
1350791248
1723480282
2081403212
814461163
641740160
1536151990
2128360103
1809911765
2136961079
1759691797
692477394
1048306359
1849974457
1583441059
2079340937
479514693
1795165880
240092098
524249836
652821767
2021229327
1384741410
380309431
1153513529
1926762742
826690214
1894734595
1662772477
829035291
534381326
193223030
983466566
156460009
1867594602
1958334299
713143623
1429481977
487646746
1190694504
452709520
1240978943
1489775898
242314086
1537611306
1922950096
85679348
1556104287
1314427338
287809804
1364776079
1274343377
649660204
764133545
1349462202
1447301736
300864957
493824838
1990533229
1768034664
618662646
992029084
919527711
503797785
1194317709
949616041
1779764429
1350155668
1889537946
123918155
645172566
2105365523
557034601
200457011
472931770
825627514
2017004266
992131695
956822440
654152393
167785097
52214638
669484568
1629257883
413026005
535130685
343111081
1966581671
314568650
1241000633
2112501012
139183781
1486304879
438205199
181086460
1071974948
1995363074
1292751487
1490896322
1498906760
1910991412
1969736981
159918691
1664248042
1326994434
1049046505
478941092
1242952016
1575470070
922491909
1741235357
953476908
966896150
1710770809
312513196
337583752
366498627
2049340948
232094630
835815685
2060847301
398989181
917144837
564731308
2102404464
353715915
808794836
1567746473
1118144724
375780020
526809746
343058967
1030263192
1718053006
765856040
622710267
713964088
1807829071
436187412
1710384739
1075766042
1909176371
1007515755
2010370957
1627735192
645108250
1752360308
1528502262
289286618
2125397876
113914110
1695320047
1902283041
956208897
548151907
1672001318
196366476
1481252109
557483993
833297518
650293603
1735804948
1023762488
1141160434
346555008
465251826
1824602537
1736179419
1822232489
1706828588
893800906
1302226494
1927939471
1797148895
551652126
1419697497
1414033038
360428254
2131984632
442948592
1640224508
1390361176
387263551
319129375
1941656840
54212166
577360138
1032588102
2061229690
1454090721
1812619224
1384563224
1635716677
892988590
1397124371
276231264
2131769186
1968019088
2024483474
185721884
481186418
843654782
2079013810
1210507264
1875526583
1122435058
81680101
658400617
177224350
587793002
727449952
1568545322
584156770
610576829
150944753
1337639068
2080737755
72904234
36155371
740385717
73036035
1070225157
1394764906
2117376593
1784876780
144655803
772234386
122566904
1276133877
218702561
1927721240
127481321
2013617211
53580764
1880441203
648251022
630466559
493550223
288973711
679153891
593169839
726485770
519685021
2035344712
1375977281
182930637
2027070503
1628291774
957278194
1509139522
1406291111
23467829
1939465156
991354584
169066972
655504039
994834915
615063114
1578606600
1958449948
123910206
1579896261
1259538223
299016894
1324314010
1522116342
1696836433
131435975
82197283
170181716
394180033
1297725427
1873732689
991923917
1322522784
381285784
1548494102
1789838227
1091343893
140720126
2144262233
887943725
586181716
44673435
1092595978
1058735674
1042056772
221257742
1700591090
1594382786
1911991261
1353527763
1850365412
1533838949
1024919060
1597805826
304812152
2086393068
1062830234
1028292912
1384924173
730576126
1458437102
1728452108
1112656050
86665724
281419565
1761334762
444959850
436049459
27037443
793001163
1746692856
835973512
1051398230
1912222631
1386351718
1261217837
653815691
509636237
2119591803
1225049567
1940115436
556999682
1222747850
1597077794
1818200342
100140922
963699254
1133982610
1130430518
228933461
1970213164
815675441
777795471
1861345999
1988523726
2076355282
1595460632
109465958
866399199
301376835
1399236888
1327186122
928479164
1508982038
1604499421
775379507
1392299428
2008299646
150658966
873740594
93970009
1952859737
637645970
2073965941
1635762436
71249203
421319758
395261313
133999484
80697502
2085914616
1870868096
129151469
879197315
1134642686
2021502186
1615274098
1435966004
1963603936
1450450840
1009985627
711219292
210486604
1177103215
271263501
1374549323
2085247004
826174375
246583496
1988724408
73646506
1580570012
1294390365
1423164309
972282615
1670567756
852921619
1782499627
2093653000
751160865
1768941414
1252365832
1142112683
863527734
347651658
1347628747
489507496
1165154337
1045957117
1161479421
158340037
1459049128
1811570345
1673370999
535501869
1167651944
1983234517
1613522087
2102832346
2145323291
1244505712
794945763
1166214593
608213189
647388436
1312206328
1556421363
625529488
107028950
856046017
1628975762
1584914783
2128615219
1060409922
386267414
510936959
665164300
1505238344
1729502680
1440319582
548550936
1052424793
1725282670
1416844592
1555456473
1270327986
1171571955
1922919230
604417730
399508267
1220047965
2119334194
1900340221
618870780
1678108467
1592755621
2026183042
1164142622
1398210998
1253024066
107000079
1710182234
1624274145
787498084
512586888
1221281201
449325522
1491874681
2131240618
500696209
667902106
859390834
778683963
86523852
1748386576
1322168024
237458182
345783281
443855494
55334624
854643202
1617358900
1888635903
1750076483
851907512
784494150
1569634167
416685132
216639553
1827401358
1011266877
189828175
81774891
27850791
674394794
1528280633
772488356
1211396406
454186912
980759692
1377364018
1130847002
1010282127
1548826915
1351198575
774188128
1754494238
1550835608
1225713931
1311235964
1005362742
1617766853
344313827
70422865
2140566859
1533336663
1306108582
783602959
1358913497
451461182
415320865
599555971
416410637
1850578503
556978639
116458301
2093437776
236810170
395744076
1294280349
926495145
448289999
1845640908
727841017
288495938
959144571
760587291
1227762207
377016097
1684455298
326439056
2092931148
1938517197
630308647
1434180853
131039762
1572536907
2019757239
965415341
1149609163
1458867623
1327621244
1126120175
701848606
1703384345
1710973535
667573751
2072795367
2078492843
738725825
169402664
504156531
1813091497
479159262
196153735
1224094696
906520238
356710655
980298358
288294848
96379875
515619887
76618969
1380909845
563430110
752858670
369280259
552936002
1026532708
348763696
291467925
1541389232
16858140
1156629208
1461245094
556135943
2066274804
1751199967
216610448
2016531276
1570961722
1973900552
607663583
1413559634
1562346601
127281773
1701890219
1915727445
1487072922
1239936563
1521868495
734624372
2013760807
830949508
2040634734
844476768
1437652654
970326315
719525826
803620600
1822770953
609304003
1960428842
1069018233
490958572
1101514671
711896812
1918523421
1451134465
714243126
80244140
683092906
992039565
1336256640
203418857
2150555
1250319708
1181773711
1220839414
1787422176
933404874
1334180467
90588241
1973983450
1302142192
1084199637
970388638
1598348339
8482277
2135978667
1040725932
1586352476
1969782855
1903431906
1152825075
1051410552
376536308
327354419
858352612
73408279
246212913
1086060221
844603142
965047677
1973609633
2111124607
1358766759
1048133339
1789097483
492236879
1216760289
363493382
2084759700
689241182
246577741
1016308637
1396518935
1449069520
1733455598
537320371
1497200341
581421827
2029498702
2012187794
613887911
1977364649
79500616
175988343
2138595665
840373477
798561864
265281551
1522571887
1851580297
1982323722
544046775
1189865478
1154478742
2098398063
670156705
709690896
388912913
190257886
1553851124
1611702296
357433437
577444469
1763980849
226336976
1006783032
655205801
326390162
1891292052
1115244830
1540456854
964460564
77412129
1731710775
1343205379
1999830728
356376161
2112685919
1192384050
462818995
1326984858
252089843
1124890646
977560232
1092319823
1444069645
1867885164
1939810706
1038628114
1849713724
585743962
427113206
2007231095
1066191572
1143614536
355204290
2127082935
1288622353
838177376
1983681303
1729981076
494218475
1213378856
1781924801
369356093
6461492
1931513635
722145201
407682288
1008753910
1036488494
1619032007
462933025
1360840678
1765137400
173432101
2094399190
503623862
1862949669
334933364
264801193
769381780
1745023825
515363238
718530997
58312745
979307672
736838301
1066296121
1940092174
642212094
1925419473
474140721
1384451141
205410378
27637545
394397376
754480056
2033057696
851046005
1636637019
1791882372
423523679
1373149583
140866795
363368334
626099983
1451430490
2000339029
1550306803
1461580375
579991568
1030259062
1062466508
2115436959
1723145806
1489951998
112123372
1414014712
1975577742
631592257
1301041448
46238185
1554633194
1840209517
1504298118
633707464
1765592163
1301067246
86723197
1663208668
1417296290
1126079075
818349016
1542806063
29908283
537002178
681653072
1349132391
222242234
2113327903
325742439
926826563
353621836
971155202
143508728
308479550
603408268
1105699631
537566324
2086656352
305851960
1337196499
229731400
592567095
911685944
1484923090
1734757906
1797196835
792684298
1002913320
108685926
2107746347
1601689922
976776338
1712926486
1055379337
102065974
2136181336
615829101
792815469
902772089
1060776906
1194669446
901566973
1718462804
1603705963
590700008
40707876
710663008
1586450068
394182454
465299563
79139900
85313040
34446663
1308532392
399690870
1605751716
1387877486
911411468
1346085758
2141502453
572685656
810219626
1292054902
659260694
2125692514
1684941957
915098027
577442209
1183831627
194954697
677241702
844028784
1659680269
601666448
2051225500
393725552
944980242
387032910
1717183872
1612595415
658730953
1059821161
1102513792
1022639599
1833012418
1326010149
278561735
1992346561
60326961
178953164
111635496
703924002
624682437
678587416
206415211
415451253
924708071
409350486
79532301
942214014
1312171369
1257596439
46525375
1823022910
276149605
714428070
885681323
240053414
1786438173
1474877519
2062900404
1535305544
957710749
1068556806
629618493
2049457805
30156736
1522179689
915623276
1562359184
1999024965
1006985737
490635656
279073752
243753316
1832939814
1031832877
1067585606
1302571850
333131816
1766385457
21064797
1388443563
379823488
893351312
1043715559
477533026
718247068
2050176176
1002945654
1906617185
1167581441
1287207790
769281671
787040346
378506037
926920194
2005627736
2077443377
1604555658
1316909306
578276028
307005120
1346715558
1170187920
710545067
290221773
933581906
733701984
1450096840
770933780
1107669839
1427963529
1446369649
364447519
1757172216
1604465611
371254698
1651009197
1227631878
1607450504
1397463805
29940847
854191580
41328301
771117735
2111720151
1056876845
513510582
432246476
1860307108
1326824906
579468432
558419387
586927083
1208019078
125341906
560995782
374116843
1301683871
1536970213
561992079
1929099468
1022216433
1695432637
66227551
345906939
18422146
431352482
2144885293
371164046
941742605
1952914424
1857721224
643475380
1284540585
1030510470
562175557
1393269652
1531348235
127652897
867525649
1972511820
670386998
1934049722
2063656690
792457269
284659389
739030990
1909609138
481915368
688143907
1271663604
908678247
27031011
820156544
1219173299
860839455
807416278
1411705129
1409514175
1065198814
179325809
2112834822
318236765
1143952420
1583232689
398961122
1597935791
1519096535
1681622331
1870478828
529723784
1949728540
417391174
1283118585
1481281926
1065204507
1471360667
1513467500
724255620
134390911
1213033954
1042714105
539318726
1477441103
785503980
644672931
2048406393
1780210377
1237705488
1181996251
1449170404
611972579
2048579493
998947964
1258613132
15973704
55517876
1652007231
824906619
967545653
1930853579
1231600964
1537797570
598905945
1367281835
661687949
1633395892
1277515269
210991519
1132373891
1225997087
1382184636
1819278509
1338622883
245406389
339085459
611593984
1637823603
865377050
821986090
1360295024
784338025
1977388941
623810393
467122975
2034764799
402361554
1259314855
1463289111
1117907571
1312579298
812434843
1919439492
581077165
679525300
1781397739
1034642888
1963908841
318735546
1779647221
980809964
1582770467
475711818
59157413
805011658
1312243864
893423542
1441249736
155994271
256836007
402829845
1109140817
1746123176
1244920748
1788976554
1488603034
2071861722
2124134942
18423409
947527870
2094939061
991040664
1902928282
2117661154
1018682223
644435986
818507197
1163628697
206664623
1913479780
1821331447
1536698149
452436206
273392285
328763821
1512099732
1103746210
1861076779
1840688533
1123315643
628584116
324618053
1438333298
1623934425
848747199
1204584630
638751852
1076958627
1553524209
213613903
1103202450
1811300634
1149133668
1433034350
576508142
875399017
1993754206
1597779283
496789324
253670873
1663452418
234044175
467221698
1833615534
1910056884
776310956
330687668
840965001
1330231072
1524032399
828577132
2121246239
1167615549
1326347545
711061495
363719063
845344362
1330845262
332304781
2001444249
1118088347
1869010952
738897364
783136981
255772542
1776172576
184255687
124953113
417356414
497577467
2121225991
2025253778
660097293
1696606774
108147490
77194979
1378369423
1807837858
1749073272
638592759
1452871928
501570576
20466532
643714701
1049500525
451759222
1612779443
937385723
67161076
1843814039
1232995500
72643837
1282788055
1236626090
87693375
1764905332
1985311740
1612950842
1930281967
2077298333
2134035788
710872725
2115036531
2045255926
1010680238
1861201060
1782263762
1709656418
780195031
712328454
2113623099
628730480
427942713
2072138013
673927055
233767480
63259158
1498563421
559069281
1906172778
541953889
1823065880
1785304556
1001137162
943988160
959559555
218588134
1657642670
1452134078
290099575
601535234
1537834710
105755854
1659017684
1103030624
1278844093
597640792
1451202067
608075721
1080842733
1615803802
1579766061
205007789
1031750354
2093650107
1429909282
761429179
133253170
1570188140
1966410592
1965726018
1236357104
2108287596
260242741
613096190
149947518
1383111184
35931552
1251213477
577062445
611441104
806710669
1090368365
1177230916
273005387
1839558875
156744895
161652634
315063258
1281414169
529343529
1777190763
2018598620
1466433016
1162885638
1200428107
695179918
374610704
1758934810
2107809353
958722051
1987453550
2112049469
1093896068
1916542403
1242094238
1149011655
323335625
1504108357
1882153107
1521812202
2145082397
1283026855
1498189069
2128334375
137990798
1728847495
1044835616
1681084992
1545616198
1704747716
615924391
563065088
681056351
55608383
1685855971
24711282
1982370637
1169493532
201608864
984226180
1679050151
751155727
1439606895
1825502765
994940048
492831279
1466272203
1150466230
1988129719
494504981
578127275
1037772142
942172512
1510939557
473299431
423781980
247757290
623334741
760728933
1900554072
1995283410
2009989034
1215177831
72414288
1534502490
1138660382
479344649
149706300
775550857
1682245940
1997180708
1082552819
2060995033
1233756949
79693015
1970331426
426187343
1125977694
388253282
1703530962
402010758
1298945993
967824866
1517926611
1483102102
1276370622
1852880676
1922451208
1331493690
1405905082
2121248308
1371777043
1434421155
2020910868
616991083
1512575160
1314142315
1495644970
1016308370
1894510562
332909454
1042183274
799826292
1495990023
119436163
2010492418
1061670083
877193535
467750345
62154897
1286646414
1310337398
1733444598
427606305
374383841
1617419082
1639444686
1675173538
1093253017
675287534
1159895792
1972160455
258331504
601515253
1038964545
1034945239
67841246
1486567990
62779631
44549879
1686811711
1123646765
905018018
188423752
2105098334
773220526
1410227810
667427613
2137925897
722934577
1666505272
1905083786
1919602100
804551079
1172672105
706677461
1671068128
27369327
453755583
1953924604
749841818
988672371
1448606632
1765569159
1304605606
469472425
824984878
2039319998
1168040666
1895975882
1063061879
1456781806
2130718087
1698360702
1250482464
2101908678
1249100114
463385376
1294177484
1202171420
1645875809
1338639654
1316731631
727027930
30966890
287539433
361463363
2096244081
847513944
1388559027
797631338
756123064
1309964240
1674074773
167297173
43810726
1478711979
300756305
1297920060
1726950980
1289040122
792883216
1936266081
330688931
233182553
1766982358
25229684
2122504962
1831828246
1610883884
679869433
944584141
1410793895
450184136
1261174941
1557237975
27823792
1326813692
1389587811
593296122
1675030988
1460272099
1284164453
1857897998
1493223966
1923853544
1845048739
1825962522
1452416641
463455625
966815987
862862021
1457298367
712347948
1359850714
1852050569
1499152530
1537154379
1065073868
814100912
1917919390
25851949
886610269
723821252
400353222
641248351
952588427
729216538
1727563480
876083398
1128626137
224066687
443096206
903342210
1853721232
850111995
1631445990
562587468
341783025
951555233
1103557329
948552757
217381621
256713903
391829019
723721725
117446818
897936538
994090410
958691889
1182995376
432413707
59611056
1080414126
2062136959
1385371237
1051603442
891847164
777838637
13332800
206535216
353870585
1416180195
206413770
1635645186
1256166931
502562103
1802067992
818011330
619308460
1775860090
1023475336
1145143637
1504981629
1560038525
1951704378
276142975
1571825818
410328005
969897548
869595422
730505009
1874281019
1021084640
1189110584
222979535
543206858
821648852
1772789436
1674669051
1367337815
1480561238
731681738
1908487764
664120708
148887674
1950250928
692606253
668378268
432650314
983609576
1418447355
184650651
938023813
377297515
958719180
1719379988
246084513
710511251
989833110
250067756
1452834930
905742220
2097487118
154249566
1470141023
1954108828
1259387172
1890569910
1353465112
1121552961
1149293561
1737040534
1282756051
557379600
575462381
919534834
1902292198
1169854338
2014600632
852505006
409986589
2078357381
306933990
1917404736
1982708150
1750305208
1721363144
1639583144
1982586438
373014296
1889093901
49977397
413676035
1504929426
1058377607
567197992
1225348303
1456183403
1274299382
441358258
102486209
1696565918
931651349
564730625
97078247
28850093
762743295
697399831
1102514491
776022004
1400742739
1512812520
778840759
887832579
532172988
878070156
223647296
721785365
1315137162
1842826997
1400742798
424918590
1098794653
1399173898
46797385
2106260039
2002605117
1541193544
2089010646
1094387998
2016418131
337845689
1789995403
492735155
1959188415
1922125343
2095493844
492434716
1134020952
136685094
146402034
1256421234
412978878
1210945570
1144761489
1756584408
999993121
126315954
180332123
470403774
174231126
287425542
675286241
2044171133
64366974
1004535259
778004099
894055752
339920095
16690827
1920676558
836823902
1894267703
170357612
485122355
1917970357
380160802
1307333972
951544812
1050034536
1075352475
762845974
352192826
1382155134
1234421428
974804304
1548502551
2094321846
1306782974
1903448667
169121278
2067196085
283281043
1284889185
1222381099
903127735
1523281981
1570638481
760522245
1777379284
1161397425
1349600987
1930612104
857035688
734552687
411830370
1263555458
605627595
1072673113
256777553
237158028
2056496042
861902478
122018168
292524938
359338702
466443080
1619007296
1093286455
2065423800
150167576
743871592
833949064
210488749
601311850
1549079663
803086458
1613619020
1037521180
306043166
1597995791
489216572
1462057937
452751732
71427831
641230367
140955629
417195854
1505193486
1676432610
2059311869
135371723
705982817
1758237935
1967081182
1410228662
273816636
1188726998
1092171320
988141372
948320874
1702477037
150114759
924887773
151031240
1291741967
1306004439
700575596
1707215046
764854667
240138324
2146455066
1902154315
704617655
262977603
1034299253
959952245
41629871
562778857
1221552616
1720606065
1606533982
1246276131
1265603925
1888441518
618526604
632466971
737158397
359763101
2001387303
357621824
670579138
2081596735
729727280
527488905
1719257275
661932353
2147470437
394449942
256715810
900558355
121317544
1764014814
713157143
1224212845
679118052
449703031
1023418624
2031121559
977573609
2045768035
1643539636
1518466458
763877615
1715266552
182597795
1952941770
496297245
1484870954
1186365183
94455352
2095772670
1118021938
380962660
1033309973
411320282
135328427
151566795
1607854938
1648902241
2005579129
477030491
203148232
1977273435
702684720
1432426720
2103954806
294545901
1107126380
2042747871
1141156294
1075499969
675289562
1734349703
420654466
344640123
1721075214
1297857613
897728068
1330994434
176131812
1017753159
1553512076
1007821274
465536371
1063777527
1757885871
1917803166
832178972
108374508
1389000354
403241982
231037740
1616090625
1547181320
1171557282
1196460092
294055963
709912733
211073994
2001561771
1041752806
297638182
1640062603
1401831226
1450814936
1585550736
777670549
1041611825
988595151
1753459553
301280698
1117224956
1044070191
1635777445
1667752068
1622466034
1129061694
1345990706
2006366433
1931989715
573409817
1223473513
1410877998
219211667
2027970013
122180353
1519517188
547884684
803493907
1887036378
710839358
111748519
1074097755
63559052
497726599
1295071299
2116271586
639892065
946524394
1829011885
1959455161
234383175
1777474232
2132515374
237848573
1449211870
1870065849
727504953
399057498
1048101164
1071856044
1900957760
497941418
1571721591
395332946
1886386687
974978805
1925914921
381528876
1240908066
696283753
827916502
563138113
125887258
1737191843
597532750
829358509
1489449054
163016582
1483815145
1133657232
748603652
1315343627
526355450
1965937945
1602324916
162091574
1562617977
698262128
870844346
46084852
973977239
1348467430
195663305
79833837
1362631779
360044136
648597713
1249990012
1922566527
1960757027
1319917372
1396900624
2039923383
1614163309
1492646483
1373998223
2132304571
459690831
921027034
1244987734
207896948
850177862
486518430
434887716
2034128145
920486854
537197793
1094280872
1327201035
1862375053
617808571
357753951
1519835284
28318470
2064743683
1668939895
410948324
1770886855
177298895
301448449
1639026352
295124750
2139761595
1071204806
696618762
725551994
1902844646
1770025767
1622019049
294835655
2139373488
1998000339
1025843777
1430352398
260925673
438838907
1629242906
1602840006
963392141
416059990
565197773
930593633
1093239915
1211994369
1918550799
881971317
1068633503
540555541
86764260
698900058
1829695984
1282319727
455903055
1365103388
1571353722
2004752618
1187949686
1071384997
775123072
1485253098
1341420961
495492910
123597638
1875509306
2113842863
2079380024
1503353561
1984287088
1059242277
1737781546
1241206431
2101948060
959539740
830845990
1970569328
735260489
2044723595
1690814199
1959801913
1532572522
1560903924
589511317
738488829
1575231544
1147535966
1921867702
1068718504
430915897
1218233662
1172336564
1032108238
2008484798
1105948494
1667151373
1335553244
305939540
769342678
17454385
1274592515
1665233808
21112425
1845755024
2045547715
151275084
1863415382
1347211810
620615196
753032419
287012907
1632401507
593355633
1361958075
1576605007
477976444
717750302
823471648
836444105
751238796
984593083
1475153822
252137399
645901478
11544698
1801618583
1989721652
1170263765
696133309
1730452228
1446141406
1486889055
743800989
578895947
279597018
1658331539
1252309977
580991970
367320899
497052509
1397403501
1778531504
1733635999
2144168132
747513983
837511288
1020828051
1663131320
1720496010
1429596956
340267154
545324152
407977122
1784732984
1550876528
244316735
467287203
1116963194
941481076
446127932
845725568
1850426232
718302175
626587294
1513791670
1792868484
2103369451
1402546089
1359333005
1239394409
1979727688
1724204700
1388321515
1556075238
656690267
621145296
360006374
425602954
1408458952
1628756973
1617115251
100569478
661721670
1297683247
1045297839
735959677
816968647
1169908801
206898308
221657695
743538257
1132062849
2118656759
1253525221
2080503418
927279385
1894567333
1572887148
1646196760
1285019818
717255248
1886945876
1751804160
1996819521
263605857
706949199
970862973
380653971
1245545557
1341013522
1359648631
237252139
441505231
1497732569
561871469
757293047
933175982
629327578
567091956
1583915799
1689987415
1777012734
209081488
1511943258
901297878
1800184610
1562526898
25361560
342506300
1038211013
837365271
769001872
295615393
1629920139
2058007141
638589871
352565745
102843843
1885678017
1709490009
1316513324
456052549
115192095
775444705
497049064
594413411
1430380589
357163670
957918198
958265816
994271218
1896822037
883101665
1258079150
1877700634
46168056
1283739076
1709851894
652196537
1237959574
1260965909
1324115183
1388353393
985521180
1327552738
763048611
1777914983
1575677409
1734385271
1037675440
451982779
1525518343
1434424221
1016383633
765777043
2031575612
650410929
316790418
1881745589
1382093423
1791365447
116466092
1987525678
1851209065
1619612612
2144325025
1205225481
1622292071
305728953
1493881484
963894487
1568595782
870377710
1339458638
1546993392
791861617
1346559072
1704203753
518855682
1231417536
634894449
493245413
1886810090
1452117530
521356041
1170198308
455605689
1855661637
1699572047
1088318826
835339178
1006903828
1530800396
385911861
687668517
1564100618
1136344332
1447116934
2102587504
1047015505
140128090
438164724
2011909555
1610352266
1395884614
1828300546
2060603228
1504271902
823054571
153154121
123208443
2131534431
784229640
2015508757
1704485212
1487465067
596337676
520070418
571969844
1587266832
661928101
20698746
660613897
1096431610
1555928603
1497786350
1521814423
250799730
596443942
1412385777
1848806156
13914445
1857060164
263848553
1814814691
101541746
141197048
1615740411
1850008021
1309214458
929047944
892362894
1043633185
845414786
2088023428
362621460
1027102921
800320700
349439947
1847596712
734190166
910192003
286993182
1986694737
1867903862
1160899970
593217390
1125785762
545043524
405728270
1867453829
1576236058
1918451684
303964426
2013581262
294940964
87695436
486960940
117568905
1079261977
992004720
566462676
1232133900
1681048670
1081185243
1610041462
192979546
879959177
946841143
656015196
1873905255
1954267230
1194626285
1211546080
943622928
260007401
1559943746
2022434130
506481930
1688891160
1134836406
109050744
724004023
1255033891
2030379908
743621778
1956602258
1149618810
415024931
858812752
1386362330
405381558
1513062637
900882300
940981128
36081648
2063177297
1268138795
80466475
552883591
669126699
1711432485
135520490
1166401248
1691005727
722260784
666726094
866286134
830223592
1094920782
1061931709
888795157
1517453730
278672052
1812365030
739905162
1108622808
1315393854
684662979
83209255
178277378
2068740038
494204985
77368654
1903502867
1610532522
1705326705
1465284678
1238063362
2056648232
1219140605
1868342941
2068311473
746496135
424228119
1912413003
1361644971
1944468981
708462261
1537925176
1160026661
1106548314
1740916656
1549988656
474217790
387149574
722663969
1890380815
1451096077
67526378
515027579
2104779044
1969888313
437403173
476195445
760114609
664600744
1425136076
227654577
997905635
227240487
1756111476
990611011
2043402380
1211487511
2070461841
1132715406
271323140
2099208587
1982525919
1507430460
798604949
1229101658
1567697599
1815085300
1638215583
1636620354
569058035
1340612698
1312822580
1670687716
463531092
2068294837
1652963416
1275364853
117620344
1422923044
78920349
1196168654
1534336514
1482839832
1273940283
269014134
1751109297
1185630077
1778075140
1086367947
325449112
1135732257
627252016
1670510956
449168120
409634687
669815717
1472201900
385558713
547436737
47740696
2068432631
1133220770
1892431538
385388938
762411661
592476759
1554171939
913565814
1844565163
2098432826
1826492469
107720656
1273779265
1983596100
315779034
1302666721
1086960788
1209679973
132698080
1598621409
1821674763
2037414701
1731311434
2084486095
2110396668
911239735
2061217226
1497832654
1762771840
1481936307
1988516950
1977294097
410737389
1509002760
1884832531
395414715
1227340291
974559193
1035168252
1821060012
98681773
2039811340
569171540
560865871
1283956337
1166185080
254169605
1316809896
1934668313
1340508584
1050705441
1297449944
497158162
690226148
2029022441
1767376634
888662612
1979731569
2071508439
1976918951
1387268002
1660394645
8637652
2087401719
1282541888
378046670
1028790280
2109669715
1283196931
2054435978
1779203681
1040803885
474828941
939623540
179544531
2043572392
330364901
1577276704
38765320
785629162
1502615527
854129968
1343709960
1331012834
365601520
1142189658
18461281
186407670
220248806
530128122
832063154
2327455
89637556
1496082600
1826229700
439704883
923981167
405596335
1368136349
1617864604
165033447
1849901767
1222446554
1677298624
1877211688
451231924
982693825
662062676
512111520
1510586983
1183755246
191697700
275306100
1394311272
876442715
185577303
1295210351
540775894
1111106639
1635011973
677433249
496661996
1965011175
16923899
1245904078
1204018996
1973470351
1481238771
953923841
2061931449
1051408626
1298502303
833921358
1671658772
483387823
162864739
338024586
844902826
20540272
2089146964
411361256
440404876
1979985957
1709919298
1895623616
1057208870
1074133195
1171605543
937666905
13359277
512375503
1484293024
2020402977
600933167
1657913689
1816108073
1010717730
784414574
1851573994
560282173
113468219
1530995823
155175115
529223944
1063434307
239548849
127579612
2020276755
288324767
1908382714
1389521510
320220119
1596002888
1993207805
316522232
1366380429
1834338689
1465527257
1802923715
704819553
719000188
240361455
2126129382
1040174772
1185187515
1612168712
1629199657
2018586497
407270619
218803354
948431886
545273789
656950264
1292237236
1295660697
974150876
1430749335
286721838
1770327552
341160257
1336271274
1027242185
978987783
1104564097
1958199014
1610915258
657169994
1440408626
2143974018
1517425005
960093924
1425891791
1098448738
1604028029
1193356237
1356495122
413987147
675692478
1235943004
992818845
968993176
1461024084
765407369
918488707
1895702676
929275707
1194583376
1094217436
1832879444
1673092332
1880815346
1897227331
557230663
1678067573
725651514
696626346
688800555
1196449620
764187278
1550542430
1694374936
1992457212
1322679839
1942192181
1138127540
1196546334
609937866
1113223837
1623681306
1448048410
795633681
2037999668
936028917
2003311946
1108662390
984465209
207497385
1323249750
204790187
1469428896
1870188921
1259527215
2063923902
426761977
1609415048
1029849183
1627859896
1461763010
1787282284
789086270
42930810
524186303
200055969
590066392
2041990658
1280969838
319523502
1631609035
1782076588
1400162886
48996387
2046702653
248204736
259480722
932421915
13235163
48272642
1818776558
444547231
2046969692
1898336857
1961534319
1615366865
1532817166
227187544
1946193144
1778782301
985923090
405310765
739904042
140876680
224693556
1843498232
173136438
830514467
1971632450
1048007939
156360089
590866289
1025683704
1346101429
523313042
2140197929
101570050
1193915760
1463357014
1608287854
926589773
307645203
757867724
1078823928
1315220758
519702434
688938888
1346910489
1084220534
1020242024
1764204924
333996892
688218650
2120352608
1642573408
1918632673
843036469
137818238
769441812
1908751327
780351390
1910005526
1924733143
2012715236
1016833549
804502758
1598378586
795198063
1016496636
2089360788
926040891
342150979
1481737345
77231265
1251371188
305602522
1966583789
547574297
531594063
1260035814
174019941
1119879564
1700350142
2084851417
138794689
158058147
660380159
1226138998
306973198
1369151494
2087175183
2052554740
724506985
1326972576
1331928666
681350026
1556354822
874144879
929992879
529205067
468707765
115809106
1491116722
251518297
584672081
1025091386
1050746521
729326874
821401260
444304821
578901586
1524180009
1521697140
975538350
485017651
973862584
1328380539
797343199
1894004249
1582167607
550417068
985449311
533813495
444272243
1226764165
875917032
1066369318
1416859601
380558190
1935421499
1962548361
1351868642
1497956980
692087160
1947996824
2145822222
1669819890
885686583
793419415
1773926050
909898766
1466402860
150106564
230178226
1073778543
1201971497
390150015
1759381336
97090929
1272651341
1238295466
1942381890
1697379876
10062237
921560155
737285800
1657900505
564093669
135292712
238746705
1061268861
1740630692
1681067445
1960440408
1899724705
1610036144
99043603
1627472663
477815103
1960705804
621833759
173016580
971609477
999245908
1208089160
374419260
1991025791
475282248
1599606792
300982074
516727128
1029837354
791566406
1787703385
974497433
297878930
1157668099
2114743057
464936223
872718942
171624742
1494342132
114250910
1153546754
119130835
514726025
1445749605
137922220
975037036
246205669
840161992
1512029130
1158233051
482382028
658309819
1558152339
1877473205
2033560118
1445187329
889000359
1969928985
22529217
1623937130
1836481528
1712546806
1862110075
41664595
1368041198
126376210
2025966909
576393007
1687911394
639243143
278777029
1244493555
592539019
1973061756
1948646718
1316623465
2000060444
1212387788
1698409654
670130384
572060490
169913418
1799305071
1073918200
2005469658
2086754343
205377360
666628795
396305579
1843873814
1227741754
608699083
418876009
1546033478
1647585194
536738624
1722190376
799243550
1085665908
1350417379
1525719684
934822420
85349140
1363018999
2070228122
629962102
815130972
177726076
163247305
154479221
1351464826
1743633960
1435877158
1474277607
1722256326
338366135
1189862219
1734277563
1306878149
655575292
955112240
1877671405
1647503588
117281321
1813328125
1626132772
411452500
477562864
791823273
1212601390
1313741227
435626499
1558437962
2035843739
617932895
30491993
1866280288
512370880
1037102910
1645693370
963556074
1630450358
1010718001
557230526
54714230
1516235502
751612022
599400140
462130638
1861103777
855094988
236776040
56385087
332765827
559227746
1421067088
1949869696
1712703142
1569808695
142467101
1432143097
1461580989
218220398
123060557
283915452
1863995818
993061552
525290472
725151469
1975815431
1972453195
1949315754
976575875
413212883
1608464364
613249017
1847284689
138031015
1588842288
796605283
1977710498
2106799085
1950382001
89259121
1012702804
496436919
1485569296
1470239383
295823061
215864682
1758183053
44899436
879464682
1904798669
1783604872
1791040425
953220885
1233865495
113616405
582245195
447282400
1730498794
1646086389
1013443354
333662470
5271380
979413893
1269458280
161558481
1935296308
825477656
1082347173
1556234364
497239070
1783118420
2100448979
1127981495
1910244180
143216280
1811259832
587503810
952673681
206639827
1390586212
422663839
1091089784
1240242690
534550010
658599449
695415166
1434906088
929969630
683877053
2017631067
368643711
399443444
321657444
473435258
842802120
1140475799
508688121
1001922190
1427789042
1300638888
195012317
759226474
229086731
585480212
30884585
643502291
1923062462
10621039
1042520836
1633200064
398419265
1001251112
1670975333
896811192
1699133876
523528412
1928851644
1356122099
369254089
1534902581
343538220
709531282
1543826885
971786844
653645848
960464663
247948223
613878698
283714442
1646097956
2088112744
1988985047
1929867301
943807864
1737132684
795506046
729626327
2073440067
854957076
1885328738
998697426
1010448273
662454185
1944990723
1950039141
2096419455
778581561
1753343871
709357793
624537721
2109031156
785139905
398113716
1324492011
1747288603
1271699948
261902003
328254754
2004258837
248903329
646636581
525601814
84429716
645467275
859055125
71520596
1366319011
208524897
1371513343
