147046026
557359828
1559238443
145627319
1337314535
879612468
1168295849
1174176004
393344933
1614441819
941879363
1912414428
2010133036
1733715982
1953562492
861398318
1500871119
1690274340
618458308
733588866
766677585
1797005192
601931401
1745210845
855736217
1954739852
1126886727
2147052271
1087889499
1874519925
1006554272
1539167408
921329747
453936283
1580209258
773670910
2111099491
462863296
47987856
221613544
1675715504
2053349294
714813950
1191626117
413935410
759729039
235205892
536652055
1010792341
1924757615
1479481583
1205031556
2073311242
392597286
1625606658
1884391122
350121062
1576506874
1330478097
1857456571
1130696118
1551009444
923781924
1459865960
665376733
378201301
1812358332
311251198
166721537
1244160626
1070984004
432667907
963192441
1070929630
549526353
1488579061
517597160
355207665
1626104100
1798175611
2099866635
1739589950
620578027
736833023
1063128740
1764749920
511340657
168704443
2058317514
762440238
624014764
874028420
1265532011
510662887
39356593
978441256
695336252
1654268755
1102288833
48325272
1925386884
1082384912
411085881
1443204458
559083040
1830642610
835862722
455657871
384004940
1381106370
1902073557
1615139918
1524275460
1159500856
1957063849
1637709210
953780012
632443444
168239665
1230874498
1937989624
769298127
1623232372
1498580973
1786012546
1609111227
403588101
1668023658
1625852242
742361364
1936701620
301269149
1637218892
1585482527
1978621910
455475610
208721977
377191496
28380455
1065281930
309229597
1233165886
712073192
492178433
916052449
1942990967
1054419806
435800117
1224934216
1580080974
2096514481
1923778292
1261328226
1046763241
673203091
2022515633
1418984298
1575114400
2126873958
2029307905
148872940
1251623610
452014205
900293616
1826331967
33975269
984372129
1363973394
189389151
1861855667
1818769626
1050314344
1170526973
1234355540
304492428
1637437253
492254480
1330469148
673783117
537703626
1481598665
1067549280
337065601
294320914
1713181381
420831409
1675725052
327154498
2113323847
709620515
1037351408
2097572669
1858272050
231319590
1962993030
1287029557
1720754318
1650931492
1170555955
417698892
1606336574
1797872603
588967542
802280833
1106029423
1967796343
361853317
702618780
997515396
1754615741
2056963800
1166437751
876787163
182732369
2008719562
306507859
2045836237
1996950433
1063780215
40938322
1452454484
1468289304
607043958
640598944
2064990344
1888092495
1736393091
170691423
1712311655
929915457
400017594
1708513656
11327834
1265700719
751659792
1736055265
507599602
135384693
75952737
1309044721
468797548
1171538414
436272735
1446786359
1315844263
476202899
1974416319
2045048787
598078956
458538738
1168014703
1774652550
1974787141
1907813063
850068926
2070630329
1313933799
598136455
927379303
695910839
1275076920
1497001539
1504566203
730293486
1561119527
437711219
1186479574
760858546
798231069
1019985929
771604019
1753458942
720132228
96512843
1909867689
1051865166
776779710
24658066
680868798
1851894437
279161954
1751530737
256945411
1507653440
923566675
1240418836
100604240
2035196747
1402106825
928121866
570960555
1821797581
1238118544
29205699
1984793429
1389191224
17689365
96057888
2126095035
1586906170
2012292884
196418805
1581744829
80153222
12814012
1347059579
413738030
1610701641
602205102
1984530960
2140200129
1264542777
1455602791
1475338629
61418518
543703201
4970823
355031726
1270887563
1900835083
1810078105
1107520115
2051892872
149981734
698338816
740684516
602568823
1734280022
760058610
1461156004
650005074
1610131048
1730309213
633734737
1570593820
1239559901
503536608
1007576990
1204861797
2079305241
313993114
930000920
1237656332
524790870
2033251521
245381507
793731070
1263994226
344421800
6663917
1891887782
1575597573
528654576
2094612498
54229529
617351243
1681540407
2097071335
552347266
965166696
1296877427
1350852476
229043515
2054968607
128032274
1387892314
1205227909
1680362499
1855810671
1256718055
673159521
2085139354
1179099108
946122987
1679719148
48644447
1116548515
668349318
245657019
2121341939
1083219002
1664206271
346123393
134416530
1137918757
1664681394
2660242
247742351
388489209
1432934733
2054472340
337422383
927940659
1995785470
544729868
815893256
468012506
1021861452
1633555445
602708462
1866430892
587270919
819319481
621736490
474974523
1647538530
989393089
2094258414
1490839938
1938261385
956775472
90428127
110785105
93331313
388880329
9176522
661131260
167587289
443305800
127307185
207793507
1109952235
540292562
1744495275
457277460
812765313
843260082
2124413905
379632067
1296507489
1996125832
489933109
1979378755
1128098879
1558718420
381425702
790726935
545339049
1183994575
372392126
1608374965
2031953676
947814875
1835119231
1750004928
1086961284
2072056490
917417058
51436415
431037588
1865776758
655955864
1654911825
394958888
1625286170
663809792
1669658680
2062318363
537004748
1678863010
771029083
84578722
901378240
1508969157
1440388101
1142619370
2131307425
1515430715
2129485528
499934900
634722927
336953207
673946961
1580172572
986704687
179350120
36244104
1309706963
1585141994
638534086
1900840373
1310374484
1774206923
1029544525
1865714991
728513854
225672115
1402735803
1706818933
1739061646
64647819
352474201
1116453425
1973382862
220465037
1725879495
1317388306
1745789545
1478193420
1639676299
22784127
2008687963
1337544101
245647710
1833399118
622665308
1601870948
1844004221
1271116043
1745423246
79459222
1355851040
1545058064
249835132
1159721684
2061650159
711175622
1469246119
545788969
1173032670
367702096
1533407594
1013909892
860967321
1737329994
146656523
761500817
2107163793
1212432062
322959610
739255474
1079678809
92663790
1052263367
969424587
39226133
45282025
28337737
589938719
818644820
1296282283
55951926
1194611996
521024865
495449912
663940758
142787643
816334655
1599499152
1142380543
1178960651
1415296667
146998879
21534820
192140800
104844804
1800100053
2062720026
1254217154
2126924335
1756468499
547783049
445505193
719172107
1675281011
976494581
897941437
1471350074
940669929
315166599
358414392
741659554
1468856334
1115238614
1685502809
2005093239
485740707
640943413
2026088154
1329569087
1295931396
2138137580
1207022988
220047649
1767681831
955442910
787837871
135866436
1104598215
1264299973
3711808
27524756
2016857126
1908451465
1341478148
865907664
983974547
1206527056
1086192017
882751327
375919874
1292486107
1288219988
780514458
743196544
281933707
626779632
1531139970
841465293
233244958
1260404902
1288042435
747369917
250974013
1153455996
79254935
217986603
774428496
1646007028
1380172179
1487229300
551973774
723389932
1959534565
690450574
895098924
1284604928
281399705
422171200
1093728865
1887586558
1726415271
859870237
332710863
1160402001
1406607673
2079398965
1811658588
449169686
557411313
647140773
1861089166
160391970
392766433
456118007
388491959
431513541
1666518312
1654988559
436306812
230876396
1084416322
1590384751
1300557782
1040413133
1375835022
1940948853
1720113603
1693945591
682304684
2003439479
2007986040
74242296
386151592
1862790963
72697369
1455583160
1130233578
986217722
1774168218
1422840311
574077082
526088256
194529059
53596492
779427415
512188014
1055390162
1037417191
500677729
2066597109
1819385420
1977022907
1678489816
1809962946
1196639594
56830378
651201117
1915442157
52472255
804628860
374134559
442596591
1462206418
1764736453
278488447
1738553765
1126091389
1591302543
973439194
611326113
1430619002
1976287267
349074152
2146676341
1554712149
243083583
1045229950
1274440926
2027569569
51695804
447045813
273410852
830279987
1462592608
1469997553
1196355648
419051339
334537669
1246627022
577993139
246579657
2106351915
1216393200
846169115
829589401
1976294899
226869047
1991826811
1763235506
1848509687
1619176733
1569990919
1438944043
1711948753
51250827
1901651627
1878464848
572869114
619269182
1913187516
1116872147
541480057
838442403
1575348548
956865715
208696179
1686844692
179225472
1046606755
1908744222
1711859836
1773802261
401308058
424423788
680681232
742980985
869505238
1983633925
1863492695
2104567789
651566096
1288839609
153797580
1746016375
454900311
690187787
268384016
1635587785
228257416
385887814
45022749
688025357
105175699
757901868
931539696
2032472048
389296005
743768354
1856356883
1846039501
759214606
1668203676
2121685673
600191934
1054091403
1987867178
402826570
1050243371
879659253
56980807
392586000
776583962
1565581330
663336637
211730789
1752925561
954826575
499476460
1137579866
203570191
1875991934
276443346
1464611725
1460279163
1248330071
1796104518
1136956700
1841230601
1634301012
193822153
1606155962
2073527566
837171547
1147030637
2112620746
1520011872
690305858
1690248136
838147188
1384333332
1733561651
1112678553
214391783
1072284083
1412902831
1458143127
619551966
372470504
1069859010
1005092416
1887184485
1191301194
1185008519
1866007365
420238796
368301012
785661110
604699817
1321482410
1753388281
1170761321
110694927
932622471
1574197903
844051579
1496513149
1438065385
1410698927
319698046
1035518637
1438144114
2019377960
806494932
1687017123
1655412506
418578781
118442719
1842350290
1070885443
1386334757
625612484
31853922
1633495477
759395736
656569069
164071797
146373401
357971129
1295898667
1171434677
253934042
76172023
295618134
814029741
1404756893
1563650387
1453178113
1567650411
602156105
847929568
65247985
1942168816
1892108111
523932886
322388322
1471522747
265504711
1739610979
2046257749
1324595919
1435781974
1199050542
915904008
397797114
394374749
303570300
1772626606
392264617
1599784544
16397769
1321805303
1527767614
1431200198
650286716
935852148
1311481142
814079817
3029348
966656088
297363336
1748813857
1012561990
1782602342
1982948563
2050621199
212517627
660103685
1770886487
1975475421
140324092
328535074
2054425954
2003704073
389085563
787770354
369820441
462093639
427879872
1775946109
1881643676
179145782
40507514
1797000525
1670641489
1256049425
826534018
2010857581
1609425751
1749559627
1249940233
916397830
216247423
1168920660
1369062652
785440622
1776159219
1982626712
1205993871
446114226
43366050
1205023926
119854747
228496017
265289270
1980394144
1736605034
1763496369
344678333
103498777
1726626573
952588291
1819840620
1934823415
1403000865
592588740
562997859
683983291
1166958444
1210332828
1396343016
1483945222
1504199390
1241776089
130355130
1062913825
219000547
1336915710
577919398
1024553022
558616356
1456661705
27992320
1547245723
69361838
1659945855
60286894
1153901068
607116355
1152447592
1115529746
1142735721
1954618485
1767971992
1900929672
483682865
2091145024
993918382
130131088
938413378
2125471748
1346547584
1873328693
458700010
1749978164
1086327636
1266516588
811913662
460889991
1360718755
1525208760
1739964192
825660251
1101729439
1139711918
2123428827
914839640
312943169
1914928584
510003370
743359009
202945501
419433529
1195413863
510122597
2073233733
1163332030
267310280
402101472
1356068184
1950434902
1465926199
1070300219
1906518762
1643226048
455160399
14304975
1815869984
521020614
535592080
1541743262
454879310
144866149
54318776
2050263823
161742283
67684624
544980245
629869344
1528810131
1053426586
1746598854
1084837217
1676406727
1714812111
2114476252
2094198445
852834032
709999209
874720704
1808509226
1653977324
1070237585
903538958
1475010773
1988275241
615526059
76280452
158832593
1578387377
216920420
1623884904
204288439
1494533216
651530881
1848785883
2078353721
1233487606
1146080220
730614073
1676354352
10814445
1445445916
2055685085
907814136
1442527544
1388802149
656596136
1370807780
1144256452
1514234148
743064140
498633030
404023503
868517671
249591445
142321250
277176594
397662498
1935006196
460940521
1449254331
627368011
1506888141
1512536230
177047852
1256011037
1136399445
1978188087
132713845
1393043894
383371375
42360213
282658562
1601727501
1091280550
1705415085
127296863
873744972
1990786010
1269778244
1999347915
295484674
1151804824
730272112
792039388
512697375
1153438817
1538687926
1450797236
1262689708
1622814214
1721067723
139923600
599560451
1701774421
1781437248
1909296030
1811184416
61143103
748819151
1929013588
51973135
1241118755
1828964465
1131836205
1624828179
1171730434
212449319
778753313
762762503
87062221
1471048610
1524964502
1983359520
130776015
1928411026
854494502
1491008457
184207044
948447078
896194065
2076453237
1274467812
348955563
1131847668
1240737570
1631421538
1900443437
1496843068
694874642
1606256424
1000097762
1756097676
763421275
694908635
754583556
2004719678
2121270046
827875488
1969532057
1005678336
1664710468
157230233
839738306
1679056824
271991964
672330802
965711777
400774050
322761745
1503193047
473272251
1053644999
1488276950
1488585750
1559092722
1352157594
2012268343
1622612345
38831433
231264253
90965858
1757507175
80107211
1182482951
694886314
993813040
1308237563
1323549098
1541774979
1131243142
1982443474
581011257
1146286316
2076760167
2090859324
1238995416
428850015
1775415144
540148835
972983572
380364451
485149418
1959156776
1992760675
1285111244
1675247307
797131020
220730569
157224268
2072044253
1451116492
1048751433
317737728
51906217
2046797047
1893279627
773985144
846403726
190736226
856558523
2049346374
624528049
1992820012
962940867
114102059
997585909
321852905
1735356466
1955434400
924656953
1470945365
1610430408
1978354581
1024252030
909344055
368494646
2009712621
1360858072
1930685317
1621728200
2045146562
380740365
223908591
1076308933
412087054
1877244613
1987872058
76588214
228654081
829931384
1315416041
223190614
682410742
35403768
133171646
839832990
857753587
1108731731
641884741
1376499206
703653642
1185622376
403562739
315007801
150161414
2032712331
1934723115
1198681366
1531359094
752346000
937832647
597824627
136393054
1735791151
1713509219
132983926
916823858
1835430625
1508515760
1188856250
1315617729
1429429820
1255312132
1460966970
44622136
34267704
875286874
322679200
679702649
776074851
890857393
1294488518
884770501
672783318
2097909376
268275912
1431636137
1145748416
688324416
1439910969
737253216
924085578
806225670
848432538
1989504729
1567445681
1381004290
747728586
1453424130
512350829
1570629628
151813064
336199410
801236557
2145669758
1589361671
177779552
1676924550
769583350
1790632593
570296751
467268588
1531664474
1711934782
1220934577
821058090
1803298081
1214402676
1580476298
1735564823
318517916
1267749216
864985774
1254761621
1600389382
1296731051
659906150
355117827
668490560
300621995
110978624
281024458
2051710992
406879170
773215911
272049450
1044198892
1350158510
249750583
279735203
1756915296
819371632
1178823232
119322106
173957793
2135942907
955959116
1494456437
600435808
871653408
648813935
693825227
609741627
693832208
1603675107
1960924287
1222477510
110971368
604677624
191293039
718501197
435936897
372754179
1516490259
1741011977
1046886864
2848127
104459191
1604872792
1013057991
729311212
400367592
809585625
896771927
905803273
860733119
329059212
1124567363
1264029749
1581844992
1510035799
742086514
1205335651
1906083984
990105188
9024901
667396161
582667520
19523072
630319672
918649279
2079512351
1630033956
1920993068
1203068514
2116058098
1288436303
27524725
591485887
1804456393
1993244304
1353317900
1249980093
1870896494
1929421918
1120110928
1259859351
2113005176
1290572023
2073753325
195153027
940097323
1175721750
513236404
1962483209
1369071908
520921522
1766393231
1766922704
104725274
734099575
1599489294
2067108137
1675568567
1841880104
1565627156
1403812468
757214385
1892660292
1434201277
1492752128
273537771
1576228692
1260283376
102063364
2134549286
386713534
1891316583
1022610626
431944817
454803545
1694797713
57278788
250292390
1694873460
333762338
1081121412
907061974
1466829636
55023992
1464103097
339444498
2108749266
1770434518
594492910
1685893612
1219151031
596962683
109117334
1549919909
2052290448
584045612
442378684
492792799
185850550
383554951
2123406763
1710101256
1825876704
338408416
749745662
2067105591
1859324120
954171695
1251688024
702825269
524874743
1587910477
1738117554
145633828
622973961
1317745798
109018669
1374014278
218635813
1601469710
214525498
17284434
487183011
228028213
375274826
449694367
185020089
979561246
328547723
1806545799
243770872
520628120
939596697
459635925
899614371
979423285
1437770305
478522181
2063290708
1351424770
136530978
1491217394
1797382445
270003070
1618441561
1426998754
150541408
2033370820
979306504
713736196
1665881006
656553315
33829773
1188974002
1188662887
1769333539
1380307921
1638085281
541827628
1107257321
1486354088
1626078143
1292737592
1093448150
2010625709
685375504
682452010
328192512
575091196
1882806342
770738961
1214937674
640467808
1834244719
808325730
663669431
489568259
1648972590
68077317
1598059399
290512711
1188231659
108671431
1194009805
559433017
1102791274
778297405
1730642128
1395495715
1766665036
787934482
1872500962
2108414013
35316071
1503675872
257775134
923119124
1332010143
1363933331
870942083
811924830
1920715416
993129239
977923328
738077242
2063320312
1311111014
693881586
743751811
1414940912
1941351335
714122802
1307589861
642047732
1070969128
978302636
1963378628
1637117020
334948158
2020215701
65566936
1891408747
1559065246
604349850
225565871
2071297762
1269121495
1353484715
183452681
1098924641
1886220528
1664759301
1477144790
1302672113
733140024
1414749811
1376276047
919170866
1193157959
1610185850
46956796
2090092457
1037417709
1397049342
2001354838
1096852031
592345843
95273557
1637757310
332488570
600875959
1586922311
1889724356
1489170952
2110207518
1818201907
600226154
1896637432
1006705649
36060117
1899207362
79345129
191535085
1899835098
157652708
545963001
1474483751
1276081344
613419083
739361223
1090170364
1903583669
1071070964
125029871
666601866
41569368
1937406554
1143808049
1264359302
669825796
1147664184
1371476001
845159403
1965020004
579214674
1574958949
217107387
569805065
1469752930
534451593
42735938
1867521824
789761951
1183153857
1149080493
2045614381
666540345
1448677888
1049228524
2100435710
813692564
1171068654
1066520944
2137302026
1930889021
2093178877
992217216
53031441
1527218448
530822073
219599340
839972765
678682250
1300204182
1515526125
1345616783
1430243761
1250413529
1909124669
1580952536
1262403518
27766037
291973808
1655851654
749072442
1209884555
1781153518
600423501
2075059056
690300512
550656577
1657366752
1224991037
1341873471
2118189001
919194079
1668066818
1758789519
1852718323
1680083426
131169955
70365718
255835483
892617633
85387121
1197150970
671302839
816587176
1815710523
303094817
1330025643
1694507743
1198882217
1614535319
2048558530
802692256
1500461331
1416980803
270830293
431208939
585609905
272638414
559543179
716770909
1054330887
607143903
358480758
1780887775
105565540
356229320
2047272035
1542457076
418635731
1364084722
4613274
856297779
1326572812
308394954
1837640123
238041768
692150906
160308424
538893412
1950738414
758986315
1417270184
282423253
1232811268
995769053
877699446
497034684
577627430
179013024
1387413742
1001904908
638313695
1052421977
1746986182
636563810
1963876788
952950094
1266558662
1956894807
102036486
1669646690
153814107
1535314636
1315484399
1631500451
129116902
1053582956
58940468
774311219
2131317262
760925430
885774050
1903556463
901343614
1195796356
1691558451
514532633
1739733220
1200837653
821205331
675884846
705601663
969447511
2127143450
65953998
1228197964
338137627
1566963128
1516551507
448597056
2119641773
1338539066
1699959895
273167718
2081184916
1090358060
1556797352
1984672121
1962372673
1067282843
245939339
1185691434
574650221
922535529
471580356
1662536875
1648729995
2086088084
439427782
619554119
1366837010
288058563
1168199962
194408480
307692411
1349938241
2008119983
253810698
152151873
1941479452
193757728
596897720
340099884
2071117116
476197509
1366532591
592169743
672224119
1264177817
804026155
2007549228
1757712847
287970795
2120671734
1722754261
348441459
205774745
1958570494
691637549
1831255132
784915986
1284085344
599219873
1324754156
491034197
433747630
612744808
964406676
221513794
314885791
630958642
496194987
2115959069
1531767539
694582401
1985052590
1059563874
1053789379
706821028
58857552
262989061
1321599212
670200930
1102793418
1959025892
1092113133
1288925861
964051614
1998811960
615007636
360214945
480424292
320285660
1314795293
1177703851
584919964
316575467
1973211403
1576457771
1152640065
568556301
1190268483
2056934706
2059259569
1791954811
806117063
1718297391
877249523
1888358372
1337131949
1496441467
1383267226
905047551
1471093861
157803356
247658552
578200880
1723199859
869477768
726497181
2093727874
1932312113
2143548644
1428553439
476094126
1016352363
1372397906
1913961873
961919127
1452100064
754263804
718695495
612497494
1961164558
1135153677
1504492281
856866751
2144119887
1104828709
335386760
500061707
240062576
1318311795
333979036
30805558
521535816
945676940
1035206366
494320926
1858034869
1295304056
1605536719
1258637835
423094045
177898354
1664186606
1412824525
2108476912
1268827030
438877493
1879452633
1028259328
1320445324
1454111552
1347384611
517996344
1358376754
281651995
196587344
187440921
509836458
970111840
1146200849
1496604494
1186279309
628969049
1366108037
779014357
1301033046
806684825
158880824
1372035166
1790269474
886696464
99757260
1188148981
2082693940
1247748993
1958112907
719490627
139022468
540646801
1970417500
875632362
811651538
115932589
705407220
68801020
1017170235
438566143
1542789129
988884617
401727464
88524033
1729898171
1688948131
173414314
1830975862
937370029
1705471292
1004659530
2013902307
1545318750
1941925741
603434821
1966392202
1127158429
1103948690
2099160196
172015692
700495047
1093654878
1911463733
205937405
1370778227
1775904178
1796097003
1083878614
582360473
229933930
539133894
811201092
1790191107
1199420836
1795630321
1437571864
165414946
436220030
1451981634
1188537632
197323860
1323086161
386409690
1445685883
1189451483
1337216073
285035846
2081464823
1378518260
1619583655
697312839
1001405538
2013991707
229561084
1999435267
473170210
1103502911
1877087238
627870436
1422648077
2056514020
1661884740
2042110818
1115912156
1258322037
129225657
1246682976
2057250907
891423057
1023236362
1692466427
75402844
1438906358
912998014
1645612774
1559664521
1402168175
1586202769
610614387
2054155204
621720472
695957071
733637089
488334232
1720983571
492621997
1620735238
1001895682
1961655851
337340390
1995526675
1799885711
255453231
1249107737
706417435
1347811749
1662690841
1228270449
334951351
17409885
994950154
1156064879
1204435370
1643887327
1969435377
1618290266
917576231
1078096303
737013170
208340446
744280320
2053029328
886055429
1892229187
1795551924
1799981642
914454103
835731028
836936071
1015657032
1367567511
1693304197
817724978
1122392359
1389332134
646038569
651831516
1136402492
2111949660
1352430055
982595376
1319915388
261073396
1146169807
1983350095
1931587494
600987111
590006484
136956053
1722092775
1277574861
1366779594
1983659102
2012004413
1845174608
2025913032
834112248
61742951
940318555
14481508
1653354619
1662847743
1640678795
415871791
896054482
1006135786
959845146
2134963583
1462584123
1660345740
247930809
953125316
993946989
1113352231
322035286
991852472
574762302
1678573687
1444311336
1651358622
763702875
192110124
1004175355
439379773
997003169
701857406
1598918221
1520293581
1559904236
313245952
1103531375
1379620267
134596645
426401228
2132721309
1816902909
1437763588
1566892134
504354422
371212335
1104320998
1261643796
188960474
765529780
589132886
352593473
363941175
1207693433
1021523229
930982305
1029739667
97232891
28088738
2027686335
1364088974
1628759188
1549321574
1212888722
172538055
1174855238
461499839
1616453575
151690418
679559141
1065210311
1983525679
622483304
960521083
1226031796
844664298
383670495
1197891417
942915169
601627749
2085673503
1329703730
1828045162
345816062
229380376
1034528793
2033055356
1182799468
731109015
1925378632
1545439232
653491875
1366791361
1939053934
1308615853
248062893
1630755375
1010092470
1945631262
1210109059
700996994
1950021424
876543753
1602208878
490673627
410790365
1246841229
1865718318
11594843
98097465
584790495
670873448
35962609
1396653625
1918455058
633410226
2139896796
1804724191
187656004
1926068581
1891970436
734771464
1025649038
1233475119
1588068779
604990352
796134784
1374016053
1467429728
923959915
934527028
1315500396
1689690911
699804852
775664631
285128677
935368515
57336755
1744325514
632923088
1959485547
624570983
614282147
999281154
618194449
1422364625
1337473226
1090751653
449503835
1817630319
531184827
1466356992
991584175
1180551840
1760255932
1144687800
2069129868
1929312071
1056786111
600438932
1032940688
2027054772
1361030311
1068719278
248443430
930328920
2066613724
6193632
1912669994
1742255057
2071507390
256244814
1250338307
529389610
1431899878
774597289
902430750
741209428
721802402
70757865
1521504514
1249976714
1749004705
1599675688
927734313
1727844170
1939817744
619999731
411445039
2113515898
1511992143
1830819694
1278831668
2096865283
2031040941
23736369
1218308129
677439214
1948996312
1065869804
1271991671
423041419
269301184
36068270
302517915
1829996558
1055895182
516221417
638587768
44641451
177044486
1883639455
666607553
650133481
909161437
1424742928
1773535338
321856104
1295649318
1726378583
364264955
483925968
478673399
264747849
908202171
2089869403
1122790958
296642722
1997692992
463648173
2143210682
1329962546
1632045327
83043654
1773874215
1725175014
247469908
234874057
353236816
717406064
1202628487
845990445
1270346487
640564820
1457225625
2078768833
436809459
1498884675
655304796
1094534988
46370547
490578161
675837630
944654555
1282905760
586182012
452013248
66206696
366511905
944907438
45968352
714867813
1441018663
4371640
669429478
439220163
2111239003
1488378420
1772685375
1202068987
256667361
1802501078
641677647
1948165607
628824836
203825405
493002998
430670112
1127357037
1720751183
541200341
1232224388
2073999756
1699012046
1183433076
1031559414
397241048
122645010
1097475479
420305125
1409805171
288088484
1893947645
170524414
760236638
94260912
551270223
1598177075
371481045
1858617596
717277429
1623372147
1527980554
1371041218
545829817
1471704698
1553805211
636306355
1379918113
1535219817
719210653
1237342776
1231447397
1684806519
1109574841
563988088
1046229467
1675963006
1637138776
485125091
929871236
1080970169
1617919128
14388918
1822309778
993074688
299902743
482459973
731961771
408601376
1814774007
1238216635
122379380
1838016891
1099326931
1457146047
703098656
109507369
686046689
1647792782
1426562793
2113114582
242300316
1327609888
2101762434
115410053
800033314
1252396006
1115953276
1847866315
410580988
1594307159
746601477
1646871998
504764872
1952306104
121450402
736650781
735282312
990432028
1424848560
1983844667
127084652
921347950
1835478747
2085550310
1936623791
159097891
109625997
1474663578
827815570
1620901333
335614044
48732159
224940094
210751206
1127295075
144508237
1930110699
1639479488
445804775
1198500433
1751783454
996358204
642645484
1570470772
1049602608
1558991009
1225032245
642336345
47367060
270067340
1836902598
572394886
2035048515
206225087
1900448391
721693924
1829190721
1902925899
1707443491
658968555
1877033258
197742375
1882846417
420082482
391710268
843884421
1576358925
753110205
957676683
1026089657
848889954
893812259
2099937602
2102581439
1406023581
317710360
268439211
1283480030
2056635639
1375462628
1560273288
1451560128
442196084
1937524928
1153232697
194697690
43410567
1337226795
1677264091
1682245836
1360106301
1282357358
122109233
2087696793
1433011919
1300553437
2030928830
956199843
65306694
1715600652
1449500956
1096430944
530300769
362935260
1537685077
1806287999
1439312765
1058631627
1725762068
226980830
998442374
1193549909
1651090008
2102208670
26568720
1650771145
1180456808
2141830391
2056731083
1757166356
1514270709
1445085482
1918325497
72835180
1367572631
785744303
1515778063
797702549
474750733
674876276
66653211
785193418
1596864947
122449792
623142529
1669277208
320499719
204004611
895051945
764392597
930732166
604946498
1113593218
1921273871
263770309
2146325633
429708585
146052155
1006795759
1755738864
329688382
1544942604
1198615393
1197525311
1431334029
1076623857
2028702043
57719136
613017656
12186541
1663602009
1161389443
349602158
44044335
1541937219
1012621425
1668336729
2073007752
742169696
1034753876
1747354471
1925207868
1858131134
513159652
2119968546
1188574453
1024822457
1170909512
1279748778
70078348
1946124708
996044896
2051886335
1849581473
1609871335
537700383
1686766696
1849642745
483931616
1336462114
32935835
2132072236
101779366
32374118
1121251387
2046687974
579655640
1715606706
1616997721
737022093
1871818022
2082280972
1700615662
1824103554
40724274
746640253
1431289278
1313253554
448490342
30203497
1701840096
8891771
531615169
768984266
1317802443
1891659215
1237580253
211597290
526098916
1985518624
1269726459
2017179023
863395981
701704731
420160890
845576624
1301136873
1604072076
1739750100
1862297322
1523281167
589711787
1414944422
1467907679
1865738102
1637260900
1636717420
666751968
664985304
231054610
152242364
1900008295
108440028
973858201
825037307
1334692023
1808109735
2133282085
1193456478
1214496939
497279719
183388805
1893364226
2098373263
591800412
1118636582
1481030961
2037571342
1237538000
292381070
2142112633
335164026
2085822888
2007475041
686491613
1907249993
104869771
1578736235
191098623
963812097
1972246935
1766570356
531761039
824509962
65024832
627676452
371533184
1771464156
126517020
1335674122
452504825
1970972059
1261150515
1570438316
66709923
823227161
270069845
1752967906
1062510786
1201672129
1144546764
1069908966
456529169
1021174191
1766091539
1658394908
504270866
733480154
1909867990
1687412561
2068545752
587611410
1581058991
632234133
1616837066
37610799
423441572
635172371
2085040429
1163527828
1363286352
58643071
1591876533
729312849
971501598
1210131288
632269138
1274254297
1172417110
1069681780
2000809257
1351461175
775087335
1816972617
1984715406
1661783198
986062219
423246477
879763941
1305188834
163184406
279131843
24162757
1169382335
779850790
2019329250
639121012
883215576
669482039
969421644
1914454737
401962132
2095644122
1443089300
595626212
1490416760
1863469316
1033291496
1189162819
405270
1602711618
372744383
824379222
1245414284
1050796227
1970019277
1146641290
21445603
1281283207
1851077471
2081133922
1794328903
913805335
89581997
608303139
398222725
329052760
1688459117
1494556666
885699421
1611146226
1257975571
769472234
68982072
1630505088
159968291
1890598372
515887272
635230804
1559101058
785728308
1841786907
284546779
1205415969
915482149
243395177
135745861
1937710604
77239579
1363078233
1450737397
1822840500
1891777649
556850736
468059110
81871985
2144037644
1773109430
1615858755
1690634261
1386282068
1895770604
916300742
674450489
1684667290
1317736214
1369548170
1836499402
1115936853
345585707
159270024
1107343122
1163354714
961567745
1047343949
460692700
1170309898
1586991877
596221599
826807747
2002142993
2022572402
1250917922
2112301296
1655138455
1461665041
939868080
1449512776
1086403557
1852075808
209484867
737330625
1032373994
2072668268
66825182
259301108
1876992644
532196264
131586013
658996674
233117583
929315508
344394362
1566964089
1770780434
955413163
1869764631
2131254703
10030093
2015993623
428294506
1125154687
2043753533
363724756
1083057663
1665216742
2031867611
97124307
870612862
579394699
1939142639
1870502891
1850685213
637659513
2051719417
2105164150
304933129
13237423
231815624
1560989964
1247834637
1759749268
232463850
398056468
1347596151
421948267
1041004528
1413759859
626061669
1019900651
96035189
1582119746
591737468
64923322
1483737780
1929949773
1046962921
803296948
1342387584
72711882
1038389595
1509475628
1326233923
2004278756
1006019311
613919235
921935876
1538537707
1059627663
1061479426
850522364
943510150
629609150
666860469
175366122
2096204779
299625221
896751800
1357600342
280430632
1531843021
137779524
420551983
1424294945
1312972867
1444083477
494153862
1009703231
754340964
1469306841
496649153
1718190611
569701777
1084273605
1449254121
927436533
235642217
711384985
231093335
285678511
621428447
31123479
399076984
418186895
919790433
455788025
1430207073
2139419651
219239131
1148907774
1525978038
1659280642
1568293945
626084814
969130602
584849215
267328482
1257403454
357182473
1207089921
615167574
1688200553
1402781346
948973732
1796663344
194751822
2039666347
85545630
2026392530
805016756
1293136069
1308345888
1037560478
530690381
936385846
1673245798
426012429
127553235
638773287
2138799423
590578154
395505745
579769672
1188887027
1991444176
1880824219
1723630790
387017334
2026978058
590151674
1798223401
1036466997
1405131041
560653400
545164630
488124087
1851703495
1844466844
1167596043
1256322194
731185583
1380602596
1316963903
406743615
638028472
671374749
1166897272
497784257
1003018408
283362638
2056117337
1196281598
351572460
1738367247
11792976
1976477668
672900994
1358026764
1856791004
12994440
1305561567
1283829331
888152485
280141975
1275357047
337469736
1465546738
1560855920
548401722
1971115829
655952947
971981607
1607269755
1386610880
16293365
1009975494
1450569684
1831655784
2146797401
1969166165
1664112106
722024536
1911178335
402177928
2051003096
2124667884
277850783
1527625339
1937116547
560780707
1078885972
1235087620
465048487
1137487786
821071682
326940680
479915240
805174935
1859537834
262355051
2133656099
762806784
1728876205
1261225507
1021743142
528194418
449396805
1602060790
1817990394
757262061
1655560824
885914695
649428151
184302429
1898721731
381011260
376086589
165699324
541320369
770845186
725342843
920115015
813179650
970562597
1189974535
1340923971
1748669541
472236796
1498607990
1596724112
752156800
1996902021
317975958
1476928837
402632550
1665054257
1146688328
241684158
136914329
349549262
1764358079
1917157073
786696626
778887277
2074284635
1198517610
595318091
1558214951
333423225
25861334
495887900
581641679
38395236
190836154
479124907
1284013763
864864727
885864453
2016530231
422938780
312235626
804081874
485580990
517548697
1252590452
2004508275
1309599102
1089924270
620826276
1277427323
1962836846
1075174125
363290227
2055255449
1063006028
210160357
601348550
358898455
1743925982
961641234
1643795243
1379085457
1299379911
1503075039
150984654
915851990
1215151617
1207075203
254388288
1193858803
2125425538
996614135
1678891498
1377277618
521643482
735199737
1112329057
1426364861
621744580
1904858010
1409910273
678741347
1424092074
222912404
1407435704
2066170466
1997223130
1939879890
664988140
1423237639
1187179117
1537230721
494249854
607156424
1543409623
1132277102
1461775546
1231096098
2084930579
1985082971
1044701870
1120923000
2060122882
590346414
1781509998
683711826
870939540
256238533
621699739
1776636851
1398877698
1508929978
1550068013
26322535
930054958
1670553717
1936058275
1854666733
1977668550
1530596067
1178584487
1297263549
432447492
1908784788
1903021551
572223955
869992875
1599435093
1719815779
486382842
472738985
1872802320
458913455
828094079
1060828265
1558449578
132474693
263064509
728576347
1843133722
482604114
222167047
1385202121
287553237
1189055996
2068148833
264115823
858919750
752508871
1694236032
1144199595
1008144757
1776674713
541164731
1408042133
341157690
2038862942
2024558105
2113772928
197498536
207189433
1703014776
1774493137
709379760
722479848
966266155
561282455
1543065048
479906527
1591959882
289524375
542529557
2056092393
86851362
324713036
595611323
1859031665
525459651
558962764
797775069
765934979
1201830175
41474854
101425770
5330347
284503159
232882154
1862265275
1577296588
574599050
1815843119
804429452
1850159980
1050922964
1973118395
364598414
1143724885
1909486813
2054136085
1872137635
830816328
1063109785
1336326666
1392487478
672579868
778971952
1404167773
1219969448
1649194615
2044571313
2012108867
651561844
817629421
2051248419
560805016
1637480896
2123911631
617811663
636839848
854137232
1916077725
1159767618
1117944082
158936163
2046921678
1749941514
1558158967
316379858
1147437452
560991828
1942507990
274143377
1536326924
2015731003
1337758601
263864858
788862462
1379553100
126831869
186358676
57335590
1833409617
994028576
1263717220
345705942
2030254690
45252749
1966230654
608919579
1923455697
779797675
1028954212
1927396473
1152313293
407669018
1008395305
324825885
393787244
1223585174
586314329
354482462
1803422273
1251407571
1445321
376250964
587979763
596940221
2088457055
303232178
1342765720
1024107776
928456496
1219149192
1305999780
676279035
1796763086
15391062
1193792740
987921263
832880220
1760467181
230747908
1008986384
1197332707
1995098245
1584789388
401418666
306032254
615796819
1409733832
381932821
1505476594
788079960
1498898491
1030359510
1801390446
1738641290
1988945130
1001252546
1264085883
1072963246
1054977632
695470989
1441626903
879322570
1068521693
1806653070
869844159
218327893
329141910
1339780287
1151996379
345718597
1334285727
330757833
211789134
1979923388
1569946777
1441796586
939301582
1759493951
1707827888
1902396063
1830274812
66531874
1506707878
965454613
2124829006
1389229223
1945352983
1772524321
255969494
1606720547
1082071474
854121218
1762470341
526182943
1726375275
473807403
1121908642
744833344
1160279758
1491955904
2018048126
1368566602
2008857568
431751849
2127676987
590072772
616634835
1118967830
669085882
784530691
983955088
1327166086
51500721
1463571490
437458332
1426503538
984758666
337930648
1265736405
1251158786
1857372250
973112577
683388003
1968521949
1071256701
1165170050
810007091
1371373826
1453206461
1798068798
1664840008
923038550
1326095496
2138445583
803477762
2034680100
304951886
41718185
399782297
1396296259
1952301890
1237990061
1279673402
2068459892
1277855930
1212133684
932089653
1407595925
1439172110
583612388
1032493135
239867389
1067838766
769206884
2065097073
2104965720
1188135619
1170300830
1332896886
1168396713
499127748
1924687498
1637576474
1600198483
274374156
978283182
549512939
1097296588
1088199167
512455008
1803571540
1480665193
1495126012
1388907995
1491018024
1491500655
1839810673
137329294
966958675
530835225
1998383209
254731597
1438738159
192193260
112715136
1739753709
548861962
1055869057
290779467
1287851488
283502676
1486458781
681354894
372546779
1782390619
1558009322
1873675618
32937992
1639383439
1934140849
1616575197
1855783596
1874091670
1531269994
1611367544
509858865
885426351
1947205490
688706318
1445515188
1513860262
737495987
1812220862
1400197069
210014945
1381608442
1245561661
1354319157
95754076
578478530
2133690219
682347223
1441021603
1080102292
1593006155
625892825
1278062676
1723093719
538054898
2042314849
187570294
644191741
1156205118
452281427
1691479678
1218799926
1578794133
436438309
1016178387
2078193136
748771898
537078868
459729204
2090184537
111839915
2145139195
1754028530
335852903
357497490
704290998
2068827809
582453736
1766798485
2090945201
1667932273
1557250597
919995654
749933556
1646511815
1173850628
1968218327
2118255590
1765418270
944633055
1265288718
1774164519
1949992260
1323845068
2028696661
320645182
559360940
1566748199
710225238
1072186264
1327074221
1284845599
140237771
1635979575
1796481896
275187795
652376653
869173709
1129059618
770853078
497891241
1451823947
855837663
1389112391
2144376150
144246198
1222523032
279437692
497762414
1047797735
554999266
588950015
174088797
217193031
1174380957
636350936
2047532021
320959620
1144187483
510954156
1589999963
221916402
653051026
1166968072
1759190270
42378624
1873790225
21623621
96060631
1389709882
1588339888
235618532
1408799388
1298064340
1597405359
245721845
1537575497
1854939778
1474621080
403974590
1580467850
1188391023
862984311
1495786087
460709930
1766834968
1107828630
1135008296
763977378
1144891530
321055251
1622598146
640510724
506028629
1956674268
1976583275
238885505
115177674
865317740
2043297807
1638353693
1547734807
148617867
837186115
2081927507
1532717600
284954048
535744023
1123111343
1877910152
128899248
1849876622
1955572767
372267758
244484404
813042854
964878812
62453391
637252434
1587773160
1636962078
943904754
1216500219
752013412
1599447316
1672361378
1656392663
167248580
1567934632
1535422832
1301648202
1259182887
222983085
293856493
484984710
1093598612
805057909
673735190
750266511
2010933901
1019561705
1398526691
1127035982
91915588
191112937
451401485
432697145
566594242
715150406
1362697013
286913901
1827085843
1620069978
1094143607
390766243
1730038606
888408445
548784848
252692333
578137052
1746059298
1223947786
1704019294
1410742221
1441984619
1372113529
618834662
502466968
1257223491
1963727573
624385950
681947106
689038784
1259968599
713205582
1449817983
1431975371
1711573770
1518184076
863992197
97252952
479536537
1489631437
746731340
455376825
372332120
261467318
1686542076
681854072
1750267211
1217231100
788000252
855935255
1298874110
30420141
1801581047
1197358687
1365483816
318506486
730873638
1189412714
1153996634
2112912422
74144932
1946425217
2066450495
1604435402
62164107
181890040
1479022647
329729684
1968159810
1806448929
1332396148
1805593483
820997729
1094431013
2082584297
1055941035
265263127
836672724
877368269
89694346
1232490330
1435190598
1553188989
239249323
1224597646
1241298633
298637238
585323693
815091819
1713941782
1368059688
1708220030
1442646902
1310587778
555508792
385650194
1250946344
843685737
2041668148
680665456
2069647610
1030890341
1993759673
1359325984
627999980
1875746453
696315925
1876411790
1513075393
1562117357
1758921754
214672524
1140872715
1139951760
2003509682
1234473583
233585057
305846314
1587458126
215344256
2045007296
1930234434
1172132736
265950799
559379493
1488848739
1806571741
926715141
323333903
1215228653
624217040
1598659707
28414612
1297661935
1013456037
251519379
520151451
550058937
474458765
610221687
2014608669
1794300047
2100485112
1855427563
985129374
553041705
480896339
1740738116
2049357704
863985759
1014106263
1670751882
616415790
1757795816
842051121
1728043556
2012434252
87012395
1685599932
1043691223
630220977
856960441
1739150468
1391118772
114575831
356402435
1673883322
1858309314
1379968183
1968318321
2060906162
1048283762
133157615
1248300185
845231519
1331180399
2003516436
382407828
149324726
1244649814
1611116664
149904702
1930677313
932532610
234648194
1055274933
1657027385
1226691423
2050197710
1308891005
460431010
1417887303
1380031153
1493769515
1652274634
1157824815
953793169
1986220210
232122995
487682147
1876525117
2122523515
1046698005
2094951164
210557210
1887055615
1722882182
2029773038
1382692443
787037892
1119389697
710553612
1672733728
1845686462
364293832
273518793
1659178659
1186160475
687060382
379325947
1228776442
260244004
1202542949
442437337
1257451700
1550483564
693628546
1785797081
1720372006
515389008
784217498
1002667665
257727347
439000989
795344365
82405122
630853170
1266623148
376639934
1578036796
95264147
682917494
753305689
1823016899
521197746
434089396
130067458
1536538367
2128103079
360497377
2079554097
1866558738
1757146639
1752875652
408466937
958444626
943859781
845588642
1691305946
1253283602
1508402409
1743294782
1836650743
88945280
64656437
749036725
978907490
248600503
1220851353
892512452
1339083301
8704919
2109077257
32989811
788806542
1925638488
1588341407
1754915969
1892222230
1462973679
1976717928
1108754369
1662281840
2076718269
1355135544
834004714
1342390765
570004270
312167553
1302636119
255842214
817715002
1322025938
1342372143
772956549
1613938598
1895272019
1146216003
1164563260
565712084
1431891224
989682333
1159327200
2063783449
726170445
912670155
1648449884
480308383
511227268
1828611667
503167011
730224024
640486972
1337339697
1499881218
1004056371
1081398589
825948115
695635426
1628324917
595090971
1418472891
1246244946
283989259
473334262
663002364
804799056
2028324351
1822440180
1105610400
1648843114
1217173406
589594336
1562096781
376554827
565532776
1504484252
872405832
693800651
107512180
725271171
1354209434
156642783
1023196401
424199589
790617457
205477578
979704661
12388762
1395525306
194777618
199168327
770478271
1707877925
994361833
1507087311
1819672128
1945590786
1955484262
887170259
867763897
1868162346
634514667
127781205
1271014861
1212130437
165695459
1710467377
1050444704
2106523562
1200913555
1602308420
1116307900
483355321
1823288418
428595277
336418900
116656055
1329119168
1995609703
921380000
1521769218
192473932
2036728893
547123750
250587620
227382340
1717598067
510672729
670575827
1634086927
128786639
621488652
1323178530
1930278490
1827372143
1355860791
875956535
956742294
1006451351
720991737
1863645785
1237706872
81541382
29581276
1198827467
267710696
676307345
1888965516
935416208
661631938
435790200
2048794560
1755783643
598982793
2105589107
1354862004
1107334804
2033550510
16895315
733967020
1302682221
1052771467
759866387
1293477367
1254854889
918129313
2101839161
1614399530
1989143101
1386638253
379645753
1982286274
1582412200
1475529492
1124490561
1765857895
1786668288
1177874810
2139537166
1282766233
1106298985
1892778680
1037470670
330952762
1624174601
1972680261
555549903
1500226806
680325942
1760317908
29297712
1444680132
302528623
1028589041
1652702043
322820537
394888975
559609230
691533058
1172060138
765978981
1501757125
196435018
1085230545
437341959
332758006
1261457399
1042211042
761967265
1938275805
1395390859
131731961
1494267699
721223753
2069441935
9850945
1205353516
239708670
1047493655
2124785002
1819839502
1498510862
196798773
686627989
542275556
1556291920
1854344746
2009674790
1259038375
1218626338
647874747
331835596
162257447
773252193
299223650
1491221960
739136833
999710459
483332465
142014815
1185156246
244830429
1849545531
626884623
913126688
620088285
1434214322
1639232763
1332796820
222528373
1103615678
777951774
1857839470
752965039
1317763202
2129976085
988780396
1466155857
881665952
862620426
165880678
1136286776
588134626
1712903096
24463840
844962564
1983060677
586264017
548245675
75131519
500569098
1819614872
465874053
56167550
388604872
846866020
784543666
1829543209
758358617
420735751
1742314190
890560322
618153056
1579581761
110905611
1681102225
222613278
534292686
737532235
1601069072
788544053
983677875
1523598716
988742943
1788831462
1725304580
1232424965
1302021487
2099375683
1544011131
425712100
881939365
1314752588
1082479899
876647343
713532214
1949363296
595917708
894181453
973785614
1305546521
1315599931
682149510
1249490077
1072386059
1732504703
1877382346
819379161
1182970142
2013010461
1693629925
670663856
1445760816
631744678
284131177
1852578603
1837761217
640158853
1485593125
43317505
1575663010
1448977208
1446331327
505796878
1979923540
1055104680
567202735
641081075
537332070
848431125
861677142
1875032404
1236333593
655090296
1149237026
1295503398
743098791
1748567815
705757636
404036713
788987841
1926686379
872647079
516716648
1384045969
994314297
422965833
1140193710
1660480527
265385998
1410150280
1579917119
1100121164
364203543
864698532
949267688
579565379
1964123800
1939481582
605178559
1224797158
1021774708
289063391
1077984469
98213304
792214785
1889746210
2032960659
1787502501
1728754556
1786134610
513203910
1154574898
53419795
215166785
1743297361
516714685
323527289
1213544799
1981712225
808598013
1618865361
547572429
373333928
1846288113
2103471049
1011539486
491389274
151029292
1816349845
1163567320
91307468
884633448
878226604
559034688
404352435
1145254575
788285959
1135746833
1758184490
636645253
498747875
1324399067
627155470
1166342419
450886079
1004700408
1131649691
1872696466
1000073637
2092528469
317610321
1117770136
1575104893
382685609
443519561
1967683659
1716947835
1731613998
1159934744
383368426
1453052573
3460411
961917955
1628963679
1938172545
153649708
1709754872
246341219
152871259
1332573620
1114349829
2045080443
1456539337
388314130
1466519117
1815328338
1225785500
1658429803
352377237
1203639840
1186669566
146869455
630549945
1596109940
1017268106
1028400203
1536155179
1922335240
1656957309
1211417197
816874064
1222386168
789634568
1175526629
594023944
1417494876
1867833727
1748523666
1581007620
1383979299
122010569
1681980771
1784837036
358126512
1035279314
1258524685
2088243825
1370873984
1305526041
187954147
989214407
1790086396
1355981811
620807085
1685731889
1391291190
206014292
1315345214
1779813843
372385849
669816159
1875950938
268550179
633958115
811359912
212913462
1680004267
2022025248
542630752
1538430578
1583298278
1141690199
1649983714
1499129811
539509267
1680254120
2092465012
1722529813
2110527064
1005975747
2022353640
1121138280
861646471
1538664293
2146049971
270138426
1810773906
1766595580
1736969541
153635240
1863875032
453527834
1098578890
1380054812
1548579034
688586714
2029312567
99788200
727176658
1129889704
1094953985
1946577051
1740345117
1737211860
609772612
2053511463
550427443
491933126
1799722098
1859588139
1933835258
429914180
679212010
2096487803
1999276779
49787277
708019716
1110785951
10907014
1229027958
1035105409
310927887
241439089
446418135
83650870
1908892662
1220998245
336632017
304098009
1560376069
1498646197
1618628453
1075053678
984704534
1383892208
1488390397
1676719587
551151399
1048770173
1355675582
2044952362
845751462
711216558
1843806108
1001902989
2086045096
1290776428
1805050424
1467097945
5517607
1024000774
1777375139
701905111
1173882750
1769234434
485594014
1974470119
719369945
1936999504
763550038
2106143417
994051550
719381686
398596108
1653836825
1946584179
1068393001
1893242309
1460984592
185411179
1399675543
444690446
854686935
905424959
925296679
1403621327
1271751520
906220854
580138562
1072425478
1716135179
1629392682
1258608760
1769851869
544519078
452868082
1463011566
1660405766
1035412303
800088366
2143990082
339419589
967097242
208571719
1076969158
1527654805
443744272
102395782
141783818
881648681
1924746672
1967423879
1273843337
1995563096
363418244
945756737
1791298077
1066725157
901846083
1296824452
638380325
955253929
1603097016
1678410818
246524723
666592575
1271800567
43165873
774965187
1613196427
515552472
48901383
74538555
2003943448
1527193976
151957946
573856187
768721534
2027219836
1424693438
1802104013
293093841
2112523348
1468807764
1799336815
1974470839
1483657610
424258698
144431546
1582171292
532718600
1995591336
1964403816
2144078914
69590493
1554636526
593183119
44339032
1857203566
2069386761
87323560
529995652
1042476280
479652519
1638699666
1648209828
292625546
1234650574
554740274
2091962228
1545839531
142265190
253711994
186213605
1084446003
1054141769
1953629236
1438280660
675708108
2092514306
1742504906
235956556
519061787
1314837898
1843397397
453497187
869632102
1999494011
198162063
2134509336
801976230
1447876928
1664724812
1240029065
1969394795
1717768448
357162837
1481801240
74305992
795884141
397651527
1350910659
126278629
1782375677
942671481
182600849
643589420
225999840
2016643600
1023301819
1311644899
1302790831
563577585
552857450
438210983
1477653936
614631559
1297741705
1609544096
1055165506
1687652286
2108978432
771655271
151983001
800714196
611287734
1318360091
1602892193
665114557
605818159
1146796629
1319875476
1030938494
2077612181
177991605
1408846845
1774898629
2056950370
1884663497
150655964
1598110254
266989928
1633781261
1572950096
144564732
1552450901
1581414344
111130293
7903667
1272299325
668848579
1580976505
2078246532
85216391
1829752961
1926554124
1716697528
1688751752
1920547624
1249028770
1655275790
705803961
566685441
231974630
46709591
1573752758
2112033052
32452956
1019131386
662226375
1180157019
1482143909
637823785
165646664
2131547427
596780819
318387659
1551532294
608508269
102554050
2118980575
2073260035
172515925
284975070
1774126544
1889925996
1991201240
1891408674
125626495
2022481976
348851575
1257716512
487961070
987044992
327104391
226997425
2072914399
1895425956
1636594640
1596574549
390564485
2145928245
859803046
1714776366
2068818478
1144513604
1057821925
901496054
70847623
1030890021
2099522939
1795553801
215859803
2080689253
1765903468
1190782529
1042598480
1220991918
1513668914
2006708531
912018369
125835407
53310208
2007595331
1318662858
1354694055
460062344
725574221
1426798077
1367271201
473494407
1372940715
1768798256
1585457713
40276640
408250320
840874873
1532167820
1821529892
1647769141
1325041455
988163368
1865754966
2003539291
775091030
63486720
1742912541
1730790718
1693876637
2041995130
1790991963
1735798857
1455410819
2080402731
927543763
1992778011
1163802713
765749299
1060856975
540214599
1054654231
1258873821
416225875
2124389372
963374355
1469715809
1197255023
1234225097
1822343151
549476720
1085674830
1006350567
1047256966
1728167870
1859064141
1988403780
288274696
2141764872
898882060
1688551993
1870277011
828484886
1557135168
887086470
831609581
1559851004
1236985075
39752147
718907845
279219212
1785512929
1342187962
2063319859
1493770838
822813674
933587882
427690390
633420002
924046049
398124106
1478864115
754003457
1104636188
1002742119
566669731
309383163
23987532
1476427798
1796423857
1430562208
354705960
2147250537
876543286
2134459058
1491436079
344111446
968679898
1051220846
244106978
1535356308
820609249
114213834
847965091
2007590056
264702858
2052563067
1739275566
1443935290
537343458
82112987
390644956
125475942
1665872139
1612207206
2045744520
1776924082
677188
260548820
145377647
623542486
859982858
1054561742
1478087841
1038445457
179443764
1737385056
394597681
766961989
1619970367
1026409043
1195475791
1660433057
1158539794
1842185485
2063136175
540299105
138190687
1585516989
375723331
528728438
329421829
1969341000
1843078706
1666343353
903990923
1925848060
962658504
1115987550
580215880
1877208066
312831318
1315097345
2115780349
2078700099
1191385808
689872540
1887804662
147951851
463289199
825670054
294612542
1069261538
1844073661
2101954623
1162409298
1692914629
175486834
326940644
1107023830
342263738
1821798976
1922149509
1233110770
1847928225
1413600079
835411279
112952910
1491532185
1419161173
1514166595
1081059731
1902594536
1825165966
2017994502
1486854448
621664026
802896442
966432172
183632958
1641770502
705458816
228732305
1900143540
2044668808
1453694962
463635035
928180430
1847903934
1467454929
1784300938
155563513
1298128531
1145673317
735489511
1766674825
100469111
642845626
1352880690
60392051
1854168673
280535523
357949306
775467403
594120525
191078799
1501134712
1960048393
1471138505
2013124110
664328830
1052912448
2055646644
914157452
384215636
1082658333
2091566714
2007070445
333430520
1630145967
253941954
2062595569
262494673
1761189823
1153511381
1349155179
1196338834
2009776181
1195505637
2012513923
1427066419
1758809461
1013805130
2136542412
504001525
250417891
1896769882
669763702
146045491
773094559
1578292953
139917992
50423319
1211234848
213928415
118320646
2011190316
379012938
82126518
191563397
1033327041
379521800
1998433297
978018832
1821645425
419416910
1889090905
808835404
1760972460
582372030
1219462647
614099597
1926130919
558876951
1960420585
794382603
2097299896
1062952998
2016036871
1807528242
743162440
82570652
1566105764
1907868913
1993314041
471669073
627330681
1721390197
127838879
1811411736
1728373610
1356140027
1242426851
1962154483
656062795
1458679110
694349260
171820630
826315387
1874286931
877936021
1621074229
319447870
1684365381
906312972
1446770663
1162231469
1989600036
10055367
121059465
1495089065
679985279
956334151
1840798673
1343034413
386040396
340294927
280680286
1416962951
1791914509
1574498827
1597387446
808524707
310049866
1755450119
238207856
234657992
908175212
2061646540
1200288873
1505351044
1905500938
428603670
934183463
1710721381
1548264633
857953424
257450427
1588071422
474301212
1245234308
1419687187
1561196471
1375888210
1391699157
2046626348
241585216
2139521193
1901739857
768048261
1586740936
922066541
1367240746
169748184
350866298
1275902770
857409077
164015459
251284681
2147336105
1294788372
202189181
2072098239
95956352
1885540021
347537629
1632333440
1012090663
1769116976
908827601
739343775
27753071
396336578
871972794
883142406
457056336
557036809
1671545677
528207198
1434143621
304717596
1658353255
737186973
1351199055
1730275061
1405694138
1746156887
691739205
1934034382
836550766
1946898091
2104752599
1099995992
790336116
1655775988
1107124695
241643741
216363683
1347220091
521557846
496747081
1200804317
571654938
898911695
986489829
1536907979
814020179
522772793
390148400
255082092
1818465031
1828835948
1054126213
506898873
1549226634
312596703
110091018
1996355912
1662353281
1048151546
463756713
1865371864
2127353190
1172833228
1039512135
1143516809
1296994217
957267119
1459193027
1429786184
2139067683
2074186364
2136256714
2063977058
764219199
1462573238
1949779386
101332327
2116826944
1522147684
677718320
626096846
1130103350
1984508191
1235953721
1139676311
2001010591
190395994
872540624
2140662040
306131258
88057096
598384700
1601208545
1987845760
1482823875
1767281980
1633012304
1957619457
642550390
2025410096
512187172
1373403209
875818377
1188778058
1961418629
1063135935
1297282328
1993330186
1858020243
1527451397
745096830
4715689
1694030270
1632231382
164890813
753142106
2006115751
1152275903
232823621
1234768324
483963635
2089748095
1308499612
1983183212
1908383949
848508214
1658821671
714318942
509650039
727916601
1412319641
654566732
1719398962
1952972876
424274905
1431870124
1547089664
1441830027
1853959905
1974184871
44876796
953616146
488898146
1144116491
128828829
1566769185
284260553
1461915862
1181523150
1098980910
174222951
1765550044
2050017808
465612713
65160663
1796305029
818496762
1756269975
968323790
862700942
909935229
986059424
1458606815
2077061376
1438112414
463390618
701447967
1959091365
1084814049
1062263453
200572207
144150912
1654223114
183089817
726623879
1851389645
2127528208
1374971132
419110899
319919811
1903661613
531349804
799623913
1548315102
132489590
1200067828
1477378989
2057241143
1648125773
1550785764
415471531
997811264
997257851
786487127
1052086550
1681118954
1042349716
1562155851
1609562717
1448672830
421039825
352632464
2138850552
670705604
1724729245
543136173
731535608
29511469
261096635
2053639181
1071554471
1575543157
1914285499
1615535683
1466785130
350562183
946685049
1906440914
1208759974
939338135
2117163300
1797708309
1076438999
881247849
1795949614
2141137971
1603572357
1531279265
573332948
754425717
466204792
2012300732
1135616523
726910507
1306007163
640799790
401521989
1396443321
931798645
2118888811
439587191
1302758586
588050370
1519062872
641007313
1472684506
537430118
1957197290
802071285
1054775803
658151138
38461565
1831270358
1083239732
306638344
1749664137
1165014718
1895732360
1530334462
804292996
140725161
3171523
641231899
917389508
1747955983
1136589516
2026858780
296608241
508812506
1036555783
387191467
1472918005
448644681
44707927
1115992087
1940844185
744441681
1845828882
992153299
841017482
699780414
742056875
1739518915
1606316412
1225560093
729153897
1548150959
343694677
1716485096
519033102
390587307
162757336
227893801
1829860731
1498467796
1108884127
2063501775
1617788241
398294881
1053636252
2090594242
1101662030
1907097693
439235495
168005937
748248382
14623254
2016916814
5387675
1258706863
1189393591
2060081616
906329551
155736956
1426988958
134555168
231928756
2039617677
796494514
984988469
228658929
77995493
2118059711
2089560986
2112981961
1627204659
825749416
549694955
1873667457
292328860
1268980285
285306546
265767271
606221435
1515744096
226823478
1279159217
690511926
1195621732
562735087
436907370
872388266
59825461
1953189036
1015710773
426495306
1782946024
219750180
625338495
849354762
43256892
388473734
1633230849
790574997
895581894
60069053
524704764
1814471322
651963310
279597989
150530629
400577999
131394733
753443406
1095241164
1176254259
1666882731
522300149
794953583
1300328208
426207064
300376863
105917145
106270118
1590960101
2073449786
1181314371
2002211665
1870751294
1207923108
683721927
1974231089
259623913
274873463
810724775
1825028953
1983783188
2059573114
1030285939
1086740700
2083768465
1233120931
1451049061
2029637235
1854142444
57645848
1504471387
848282822
443925872
1132409690
1881640730
1937208190
1543269015
1109993990
1426388423
2088092899
1355906743
193910602
1322415404
1427257986
1389790498
613546298
1712603641
1635987834
1426178029
664491078
1406780008
1190897066
2116517053
349213330
2020248507
1408256222
2137758619
710281154
1997699048
1070092601
55546887
1142409769
1002261694
1121370172
1284853961
1811019186
1812709550
135047099
1650151904
1333848887
1210598579
556773060
1562596048
1789765276
1972996990
456739352
1398861756
1928958851
559855210
443333695
1117771502
1416166085
1597620230
2095563905
88747514
2131059076
531358469
1900888446
1389404129
1845205759
2050067608
1368400850
1575592817
249955813
2083497268
1716591624
1878351338
2055351592
233898399
199315517
1403438565
497757969
18428938
5204721
1606383958
552130831
1967390414
523903524
1677609553
829811653
1131932434
496619541
1014660866
1869342563
1969339814
874838154
1346107029
1514247585
1405516709
1850056318
1486172886
350994494
1177989115
356800504
1505433839
114394357
830355045
830667318
2123456962
1278259048
137796013
1084316930
2032178589
973101459
838764792
2011609753
883458880
1087603790
1926693998
493945482
1191568384
827679543
1501348782
245956275
1313844320
1431760287
1609616072
1984393449
271894551
948099877
1364589988
1020696605
2119652695
1586472773
1792875751
1357319732
281285304
1954342205
1623699857
12337306
519723024
644882838
354115042
169320661
1578244970
60975588
686079882
405282123
326958840
1648515871
1628061604
219264545
53686537
1946875707
1970101202
1423923701
970284888
1636373254
2080599988
1473348398
660979408
1117101155
1264246489
274105144
1974428754
49908027
732704167
1140331762
842046510
1034123782
1850125782
1372313056
1211231159
1400554816
2102038417
2058205692
853601871
1519749020
2010793042
1276256618
875414082
101654301
1231840447
243510312
1094064832
1031423732
1286514
1584924512
1006852699
1527425841
661694484
525732535
555208706
1908849619
1107233323
1992356872
831245580
448151341
1047043969
693811865
869874026
1962225244
1673473575
1879136131
713689023
602836125
1558595258
1268955212
1683852275
1684708837
679141257
256058072
1248471376
1560301474
1297039268
1989037646
1693386480
275487779
944943647
572747362
1146525567
1618516044
1817811398
378644130
172831861
1748356195
1879289966
1241040512
539934472
1780971312
1452475043
1909999269
1488151705
57145532
1475596723
125608777
103959907
277765054
681854434
541507670
350995912
574263516
117166627
427069440
2142757354
78562028
927337373
1140076112
769341905
1951006203
1631925669
1681238001
860534960
675079436
1712539788
2074501741
1047893061
703529106
1535132345
303407814
1317425387
243890652
1331398440
1068057760
559629324
943823823
20655082
1387591889
162344994
74616584
670604487
215176847
1353184828
1670812375
156611090
97213603
566660382
335118916
1274907378
1839917441
644854878
938525656
1185442012
1963987555
1040714567
863681216
2110211782
1044680884
2126910872
2121486004
2089312073
2076764602
583953140
458086268
181087460
1190328699
2093313827
837110388
1012981935
378527545
854852585
222261339
49934201
1393751387
1538222617
2005690834
2050991316
1404799913
1779194273
2100912059
1819507855
2045501027
644426066
1716886555
1031880893
1674977396
662686325
1358131870
626897064
1327697825
515381344
1052167771
1119099886
293358330
835524468
679400604
1223987346
447007705
397151196
808705055
888953252
848694189
1119614517
1806309817
1012059251
1922781127
543368751
766831390
2005034942
1844498388
1153039033
1313721473
981575518
1590405650
614901818
1362315304
1453120256
262221689
721811487
757075470
1074976590
1753269830
918852840
1902310861
1376756926
282232084
1547577676
859816999
81621076
246835969
1309110371
608136022
1811776947
1678616818
807875322
977856778
1222285619
1363123079
1656635839
1930548084
749104951
591773510
2114081332
1254958423
1390880839
866770393
1801056955
950670842
1950248169
636666144
114081231
545429863
878890937
1789801199
1866184619
350230090
1130989812
266579910
635176503
834689462
947585788
1366637615
732757549
928636916
1442953480
1518269940
309718861
1171939860
1242783392
674855253
1942199379
1757189360
1044034097
973448929
1300487896
1719368069
1470791357
778902070
515608630
9027777
62622876
251469507
1560252393
507855071
379733121
1145653399
1872241184
512328227
184767470
168902960
113537928
1956998733
1487444227
748212028
315617703
1760649188
1841219802
1744961622
787399978
235733195
66485462
1271298506
1191652842
537972604
3858963
1286706758
1197983754
1784884071
160787011
523919843
1447452984
1195117359
229160970
1757838030
376917758
1330430824
186330485
166192720
1107558841
1849876006
2130000750
1877579144
373570823
2139270392
2118882675
1771717981
1827979144
1347581177
651561200
1943023557
1068756714
1390991046
1195490855
416320832
1024298708
189143261
592808308
18370318
1304392010
326532532
1027455037
925152030
1994247775
1194899635
1947452595
2074708394
293495612
578430798
1865498707
530844814
589365419
1707562302
1317076818
2089234261
672199037
1811409161
310052548
222691613
554166015
1082364440
975568224
253581402
190161390
1646869071
1678971013
348018357
2012566514
1800764567
1359557495
1392732538
410867150
697817018
629787113
1369048697
573724254
1756738923
35271521
943608284
1372016172
1543509096
859686933
996592017
1718612633
291401727
1660759053
101297074
1587229670
328433632
437231706
1986423080
1810333331
254034175
1163959594
213509743
1219134589
534844930
469861587
1853089779
731277987
232027252
2105102202
1470813079
159389683
1840244759
974734699
1194887162
1509528737
166851301
1132286540
1838387529
88704122
1428332160
1362499799
592782656
1579571837
2059783671
742665474
1632051894
929766770
1102849576
586865981
1156132575
707645809
923742791
353641001
1474131581
1873035360
380360823
376368660
893323169
1030704217
1520778191
714079969
285972655
29328772
1459633280
715250301
1405564533
1401665177
1280913026
687128091
1026232619
1798795159
1914711269
2080557187
1756562241
23856327
370615045
233993313
812286647
1137314841
1098041345
1663788757
2059725843
1976898448
1110856323
473671785
1989188982
287286002
1012940755
938187066
472240035
1044611187
584078311
1175613495
847993915
809228984
1025978443
254207886
69549126
890345405
1020932858
886562324
1819489259
1802545734
1996031318
2059209189
1961227638
459917720
1186206568
567165615
1235858983
751306690
2040132880
1702772891
947139150
556059003
1630023094
897824701
84023061
83131086
2008691235
816431115
11166807
259251772
1564902600
1536924852
144186114
1323493503
1070968204
126939257
1222452509
1787886213
1012201071
1069916347
497077033
1489515783
969000530
1040401907
1952878696
1404607893
25663981
518409997
1853092714
1058689872
760800395
786589920
47552493
119743308
6045560
915312537
854807886
1893969691
496076329
1231548072
1337059536
2043303331
2060322809
643838953
60939590
702964989
940834104
824555736
532970834
334660290
2127701510
125443771
1812388097
1600977685
665650278
1104336147
1948462988
388661374
1554369587
2085425948
868950343
1559246762
1575828625
983061234
1342084091
1826342541
1377171263
2053410713
64788535
1009793129
1606199401
815744392
1837514034
18100552
2124989277
437023108
2005401271
1704706578
2041478109
228076723
134818415
668809178
135863592
512980203
958491691
1362975798
665083277
510045761
1807197496
645819613
1431366138
274299071
1669024279
99038021
1766220719
570670589
1111578776
1005175920
666301319
1695146556
1987306901
345643448
395780029
1948555028
91304178
1134786765
156506060
160480612
43131344
113471865
756312273
2115295990
318796980
704093532
1764684561
1903435323
1049658564
381371177
1847911033
1807736148
391573521
928611375
947169032
593035551
1635539711
2099633561
669695142
781510579
1706618062
1679244947
1973333847
89424263
489283761
1000486066
958537310
1219397398
1388576130
613075907
1154319720
344734679
445512098
2027023936
1698516923
270405582
1870785483
937639964
1345320328
1916065387
1045429352
2081293573
670006477
433629622
1559294243
432617242
1386520189
914861045
2107285601
1792300274
961457624
1797434301
1609246528
715648068
525321393
1395626929
103416412
1749043034
398309730
1443271616
140425351
711439613
360345768
914497883
540930969
1115969663
1053055253
1016459855
837157066
575697033
1107683308
740340749
1746780614
177859982
1645954415
13573117
762547164
607222831
1753324357
1296976862
634254282
1938782204
1528559448
372705174
764450100
510822160
1962969076
286799004
193322757
1274961794
2004522795
1033699723
386119163
1884399018
1365410113
80221624
1037881681
1480216392
729138390
1918601990
1071404086
147168386
1096659603
1511151906
1558643449
273071774
1061758317
1356601076
1705782494
1937138390
1888162853
1563653957
1705153143
1756678276
135203014
2122286494
1266979675
807677075
1372204872
1118878011
1860056697
1600448664
1948680381
47373999
508877813
119469664
1199193422
444395558
1838574593
566996064
593772826
107629011
1314674147
1350083281
40291552
1556252970
68990155
729278642
686313561
209107488
1189069490
1922495258
2107746094
1761719174
1060716401
1640427905
1336702753
981043271
1736239588
1915314650
542911853
1666515248
371181431
1251897673
926701396
1249613867
522206842
380872401
868803990
1921017138
158908297
1713815238
525447996
1761473162
1763966998
550232054
2084086246
754557364
541331413
1285022656
772789864
174735173
981037286
1609168153
1306483347
175860615
1627855916
1341064356
1280152234
1527441099
731685464
1410507143
1604465192
10306558
777092090
2082895475
231778680
1728014246
607820584
919857931
1834994016
1234308772
478020605
1313136074
445480190
822834157
1218034107
1370955988
1551199821
1358995883
485678364
1449384583
1710455998
1617594685
1712058197
1291517320
286573196
750883372
1997047084
1271291884
173608446
938109027
1659857297
278991051
1003382174
1200545249
1611613352
224215316
1269107350
86504362
1172521385
445038951
733709546
1582912800
637979144
825722940
821450177
28301682
187014054
1894862076
207270855
527891220
1675669941
534791263
1437625453
278007975
1596920302
1298177620
1246972837
254224645
1896061744
977427891
1364219633
1161736691
310928320
2077970636
2043922166
954544565
1519092220
60929490
152715048
116972275
2026415023
1952960949
552925866
1368192959
276759568
1805398370
2131565235
1651031016
13774610
673620653
1050764778
381694808
1938076353
451131527
1714969485
1638836605
1959279562
653592637
1315145913
1768536854
1175175157
2013688591
1329585271
2121381934
1696288004
781840223
1780227492
731939427
1960704431
774671083
269702092
1034610350
2113717147
1973653269
188239758
973773020
1324008292
445546982
154419312
479796163
990190520
1072350839
2130502221
2071907441
474105087
913271513
461996250
882286866
702746195
1311025920
1862854081
1977604882
1258119105
109647160
216206276
727880726
724723935
242447016
399714319
1162340545
1519828345
1690137158
1483937559
1394851398
1112381744
1799344325
930740086
1761161289
1628729376
886483227
1249898232
2103328142
264948615
1231028704
504718564
321328353
1372893774
1205122040
858175434
52151790
830511606
722743594
487592052
1502734521
84525598
1515065955
657830728
272060634
1433623111
1059562747
1324312294
573986518
1161916018
691561820
370999714
1697344069
1830096173
1472681301
850181336
508803568
1572874431
445228784
311672023
1907333780
507922245
908408526
748423564
172788141
1362188095
149878012
1000159756
514039117
796951566
304936075
370594063
69748250
202945965
881831026
1441160345
718199107
1852080196
843400393
663417905
1431603181
925820222
1679096881
247021632
867789892
2101745765
1702712863
273642070
877533231
2112243817
831198238
1305496575
380769564
320347761
1646234277
991383592
699500120
444413439
1087709220
492790366
1298261665
91844262
314854446
1605930497
238964590
1917619084
1021180680
4004151
1532997875
406121560
68151071
107057170
464830335
959498758
1896092256
548884849
1075919945
14557171
1622567112
198627522
919500189
880788148
590955777
1037234593
1839378122
612872857
1221145490
1459758024
1839621023
813027395
1261637359
1164054271
385944705
758283157
881120568
1998435040
1168314494
883631841
1396707012
138792738
738980133
235144131
1149330296
1518805642
961237141
1703814769
1748079283
1919808637
779391393
168686117
248571974
1449640584
884127125
1062546156
680437186
1271990779
116449471
1198285853
1803258515
1032713485
1488663016
819244360
402122855
1974008796
1204082275
2012046050
51442308
1468956032
110349787
1494809826
1515032165
715865728
2047392487
1175961861
1018841440
1933950214
478022174
919844198
133215338
1791900393
1870725319
611073029
1712857266
235638318
295917112
1048817180
853599323
1960045698
1270319104
314818661
1363607609
428026257
208692792
924213429
1106631273
126490084
2142733617
1641800891
1224125073
1895339208
435075403
1881591660
2059731442
574198213
686268581
1189507382
1781390472
1314745033
834140476
40282192
164005161
1769910621
2046812401
1003183197
612979831
1170132039
837145407
460905206
973339011
2003122131
1757136245
2125752378
624697427
808016129
1310371589
689126000
674085910
986997500
1480362658
226349816
1944467688
1510322840
1784764927
95635216
474321046
1175095147
1393120743
426950755
2017461129
953718605
724062585
1593338251
1259686969
966034225
760226372
323972576
498707244
2053081932
237221698
363813074
1643566159
1315343134
850897673
1241502600
1473514411
857293823
1258990662
1687183669
1874785712
1803933828
1941029833
909843567
2144593937
1913443895
181733249
255501065
380609905
2044685710
1734455050
278359487
1710786360
438563857
638728828
506450129
144751100
1716157042
83800999
1280137903
273660996
1664731348
767098072
189951370
1528064780
263030514
750113592
1194585538
1679006103
289826416
199132290
909046057
1801035190
1791370282
2126165187
896733334
149243573
1096088335
834804882
1543002900
1660203674
1963800550
1982769128
370928578
617843681
1586418492
897149018
1031059833
116287599
1345503653
1526003562
563002931
1901035917
511400326
1580460516
1526085637
1983927612
706130790
1895502337
545574787
1014121828
1562694296
1252121322
2128365512
1489674938
762602173
537792980
20177003
1122072451
219445603
1634046473
803864129
1425971412
1603569336
2013565973
633189050
746049205
10661311
1128823244
163364856
761759149
1268792795
851409402
1583681265
796177272
1389829214
1217289108
1920604129
960830785
408342275
673518629
541830309
1286548315
1741007537
532390905
343475777
2146094320
984236025
167407175
87023914
909455737
1647572059
1564278670
892117628
1883663500
830638417
1968908954
1190376618
1445325424
1335139775
1397900246
1732970157
1149188222
1218571004
639667732
746939507
782003605
450993983
1446668912
1068937418
434500840
740540259
1072442006
493116338
1724930514
506441069
309574279
1730330205
680260816
549815751
1012877061
679248421
909316374
876232994
1513486852
1481724210
1614399940
1524797234
598100993
526493412
336784385
1249686428
350307348
900239811
1820983785
732253289
166713886
1620889726
1992446287
678136890
1528830901
248949352
1238247349
1089233784
1941805642
1822594235
777991983
803338007
619641624
1845090037
1252997281
327199063
850469297
1079628718
1082977228
759609817
1881346201
126206832
1861583170
914905612
1345928427
894218859
1223616755
1559727966
1591227551
322176590
1034966713
1063279980
916130051
28300636
614367655
11880117
2030692858
1472019151
403780707
214389197
483865043
623038655
1750408787
1456619804
794947959
270488414
1396876855
1310325146
359860692
1205181655
587540847
513474662
143912797
317180211
399047097
1732125465
1092193093
1151962179
956547211
1910608240
901433263
839288968
1675484154
1798022404
474997003
2028576120
1190379027
734569700
318991395
2064099689
400941995
1051687944
1800484763
608179842
1413546503
1100233217
908761748
1325416411
75005790
289996588
16019864
1784279140
1068634255
764594121
1168772707
1530744484
1394712105
1833657690
1206426177
837244215
1077299186
1260006959
1284306852
1982452363
1498510585
1490804745
1588991322
1766457336
1431913118
829818999
5555422
1204029994
1543957853
1604368383
127684284
874516766
576300261
1950826059
715097674
837155799
978422352
629297433
677445197
1577937111
1083676368
1341823340
1821286542
802004463
414023576
865888732
523692902
1484348542
1032092753
202700913
1431481605
979540295
1881156183
791424219
563692405
2029005889
284052935
1691326565
1134846226
319678380
2090558637
476941815
668636919
1256575710
560925306
945397599
1537649309
1169501273
1625879002
1187598178
1427027180
1697273496
813476639
1015016203
1241984942
1675162731
1716417424
1368671045
1564460194
1032024313
1991640604
2026892742
1192763595
947351782
109082818
2141970085
1993968261
577537445
1002928869
1529432487
345529488
1124597031
1637509641
348316859
384799189
378750246
50877910
1652245811
52899014
1708051337
1337305404
220115329
1233657797
835447433
868027180
632249207
235278108
1433554595
1966447472
1012797068
756649894
652082939
1232628667
609538662
889743847
1393664878
347246787
1944071181
1084910925
372811576
2013130386
1485582923
1247409873
150912984
2117638410
502627584
457117040
1428987492
949828958
1802621417
725935086
1582660429
1941686491
1008887685
480050230
2022960894
1274274083
95854722
792170638
952629720
400052833
2138436143
839836443
12862339
236422629
1607986305
1425549574
2015530957
1871264630
191046925
1130619036
243948661
1184523036
1130838191
32430831
1902949216
372672477
1855765458
954921499
1100829269
2092712158
84062758
1694028066
1402321195
1517748492
561690254
1556847072
221330269
1822494562
2093675029
1724989838
100368367
1277386510
1704409631
216209550
894908660
2110181789
1292515574
2078262581
568998836
1689920114
409312971
362152722
1985432684
625898650
1687380661
1833284427
1438855600
448242990
789439921
1772669996
1936319853
1636561047
503483016
1718706099
527135808
271782200
735879649
1925753269
1131411897
1281703610
244899890
1769394988
1026706883
1291073437
220218102
969683664
706630770
1215729191
938942110
1460944692
255564424
2098287937
1168603860
1217573786
356211739
246982067
262987676
1918402433
595011825
1723345187
1716005115
1083351419
2099799930
1838788862
240363037
626879418
922824678
210383504
269249646
1728696903
784059344
1037804218
606329978
589420536
724711435
1962395572
503820377
1991230445
629875152
100116545
2073040470
1815268893
91872483
2144868271
1729675695
1852657535
1164135486
157365341
32438799
1814862587
1995947086
421708414
1384947510
1988688546
457043756
1758155582
5917458
804965826
565390506
462305346
96985299
1993068004
543428839
1974951168
1454415743
1559542286
876461789
60420877
1503030468
1847193105
339038992
105530843
1183113913
1981685862
70579061
1452483218
1454236511
783903592
2000925164
872120383
1269374959
590944011
242147471
1226237699
510209952
1777038269
1817892796
2059974984
723372372
1074265788
634668163
1033578610
1395057669
1505254493
1030921310
1222459120
1181921890
1377645448
1198972197
423019351
77400
692844489
1462344384
1106139602
851090248
276986329
770591395
839067610
828426119
766889106
1969323636
1410573519
2043860916
1477871441
927021345
395779461
308097655
269701153
635013657
1045195287
832319972
1348612127
920779045
1483589791
2049299905
1665485445
137154655
953447724
1971227014
338479892
2020059461
1918595949
1980848833
1377949158
1607456194
1677882223
402865063
356803881
1649194414
2043504217
549275227
2035519496
1110133342
1279470653
690133358
805919342
401882275
1020520098
1950356458
170819857
1795452105
2030738164
757718329
122416553
1241402106
1934031735
2049492213
1804045950
173779540
1875906332
1604558197
733588667
579816707
2042666536
2082853767
470215493
1991797318
1104241648
1194849955
1526019434
472123074
1754782977
756380118
1002802313
303867835
1033060642
374992430
1521663667
1374495670
270787173
743186759
517946997
893207105
48049190
1736941273
858116466
439698089
1656950602
390923787
426720254
857331346
1779518544
1257354940
2142895615
1870011225
101289178
1797369182
517956912
167906904
1075932356
980144180
1983100580
1354271338
1230260327
341823318
400544582
2063351776
1488681494
1327666413
1578430286
1711695839
668700294
1446465847
1015617494
901743555
545185169
866857357
1060651581
341263447
414077904
1325667325
706838945
464236602
738440198
328731329
1754066519
472561712
145878418
1664246248
791908622
1306762012
1266943670
881291536
765132946
1340637811
808433302
1424908211
1865903949
747830052
1585572986
1344131093
1790840850
938092095
1445988607
318907109
908385688
612310653
8970491
932570033
785421293
655250637
1819272985
338802899
623296693
1781377802
312743850
2021206937
239100991
142269947
1887365737
274298922
474636898
383544174
972449063
2089680532
45896993
495479238
1758865656
1714695230
342403603
1540409995
17236197
1668516074
838470901
1649306424
1562215250
260147038
1147360120
1860046691
294489791
1520856227
1240093494
1099855395
1418115343
1963130994
1930048631
1157062831
410387293
121496183
2056859173
1096161509
315882657
2110857190
571839662
1324721379
237894021
870307496
140563551
326057954
1181262973
1022116606
1134419396
1847575892
745367108
1427358741
1382520108
2028226576
1700598798
196120922
1283194507
1375720570
2045139382
1304055418
1158197532
1343993895
1415843571
718644133
1381802943
1829497131
507582052
544717699
1802772822
38862231
500556902
430006916
1746955576
1225043071
473361933
1368607258
811961341
1407994052
241358475
1128994912
890882502
29322263
483653679
1294820223
1106436993
1107874801
432548046
7777678
1007227554
1205687696
1111139732
590171321
1971615172
399098142
285069273
1019124466
1324605199
463678429
1390753237
976221373
532935598
277895268
107858329
667371074
1863266299
905398169
890705989
2083128052
640171798
207759433
1156680456
1927519657
2065367956
774302914
726370571
1452375957
1673109239
126933243
1729183262
1865942937
594558941
622911468
341420861
384721550
287241083
1274465055
1312128038
745909632
697109892
594567616
519540203
349307063
955362751
1079264094
537671486
1198144894
1263190025
1292541794
1319944252
348303629
10184763
1628292991
1381584446
1260994513
1700911810
1758853276
387461955
2002699764
128711578
796588686
81709150
1452151258
778091730
1788551710
479708113
36283922
1270501407
637874970
1529427122
2025561542
848113567
149191136
701498483
197282069
1701683995
1611362315
541864170
1498690551
160039513
1142256554
9796214
1145468511
103419371
1341659929
1266122449
1794731109
352379301
1456965826
268557241
505347537
1736085030
2035776249
932205792
1208682940
1512198885
1214360485
191580247
1857590924
1732428856
1909488380
646719831
1599479256
1968261383
13929676
581283551
701807566
519559786
436421070
578093641
1507685906
1526655427
1072219702
1567826173
1786274538
2137777981
1048632586
1407037986
1746323410
2010144328
1370465383
38823978
10457454
330996447
314018604
634983477
1450790433
1875256423
1852644584
1671497676
2135818703
624090243
63342349
430738586
2137471022
208844842
1558336109
1387152604
93484135
748488901
2120376087
236714206
1286042459
2000116122
1748503074
1091946686
182298692
1849266485
1794320246
1338756697
1046393725
438500492
877130194
1315869517
2038903956
439635243
1958448427
1878122391
1256480896
582094802
773026948
1099964959
1450628822
1700861416
1364011617
1096396844
842026585
1233886275
679827067
2003475463
367000102
1109080675
1029576208
625383469
968118480
1776256033
1954405117
986526884
1949846445
973606005
123459717
1027020990
300203052
1338570304
1812424912
1697442621
1742082224
603718110
1696651640
430062260
1152924739
187065237
831804518
1236335935
494319039
268455734
694698965
1677338837
1395057141
1209374615
360416559
1769945944
1778971644
1828480960
587682617
1459919046
840759323
1330981455
645719880
403102367
1111629028
1302469710
521819810
121908785
831279622
1718473382
1763514505
2006104809
477898924
856912044
1574884918
1222556006
863538933
1427357727
296717312
1552302773
338925475
2124577268
8986002
1279284640
1783202832
1823158138
1625121432
2037409619
1588677477
1194684542
1431827630
1412605494
191275690
1259446158
1164134517
534130209
1287344845
819267077
1744693650
1487201082
1500415296
1532682227
1057398168
1322689823
1304605319
271203435
73585089
994877897
151602533
124646008
1795195905
2005748440
9077199
857583836
565568318
849186089
2120392
622317154
1972618781
1249774808
1163287418
540878934
372173644
581629877
454311201
1860434981
848044564
1344837278
692989635
202691732
1821606164
439942842
416377049
498123850
1526320209
2042390396
1384795713
1642957551
1594658476
2111385697
1199869453
229379877
2025001156
1586568358
1976265984
88470932
1424737676
938692767
1845860059
948052844
584935908
1842636887
570774975
1547289800
1080391681
312656974
864262022
1339761199
1090498381
406308785
1844932358
1713354762
127791379
1893886560
290659610
1115139748
65906189
2076982633
235182049
113414648
57664954
1164118929
868106490
348667935
1754859973
1100251997
41073426
424062671
1418206061
2019927360
439215596
843250904
1705849433
603805639
403346530
233900569
125238668
2041277046
934932143
766884414
1176325975
171777357
2069379728
224092726
543347079
291465250
1250530535
1807411385
1709884797
179935202
1053526945
1427040447
1519864017
1239709630
967311564
2079164561
2116589945
1109646432
1330393042
1439327104
462192445
643083750
1293013844
882093097
1724693901
937894888
1348439949
92297028
294317825
1837974905
1344686806
1103709196
1758454334
366352393
1459881676
1619622961
263279432
251262199
1223273945
2034919975
1250994265
269743967
278679863
533095551
1802063116
2134561605
1961624258
1498230712
839407476
1867923687
256965790
287195550
1176604666
1881198009
1136364159
1755738409
1746114203
810409123
1725757808
1014356148
912378825
106058622
1592313136
607090251
57959729
744856522
1020976804
663147435
2083329532
497092920
162501204
779725491
517532109
1327735641
122705560
437351520
199819739
910735866
1651599149
1903493390
1097293222
675858822
1522527856
1120944737
195778843
1008976390
42846594
399896804
948949332
1596770892
1799310024
897960300
2122974536
334734169
2085602723
1054445332
1067410591
1844927909
427345236
155506397
1315085088
91708095
765583602
365573269
147736682
400096992
1865225369
1564512069
1243828941
717918699
1459763357
600380764
1123624839
1192463847
1104227668
786187052
510714458
756443941
1124310195
1244925399
1379018606
1149966651
21780568
1442341567
668279952
890535115
683680684
132955818
719124506
1348557010
1409044186
1355281975
1098857585
828262268
862635246
2068476567
1726870647
685463194
197342147
220699274
181212744
2065514044
2116877895
1737834665
1541015501
1476488043
285932155
1584639583
1436472413
272996086
281454523
1684421273
1712957477
1168026349
1723826338
254271968
203846002
1182607230
1121106857
109276481
1482258380
430503049
816084278
246193046
687158888
1787706934
1059189160
1285295900
1280467639
1307005796
623148124
955774961
1118696598
1226322104
839809190
1149052558
381273230
769134018
993223146
1012607341
1832648698
48925092
366290481
1729688817
1694374833
1544179078
1029390371
23399867
1697344358
2034232744
2112190507
305195478
1200351525
315443627
88879170
41879607
1991950872
1927539529
313703668
311941410
1965789
2047551183
1714411787
1253581624
1687858008
336554164
652189869
343563277
1235484563
1920262977
1403406789
1310283441
1654800885
1743261460
1859616555
886438279
1109403491
1107243459
373555018
1996302083
890025575
1588904637
866803632
1237060491
264839012
1601407618
1279398677
427920449
1619347413
339232264
1978039448
1876784121
1924593371
2124693654
1289314338
636475347
595936356
1099748434
1833815252
1943015112
2057609916
496982030
378699786
1486656677
806497463
1776146688
213763961
1242306253
1007005881
956797118
1156248003
33446891
1546834276
1371398438
701025112
1345765916
1447194948
484000583
2009386478
2139065807
234697433
660910366
574819317
2045760084
1352166573
468210471
1432858198
1243839439
1435516791
199460078
454850027
377805349
336994108
2096560954
954380788
753697038
1435808186
1861264992
771341979
574163889
445416427
1078563162
1894098721
1242614037
1442505499
1026125643
1760913162
1926023067
2126785076
766339583
458843068
427376609
1056548541
1710335916
2021152755
1547835305
1324916253
2057387498
1832240763
69653760
1777285236
1150760343
1384376127
486243013
1001976379
1687456916
983790838
946062807
150896892
666393152
1228548043
1160189370
1901924541
812792315
1526452045
554634514
933155633
750975729
1140332602
553854599
1649950595
2096495687
1555213462
2022786159
712768334
713854280
1815826036
424481732
707867255
399254967
1300284949
1676558506
1364667312
728043425
263333241
1522874378
1640537334
2057576431
1214821560
60738799
1253234733
1683828724
920171420
1859177266
1593695407
1341220205
495545344
1484879354
311546386
1102374172
1806699332
1505448545
466010380
1479807091
460497822
1152608869
1729310840
191029192
551142709
963530854
1134204349
768859584
1536128319
1515218585
891785892
41697171
1133044363
1532705678
120987575
1992011411
1709411931
1991599491
1283077243
520572788
1342321207
1009108360
1723134419
120755819
320678283
1920660492
259384375
1599007155
857931501
1759487922
1767210885
1641093096
331194104
1362134531
576264445
586979338
415154593
589306880
1068681687
1426279215
1105771180
1263802767
1976644148
1274369218
1625199897
698375020
1965659160
1765609845
1357790487
961370040
1814467593
177369554
2076754958
1409178521
144268404
1061454843
67447350
1640922834
182776461
1256877566
133015876
1709115928
1977755068
646860449
1148814094
1010310288
1611681896
1173852104
268969011
293087178
1113208251
1497874104
458259705
1314625238
339881726
537008819
1916877514
1992270314
799865820
785031979
1618035391
1910841195
402837412
619745423
1508468595
202788419
1752680168
2123930994
381161089
632467895
941604540
1034039143
1360127385
2038747316
1486442296
115216209
1264493373
223763441
37524945
1657866254
2055232384
371977317
168566900
987010764
1293621156
1603796378
651686915
1991497204
2145995885
184513907
166921068
1702312829
1651468801
211534869
1740777821
177686930
2072678068
253727611
341261377
914915352
1031219268
1727438133
389092501
702565348
2077175889
1173153493
649380195
1667748367
1056008939
1849862041
337439663
549454368
1517309919
1314007433
1608638508
1967794588
1090283000
779200798
511332756
928853036
1505759569
1697114360
535861821
436739481
240637977
860022120
1543231619
160311857
1882654864
1916425622
1134937567
1330998494
848482311
91062128
809484749
2119311955
1316281239
253918361
930140682
786740464
2048293485
1171571600
383662838
1113120677
1580304786
6402175
1067107203
1032679719
998783692
135150822
1796854868
1164069269
2107682430
63509227
1476476562
1299815195
1222533542
1812992354
1552842708
711892800
1325738826
481846948
704107299
59594403
12806998
1467059138
405536766
1585609030
283072448
215814523
711126532
1047782965
30402400
497381764
724838739
1041297261
1775525136
382707979
1048889355
2140804470
1654425669
20670517
845160440
98565092
198124685
725514707
1032102148
377808493
338245092
956042292
29179449
803806658
930780869
2000129308
1977727143
448391529
1631183263
2086884048
1988922055
1886903401
1163646539
377655479
1799284575
1879856772
695768233
2125899465
937655504
1258528628
567390915
1464959850
1294783570
2132127550
1560976646
2062429013
1150144737
517785991
1042060007
1140590488
3149818
1435848877
1236957138
1591948076
387050686
37926584
1163390043
548896815
303212990
1975123526
1634375518
1702888768
1678887068
840160077
1717071027
1746883940
796684789
97497540
2084259151
1980063105
204974566
2130251802
1537872968
508624294
1090498570
1152988386
707919003
596465297
1232418810
2028996508
1071550397
470250837
1889819766
21333221
1599050615
562453160
2019569212
173654020
366439083
253899116
1453893810
272946640
2126390687
315722998
1486423208
682903835
1795486660
1932306426
943640074
1613134182
554330035
106792889
1021995664
1087780195
1820511196
9470290
691116472
630754997
2026702176
1261666760
1456374119
1343132451
640373748
814494313
381884319
442024780
439355632
891907852
1817854630
517518649
1252663367
1006055347
559352556
2078331021
1280164214
107777994
1713595419
1158019656
1688863738
66538179
699096034
915066824
1459629355
69391795
211130676
961322568
1992349697
1602266702
145525777
1318850390
1966227788
2018994727
938429633
1754079315
1895326503
1279720365
759572158
1993453668
531663687
218612074
770518426
924318542
367873368
366986144
2004663006
2090187557
1117715070
694858321
1497174063
698176030
255543235
1560729886
395244251
1394016795
1156184339
1167319602
798259665
2021289920
2037756524
889697336
1302758711
305234680
159828078
1064836780
979277852
185035267
1883553721
777012950
642766242
903339208
317589498
126982487
330908772
1043760341
754354603
1372398248
1296975298
2004541882
1330262063
158714642
1221175071
1021501198
775798592
817588966
574559633
1153488878
263266937
1440314636
874987876
1910862241
1742106049
444520900
2140469617
529810076
563954215
899607825
1305557877
211237802
50306419
418928741
343713845
1360353644
978625486
717573863
1350402809
1937895561
710237223
597990579
1688416276
679269884
1523702634
782809760
2113890875
1820846518
540991831
892181906
648779800
2097705555
1189258918
910480686
1903671186
1191818078
1623991969
1233146225
884335265
630131148
459341460
687863623
845549035
1210983617
348182270
2076734707
1358910110
649975757
1565585209
231989916
1758091139
862817874
2027658030
2022428919
953362588
817048444
587409001
450771816
934430446
1765824992
1786771017
480742904
121588259
169391474
2045782102
1702100453
1075379992
1563069271
1932383319
1269695471
493277216
81161752
1789733041
385497589
1610354906
2111982388
1946976195
1292879365
911242805
2038580452
1422388614
630684506
772372866
1353110704
1524655186
1604601583
2071481118
1688326743
546630545
1008550489
241176675
779553047
1792236052
1954953920
1690753435
1551899047
812457792
1385640573
852598505
1570468882
242889739
199946064
344900658
2098046351
1267097635
1930532339
10090348
35170798
390552096
959770064
987544576
993307079
924579768
750369931
108172093
718133217
1500806805
1093221824
460550798
1204028141
1423203097
508044635
724724243
1133525355
1540100497
1353811013
279616681
1528617336
512662836
833946512
1321200065
648196241
1311552496
1180938482
526877307
704546845
770248724
1990508243
363124050
332263254
480496267
257270480
758667095
689621329
1353933722
844100419
1670181642
1820145858
1324494615
1184100736
826084268
2126202335
2096811791
1450679589
1736251976
560531327
1583744274
2115879516
1815930347
1242442335
892315791
804059503
806636320
487617103
604100166
264058186
1260217557
888916669
528982441
1936106562
1316050555
732604587
2000092850
2047636035
2078956280
1098013300
40070394
1072367692
1653354736
1468829177
127534119
1260550945
116275626
266040895
1486882161
1604149182
1701984517
688936538
1442840569
1988954255
362978977
2035042728
1227039248
697587657
1037656500
1810068444
1319444821
995407096
166074637
1775135264
1432397655
1242985761
1696542642
1468749430
1232438517
1269550389
688803960
1979824760
1675699453
1172205883
2105993314
1596320359
2098981164
250718791
1981690815
1125788386
1198611388
1834282580
981694890
814049938
265576718
1101736090
1293428070
647836534
1452771122
113640060
1459852560
1684746579
1527171134
731329173
1369886527
