2146539555
2145881883
2143256664
2140377900
2137220161
2132995283
2130068553
2129454176
2126454094
2123823657
2120895051
2114707863
2111751529
2110832431
2110820400
2103638316
2099809568
2093801190
2093611143
2093118858
2092892048
2085301330
2084284427
2084124484
2079977800
2079671685
2078814509
2078627380
2077483046
2077362000
2075711144
2075219561
2075158900
2074836477
2074408367
2071223254
2069736263
2067580738
2065022586
2064512774
2064181797
2063741624
2063026443
2057078742
2056639309
2055900044
2053543922
2050491880
2050309340
2049781309
2045549499
2044849938
2043395199
2042481823
2042074112
2041857455
2039589707
2037399145
2036330883
2035927359
2034466608
2034299567
2033534415
2030448955
2030267081
2030051398
2029256881
2022531450
2022274863
2021301774
2019635603
2016022914
2006486258
2004769133
2003289605
2001508649
1998974500
1997130596
1994640352
1989933120
1988528466
1987444310
1984102164
1978422211
1975637149
1975278122
1967573062
1963486296
1963480644
1961615116
1960987645
1954727146
1950898001
1949722335
1948786518
1948476203
1948461844
1946661169
1946389997
1944050217
1939858900
1939533385
1939054575
1934641524
1934137742
1932866687
1930584149
1927856855
1924045635
1923568617
1922793917
1920980006
1920574495
1913832632
1913333671
1913282780
1913258060
1911047195
1909412646
1900842121
1900468817
1894893820
1894094586
1893704774
1887247037
1886263538
1885990421
1884406381
1880115457
1878160878
1877951272
1876577700
1875629133
1875589201
1873256177
1870965858
1868769409
1867500975
1866557832
1862428518
1860288992
1852755214
1852567734
1844086301
1843769956
1843537251
1842596337
1840983771
1840716075
1840490894
1839787547
1832365672
1831686388
1828652174
1827799657
1822066376
1819970703
1818050581
1816688517
1808028230
1804497080
1804087939
1798636848
1798630753
1795969236
1793946660
1793892353
1791969109
1785951566
1785221888
1784979934
1783263288
1782800425
1782456156
1781315796
1777683931
1775894342
1774724466
1774054666
1772778075
1771133257
1766696733
1766094181
1765893829
1761845802
1761159225
1761127164
1758249075
1757002145
1756991827
1753281165
1753130144
1750800018
1750256056
1749229826
1745745448
1743792474
1742394997
1740115549
1732411475
1732286594
1731860742
1727774929
1726188077
1722791401
1722076023
1721319838
1719793077
1718491519
1717124537
1717002819
1715309346
1709429911
1709367881
1704025553
1703651398
1703243811
1700025627
1696207920
1695583146
1695517634
1694269238
1693092191
1691164870
1690779618
1687833722
1687580575
1684436270
1683621078
1682109006
1681080072
1679014559
1676910302
1673154129
1672600435
1672234228
1670249868
1667050437
1664550888
1662872276
1660023843
1659799107
1659400388
1658995657
1658675013
1658617839
1657479562
1654795555
1650288487
1648892691
1648130856
1646070779
1642055662
1640780726
1640267486
1640202600
1640138670
1631479849
1626290872
1623633306
1623146979
1621827974
1620100443
1617547387
1615436035
1614849329
1614318331
1614070071
1610084106
1610047428
1609065743
1607126446
1606505788
1604022388
1602029969
1601815567
1599896798
1599289199
1599267998
1597800083
1594618937
1587665013
1585611950
1585563363
1583276872
1580288621
1580134341
1579706147
1579518906
1579131127
1576586155
1575578988
1574525282
1572043574
1571756215
1563410224
1562879015
1561701973
1561088569
1559197864
1557641546
1556815428
1556814539
1556357150
1555203181
1554569496
1553677430
1553353688
1553240990
1552533085
1552300338
1548516419
1548315336
1548140123
1547168394
1544213806
1543887276
1543399828
1542689559
1541794674
1540235357
1536333456
1534721673
1532666204
1531547478
1531376335
1530398105
1528243185
1522070026
1519036759
1518305304
1517976405
1517318897
1517136632
1516242975
1514503300
1508513347
1506885769
1504145489
1503073584
1502480470
1501946332
1499675263
1499176934
1499063653
1498932156
1495605349
1494309391
1493981129
1492263038
1492189678
1491649287
1488850017
1485541569
1483343281
1478254495
1477159068
1474470166
1473757695
1473391877
1470753206
1470187009
1463827047
1457793553
1453411772
1451190595
1445521507
1445273689
1441560233
1439626805
1438070948
1436906620
1430252688
1427871557
1425897891
1422834669
1421310674
1418834590
1411670652
1402854235
1398332032
1398297876
1392766905
1392176310
1387703635
1387280698
1379592549
1378499309
1376062688
1373746714
1371777549
1371737304
1369174364
1369043342
1368211715
1362531155
1361969889
1360399560
1357754628
1357335728
1353965485
1352044470
1347137194
1342890985
1341195977
1338707145
1333846177
1330969747
1328614825
1327731398
1325052234
1323776318
1322962618
1322254401
1321695608
1319963981
1317543714
1317370599
1313082900
1309266074
1306824211
1293850559
1291637500
1288952692
1287668900
1285489143
1279129728
1278695024
1275892247
1272124770
1268479721
1265705212
1265381068
1264013103
1263772691
1261996410
1257708192
1254597502
1248726149
1244713502
1243090276
1240935994
1240802165
1239459877
1239040658
1238816940
1238546644
1237044681
1234867973
1233441659
1232985381
1229872679
1225316043
1225154269
1223491929
1223188503
1220443084
1219179786
1218791048
1216219871
1215225487
1210912720
1210394176
1207124133
1199314195
1197300557
1195311516
1191408422
1191157364
1190860836
1189347415
1188146984
1186547473
1183945714
1182260468
1181648279
1178511727
1175228111
1174385469
1173035585
1170783615
1161457410
1160521680
1160333804
1159823946
1159331454
1158676996
1156363486
1156192740
1153882883
1153411053
1151065063
1149453395
1147839333
1141707630
1140978156
1140690793
1138721601
1134439168
1133678378
1127599827
1123952166
1123935225
1121973737
1119124160
1118975367
1116511325
1114326454
1112453531
1108996897
1108854091
1105509861
1105079664
1101927098
1101754294
1099466078
1096461146
1089322146
1089242915
1088242326
1087570757
1085144307
1085116330
1084165508
1081872849
1081488296
1080957753
1072311920
1070789046
1066691584
1066064180
1060178612
1059107955
1057511514
1052682305
1043788713
1032821025
1030207610
1026588590
1026198416
1024609332
1023965340
1023707098
1022655259
1019352494
1016869101
1015909853
1015745153
1014532006
1010743834
1008632107
1005633574
1005413786
1004728335
1004648514
1000667795
999383687
997284517
997175125
993938635
992445465
985812880
983867931
981526758
981417194
980555430
979457253
978483518
978252613
974147388
969712234
968567803
964549065
962885567
958964842
956648150
955237757
953894501
953747573
952284381
950911943
947700043
944249827
944000223
940459091
939174713
937097059
936108488
935231946
933674589
933078286
922972717
919835115
919632697
916650384
915806424
914406295
909588352
908059927
908010664
907040479
903232682
902796691
899484679
898978952
898906749
894889233
893918252
889828957
888549655
886081401
885674218
880785782
873509507
872885768
869265545
869171091
866392728
863230696
862001789
860664717
856981527
851561745
851460678
849776012
849248675
849100729
846837568
846645411
846538591
845808323
840971755
840257199
828007373
820602516
820094932
817267841
816768393
815287247
813732700
813313278
811263938
808911473
808825104
808541196
807432315
806748913
806026860
801961003
800110867
798140700
797342863
797043958
795532483
795231445
795066083
794010653
792418045
787735856
778402072
777613740
770890499
770339880
767806289
766732525
764688845
763550784
761175180
760168202
759556210
757730011
756120356
755375590
753008655
748710803
748596763
747546330
742923204
742415709
741761531
738456239
735728022
735578956
735197829
730534647
730348430
728769679
726181347
725985015
725965477
725293356
724065210
720394581
719737916
718379576
716601772
713783755
712248154
709771032
707335206
706659685
706654517
705836018
703825160
701757009
701015282
700961354
700714093
700457052
697957312
697695588
697257623
695770509
694621606
693764231
692822755
689204710
686429020
682242539
678567298
677463243
675433558
675283005
674837521
672886724
672662921
671169162
667747735
663531073
660793527
659389379
657996619
656083454
654081087
652082408
651719204
649799656
642035857
641583711
640739402
630380804
629410137
622393153
619930630
617764988
616567648
616451354
616434077
613826914
611541451
606200403
604411857
602643356
601845023
601221127
598187452
591874076
590588917
588181838
587349585
577859974
573048706
571506768
569343101
565371484
562351173
558418464
557381298
553340268
551327727
548455441
544305492
538003167
532837734
529622409
526414780
524332150
520814949
520344078
519053425
517592109
514191348
514037740
511370807
502693673
501569837
492851645
490899964
488349025
487000118
486659189
481120934
481031120
480274312
479502989
479228573
476990286
474211437
473042415
472010204
471869941
471602298
468359341
466482620
465621505
465229726
464804373
460773054
459689911
456796605
453934057
442310618
438381463
428767143
420025838
415824050
415784470
413382520
412395473
412001546
405380105
402594707
396133777
393133413
389780119
386492433
381346017
377970377
376159478
371202106
364905173
363125634
361447440
356926529
353412443
352149031
350357137
347288581
346490047
343564604
329396509
327282790
324623258
322633600
320474077
320014629
311702048
311529586
305524612
303929185
299895054
299068634
298834085
297693718
290758075
287004694
285448752
283751418
280537590
277307836
271772850
269896053
269771572
265934030
262914642
260881693
260386974
260223415
259770513
257408174
253585130
244391055
241240305
239648757
239055704
231139499
229597755
227444484
225361720
222083951
221449083
220508802
220363112
219546392
218797791
216765058
216656814
211547733
207060284
205706204
204305080
201931817
201254142
200411599
200339061
199854455
199328318
198207498
197099248
195363564
195358547
193483693
193350547
192981807
191080003
184955424
184550777
183758839
180001902
176850075
171242136
167938878
165638332
165610532
165103709
163042897
159121385
157878864
157067927
155739118
155604211
155185886
151967012
151637872
150567274
148951328
147208138
145720299
143694248
143464403
141910927
135574414
130935489
130057892
129306119
127542688
127240617
126998575
126516319
124608612
121541220
120844820
118385359
117260515
115217648
114836145
114333412
114172518
108868286
107007959
105949635
102798415
99917910
95794272
94681091
93714114
89472050
86564661
86358407
85603687
82980062
81844680
81757109
81132301
79282156
78499000
75424140
70529387
69809545
68598428
67693728
66926146
66499326
66101050
65580517
64491166
63940448
62052077
59216017
56657772
52912564
49109816
47556483
46944173
43830221
42766847
41916724
39878902
38126547
34819747
34793465
34303178
30919600
30426651
28620288
21564931
18663998
16975305
5225233
3130021
