2146797785
2145125258
2143996490
2141177440
2140382885
2137509041
2135889989
2135149765
2134425765
2133594980
2132799394
2131939135
2131863294
2131407518
2131065483
2128581613
2128254702
2128253872
2123564213
2123301836
2122789581
2122020415
2121277181
2119732500
2118564586
2117980592
2116960084
2112992224
2111956438
2110528368
2108400054
2107742866
2106493459
2104124420
2102441825
2101821528
2101804389
2100817821
2098137758
2097828522
2097340978
2096445346
2094870105
2092215260
2090630818
2088692604
2088135058
2088012260
2087958404
2087270076
2086398836
2086101387
2085768475
2085019544
2084198844
2083285842
2083045192
2082859354
2080645842
2080585791
2080305559
2079747831
2078998485
2077763812
2076602632
2076503832
2076244822
2075717041
2075592022
2075093435
2074589720
2073501096
2072755826
2069189090
2067856570
2067151843
2065324471
2064951796
2062711552
2061840788
2061416931
2059454816
2059400719
2059293240
2058175255
2056708166
2056254137
2054169868
2049318869
2046815962
2045141874
2041627258
2041471165
2040082096
2039533701
2037433836
2037416446
2037159939
2037075867
2036235254
2036105803
2035058277
2032362333
2031802099
2031531309
2031228180
2029821877
2028763276
2028197801
2027978323
2027963138
2027668470
2026917700
2025434982
2023780733
2023031282
2022555832
2022172587
2021547476
2019014745
2018428450
2018285496
2017434631
2015804621
2015663990
2014952911
2013794871
2012324270
2007274646
2007153795
2006596786
2005953231
2005215488
2004266365
2003617748
2003360203
2002338215
1997941192
1995016336
1994770399
1993868181
1992708349
1990182768
1988797645
1988470424
1987390302
1987213113
1987082704
1986627926
1985776610
1985401600
1984418205
1984323791
1983306233
1983301827
1982805503
1980802392
1980703482
1980629932
1980262204
1978712186
1973532632
1971589451
1971097006
1970841584
1969949699
1969804553
1969174555
1968386548
1968090477
1967644199
1967298442
1967249483
1967190066
1966930985
1966165215
1965212656
1963839497
1963677468
1962882605
1960783323
1960759937
1960705467
1959425018
1957428577
1957276564
1955822674
1954542397
1953254619
1952277620
1951369692
1949695511
1948995163
1948755856
1947442651
1946339926
1946205992
1946181596
1945087331
1944670211
1944131909
1943886933
1943529808
1942148165
1941937734
1941621812
1941621166
1940768488
1939323641
1938896517
1938502175
1937973421
1937637154
1933827925
1931054720
1930285073
1929199409
1928678926
1925813054
1925505899
1924924138
1923882819
1923828785
1921324495
1919349051
1918839975
1918220738
1917922549
1916223646
1915983946
1915866462
1915650770
1913475489
1913126893
1912291546
1911695334
1911001988
1910582852
1907867030
1907614409
1907187087
1905319814
1905125154
1905040069
1904816729
1904666134
1904333408
1904218135
1903931971
1903658095
1903038309
1902681668
1901845105
1900337925
1900095345
1895715850
1895068070
1893371468
1892460304
1890010898
1889501908
1887622718
1885953036
1885139873
1885083481
1882428344
1879689485
1878759843
1877836793
1877231523
1877008086
1876514070
1875766294
1875700442
1875124157
1874379074
1873941911
1873196562
1872928623
1872536282
1872512604
1870210402
1868699818
1868323131
1867917093
1866797617
1865729228
1865704158
1865551104
1864392019
1863925616
1863832471
1860117419
1857908493
1857790154
1857348910
1857106318
1856030065
1854278006
1854017526
1852494300
1852347860
1852163665
1850907788
1849539732
1849521381
1848256296
1847755595
1846180981
1842676358
1841146928
1839685228
1838513334
1838481533
1837025824
1834534439
1832588407
1829653932
1829017470
1828520919
1826713044
1826367914
1825040728
1822357996
1822176436
1821216186
1821067770
1820548983
1820333233
1820283767
1819273473
1818817434
1818393821
1817792952
1817569297
1817384236
1816998914
1816636286
1815904634
1815474572
1809397688
1808973542
1807936681
1807081851
1806324571
1805314714
1805283207
1803681830
1802971007
1802813947
1801546681
1800727999
1799172404
1798600589
1796869315
1796423334
1795491919
1795467063
1795453779
1795264600
1795164163
1794891048
1793862979
1792624765
1791840726
1790716274
1790191229
1788767038
1788568554
1786866231
1786831583
1786410728
1786276167
1785849920
1784639771
1782596861
1781022737
1780430855
1779625406
1779552072
1778753073
1778391258
1777795252
1777662798
1776897000
1776545835
1773888428
1773321810
1772596528
1771230732
1771123635
1770476179
1767869005
1766961655
1766152900
1765289876
1761689729
1761281360
1759702106
1759362908
1759295837
1758734181
1758703368
1754694808
1754399143
1753233993
1752782043
1752707131
1752131019
1751455810
1748592630
1748450982
1748380223
1746657254
1746464335
1744039009
1744016746
1742052519
1740392722
1739235491
1738595020
1738449440
1738049993
1737001905
1733722643
1729822413
1729382625
1726405460
1725573738
1723640309
1720857777
1720326242
1719346395
1718588792
1715686636
1715144879
1714039187
1713160570
1711957263
1710814402
1710604519
1708913605
1706925428
1704616707
1703860537
1703053162
1701810785
1701567796
1701299218
1698779834
1695061322
1693809885
1693147195
1692361114
1689941541
1689108556
1686166701
1683320112
1682992909
1682786514
1681823155
1681399670
1679801421
1676180838
1675684222
1673046043
1672842206
1672779033
1671336801
1671206154
1671036286
1670868868
1670419645
1664088870
1662694995
1662390726
1661354403
1659824973
1659525380
1658379942
1657463378
1656776792
1656307401
1655171986
1655125037
1654595073
1654255875
1652956031
1652729478
1651899679
1647226318
1645449181
1645431680
1644276817
1643975467
1643892359
1643436248
1640812478
1640415480
1640350625
1636420715
1636395739
1635007901
1632876691
1631831105
1629344837
1629287956
1629064829
1628044202
1627333627
1626509388
1626498701
1626018099
1625397458
1624669497
1623696949
1623667222
1621584894
1621214757
1618832049
1618172145
1617646155
1615299687
1611727942
1611452353
1610479432
1608082006
1607904343
1603676322
1602121557
1600409962
1600348024
1600073714
1598832597
1598749218
1598430770
1598096047
1597655878
1597048419
1596579502
1595511765
1595359878
1594654320
1592743475
1592677656
1592483383
1591359931
1591128029
1590637270
1590470094
1590027325
1587185502
1587177867
1586674359
1586549912
1584936334
1581015498
1580681096
1579291636
1578890275
1577629779
1574770456
1573992670
1573203036
1573182594
1573098540
1573055713
1573035324
1572008009
1571932035
1569101683
1568830437
1568740212
1568096296
1567859199
1567800635
1566601680
1564169145
1562840268
1562349261
1561594475
1560994030
1560979410
1560248924
1558615469
1558470980
1557448857
1556828840
1556086503
1555820493
1554737776
1551361988
1548413859
1545038278
1544469864
1543063612
1542865994
1542293390
1542069202
1541723642
1540896302
1540790055
1537331759
1536336027
1535082075
1534492155
1533440581
1532216487
1531506315
1530454619
1528769657
1528557380
1527669289
1527378307
1526881347
1524916839
1522826922
1521211649
1521153794
1520076310
1518469690
1515802543
1515018941
1514766917
1514247493
1513958834
1510849884
1508322103
1507900298
1505696963
1502958523
1501075121
1499980203
1499843338
1498883239
1496552735
1496007105
1494692756
1494618425
1491715780
1489725956
1489122064
1488468702
1488101331
1487477187
1487155634
1486932126
1486367273
1485068763
1483174680
1481521695
1481294986
1479873892
1476848865
1476304102
1475030945
1474393729
1473048123
1472961257
1472045102
1470778145
1469806904
1468197806
1465093542
1464017004
1462758979
1462360565
1460808400
1458455512
1457756987
1455772514
1454149015
1453698184
1453463134
1452545819
1452503318
1451602886
1449405862
1446657959
1446289158
1444358374
1444272720
1443804960
1443458700
1443418088
1443345467
1442608847
1442266323
1441928814
1441240927
1440985602
1437908186
1436948710
1435952195
1435584156
1434929741
1432874646
1431478232
1431002117
1430685917
1430558663
1428656518
1428480196
1428036201
1426013354
1425459924
1425165240
1425052668
1424418581
1421636266
1421277658
1420976734
1420610051
1416894856
1415375946
1412755135
1410960150
1409730006
1408563770
1407962128
1407438675
1406758316
1406459715
1405426681
1403986480
1401884557
1401706372
1398303971
1397310652
1397286908
1396486839
1395649369
1395364319
1395216591
1394638807
1394392243
1393954287
1393199617
1391292475
1388590751
1386884460
1384523541
1383663335
1382848480
1381811075
1379987319
1378622709
1378517286
1378258508
1377746594
1376596572
1374799272
1374481720
1373705759
1372982538
1369927835
1369257742
1368989489
1368330924
1368061615
1365749677
1365451638
1365338201
1365122090
1363508880
1363417382
1362201439
1361325309
1361140998
1360580228
1359991149
1359728486
1359558466
1359095393
1356713919
1354687874
1354625551
1354498578
1353898829
1353319324
1352690414
1351846833
1351158589
1350577330
1350123417
1348883804
1348733265
1346530015
1344594019
1342101152
1341915256
1340771032
1340761042
1340759384
1340530402
1337977808
1337190455
1335009935
1334998671
1334513782
1334264152
1334234234
1331975562
1331972904
1329123858
1328392492
1324996017
1324074617
1324046445
1323773179
1322482997
1321992818
1321682453
1320744648
1317093340
1316835083
1314389194
1313629209
1311931276
1311370755
1310771030
1306790295
1305919173
1303445029
1300960514
1300667881
1299726449
1299523812
1299325182
1296638020
1294538314
1294466360
1294313110
1294277854
1293079662
1292475267
1292278433
1291429509
1290793753
1289853965
1287789122
1286020029
1284840591
1283118598
1280342411
1279506718
1277764293
1277228966
1275279182
1274570200
1274568511
1273872406
1273473701
1273282677
1272560144
1272192836
1270255798
1269170752
1267840759
1267521410
1267472253
1262758903
1262349306
1261680716
1261105517
1260195058
1258059792
1256412760
1255533464
1255436813
1254608883
1254230026
1252100886
1251947170
1247655945
1247160880
1245614011
1245532059
1244444691
1244109734
1243305559
1241779648
1241627887
1240562532
1240423266
1240225516
1239735053
1239456760
1239446758
1238791539
1237632531
1235944486
1234752091
1234657478
1233657334
1232924245
1232509884
1232361520
1231452973
1231038617
1228718233
1227281691
1225864096
1225787020
1225565456
1225154988
1224701571
1222988257
1217616758
1217594931
1217305857
1217093867
1216989308
1215234860
1209471930
1208421422
1207874039
1203994174
1203682916
1202696778
1201839126
1201689649
1200951645
1199887261
1198414251
1197722061
1197667781
1196108973
1195738374
1194945436
1193852677
1192401330
1191631755
1190427636
1188168517
1186141212
1185374718
1184209323
1183038651
1182124249
1181974654
1180222073
1178702734
1176152951
1173557967
1173501384
1173426878
1172345598
1172090515
1170872562
1170235841
1169497945
1168209847
1168012326
1163859797
1162138338
1160710880
1159359817
1158813741
1157313663
1157159785
1156637257
1156540252
1156187975
1154491299
1154161756
1150631207
1149611419
1148150372
1147954984
1145467755
1144911028
1144095710
1143593846
1142692341
1140660354
1139601443
1139419447
1137747550
1136458238
1136306910
1136145525
1136124319
1135687435
1132201440
1129292926
1129137940
1126263073
1125957555
1125726836
1125619453
1124352864
1124166701
1124055219
1120358718
1118880626
1118673932
1118606547
1117096446
1116086266
1115426985
1115025376
1114538427
1114494777
1109250967
1107518270
1106322534
1106168764
1105835730
1105494602
1104768496
1102922268
1102670212
1101102527
1098694561
1098493006
1098239373
1096751959
1092585475
1092178664
1091866643
1091023936
1090600300
1089030738
1087522636
1087310718
1086311220
1086238444
1086228194
1084759437
1079761214
1078500276
1078247034
1072390993
1071727688
1071681888
1071385028
1070813904
1069314076
1067045190
1066318293
1062402729
1062225430
1061856088
1061016307
1060001864
1058971628
1056991957
1056696630
1055832487
1054610466
1053921057
1053042803
1052541031
1051344688
1050554748
1050339381
1048427474
1048380790
1046969220
1046791534
1046463100
1045749150
1045742435
1045499127
1043812891
1042982832
1042233257
1039738240
1039673418
1037683325
1037501169
1033630050
1033420006
1032735425
1032409911
1031905016
1031500722
1029676816
1027856853
1027426000
1023331048
1023052731
1022778244
1022383571
1021541265
1018870818
1018073875
1015638093
1015452066
1014462278
1014126576
1013607193
1012056990
1011249784
1011235968
1009627845
1008650513
1005909204
1005517392
1004956931
1004410232
1002420633
1001799384
1001633685
997945833
997793240
997723867
997289834
996978431
996662501
992612297
991578730
990894416
990379858
989838648
989626361
987933840
985384072
984299915
980567666
979708710
978993333
978774671
978743024
976656714
976605409
974859511
973807013
973316220
970491136
970134219
968839984
966545828
965727912
965166881
964983779
964801796
960835800
958001718
956447315
955794717
954489287
954034253
952857851
951168391
947578220
946272698
945318776
943509157
943436141
939588095
937983125
935743186
935683554
934105481
933509084
931444527
931125790
929452435
919480406
919462298
918886234
918659031
918460935
917647189
917068966
916816154
916122371
915420271
912109189
911227821
910031992
907523843
906881659
906201482
904678274
902585409
902407603
899839974
899171748
897919321
897008796
896572790
896415417
895255039
894695830
894169281
893746156
893507744
893456994
892162717
890891511
889798675
887779401
887119993
885366912
883946461
883260160
882166202
882105077
880947216
879915938
879847342
879460980
879298507
878927166
876601602
876393832
876320410
875197245
875056764
874474806
870538718
870407582
870139865
865353558
864227870
862888270
861747629
861472402
861222819
860707749
859895151
858510617
858381525
857658782
857498123
855068464
854346053
853623242
852341470
850167836
846601610
843896556
843740971
843008076
842217414
842034276
838766215
838718388
837499673
837398958
834452700
833382529
832451382
831371946
831286762
830339129
829274531
828016683
822433109
821646240
820756291
820004999
819942454
819807711
817715180
817394579
815970613
815589702
815537024
815248554
814973868
812236253
811618977
810380918
807728321
803443656
802406869
798329968
798088754
797340286
796520868
796378777
793787251
793230906
792666461
792454640
792406418
792012039
790289211
789759959
789711467
788940779
785846628
783150432
781329640
780114519
780064869
779113394
778775418
778643805
778212251
778167590
777379657
777221493
777130822
775565494
773624263
773105933
772893903
771882614
771527849
771083462
770381884
769427450
767522294
765899942
763790531
763550227
762331669
761887830
761850040
760002600
757659818
755413781
754916031
754444720
754149599
751927040
749965890
748821786
747574779
743362953
743087189
741433215
739723373
739460444
738522258
736820562
736631708
736470347
735959883
733689958
733449203
729673165
725837413
724085955
723597021
723190703
723077571
722024599
721894772
721531998
720029929
719953113
719652517
718011907
717642073
717539238
717371844
716826779
716416131
715994169
713712519
713155258
712154072
709826183
708758269
706413373
706331493
705568236
704207698
703240923
701856909
701472166
700170734
699524191
698663225
697712030
697080212
696841168
696491819
696228640
694931560
694087303
689564362
689128972
688371801
687353435
686014582
684728396
684562013
681913729
678393613
676350491
676223364
675511127
674875259
673639253
673463144
672924361
672278613
669094656
666906581
665714914
665660244
665478064
664392958
662339902
662196583
660342436
660244753
659973438
659524909
657201583
656944104
656636108
656058557
656014414
655311010
655083759
654084233
653387622
650865631
650378525
649377128
647829474
647170000
646253982
645779739
644999118
644169284
643763050
642716922
642231789
641631669
641442621
640748724
640014675
637072495
635591447
633812265
633789223
631870307
630457835
628905003
628196275
626222735
626172623
625168320
621173419
620077368
619677182
618914239
618265061
616510234
614410865
611074287
610342962
609778761
609717574
608672295
606246425
606149396
602081397
598529806
597838208
597160949
596498143
594979932
593092531
591499948
591241811
590648710
589485887
586175499
585036820
584377245
584216397
583488357
583265385
583123269
582808115
582689134
582380436
581666366
581219382
581095864
579741635
578399149
577678141
576872767
576737912
574052803
573914929
573235133
572298290
571670393
571626603
567738971
566969652
565871612
565386452
563548346
561132683
560831694
560738240
559307102
558555630
558266887
557627852
555806740
552261512
551358597
550796326
548306308
547994899
547858767
547712730
547430335
545788136
545189757
543594793
541870585
541644732
540995290
539479787
538828316
538692135
538352938
538021008
536041022
534508673
533553805
532375444
530412965
526635766
525788725
524926941
524598392
524462726
522177167
521094413
520829128
519265335
516953564
515074419
513656316
512727286
511173510
509755843
508996576
506807937
506704849
503549259
503371464
502691194
496546255
496536779
492260566
492007806
491924978
491147604
488130153
487586169
487468155
486430931
484572314
484564415
482285968
478888452
475716183
475193310
474295484
472867710
472594183
470110564
468734392
464212019
463532812
462272140
459652411
459182754
457463887
457185067
455901360
455195500
453967153
453074945
453070714
452909281
450221871
450114073
448964548
445785758
445248706
444846142
444052103
440352448
436926140
436355988
436066475
435460648
435336907
434737784
433022318
432646032
431578665
431205937
430932057
430643932
427969809
427102052
426466109
425798192
421361902
420787666
419973645
419199893
418986086
417182431
416257624
415724343
411821338
411148047
410991214
410195548
410178983
410071817
409232413
406163503
405871525
403319245
401012120
400390350
399756666
398601561
397859926
396160350
394324270
392545302
390952633
389779066
388080551
386653873
385918950
385126930
384273564
383181303
382870425
382833474
382431045
382284738
380345877
378735077
374656792
373307520
372334917
372150906
370494904
366947890
366862387
366717229
366463942
365804790
363903287
359982446
359773628
359093000
358666471
358445280
357834345
357246197
357064851
357028768
356656436
356356954
356105510
353922972
351998983
351942060
351931844
350921194
350430341
349624192
349420190
347141204
346864443
346812263
340474251
338983858
337998343
337721578
337425847
337405466
335533193
334914345
334291516
333599977
333061009
332474400
332229540
330711213
330213046
329271698
328893870
328593506
326279398
325821176
325133878
324630663
324247493
322432269
321576027
320316160
319856850
318552875
317373720
317130366
316402169
315416886
314345308
314172451
313986516
311831557
310758084
309788621
308964647
306087700
304447254
302575254
302538079
301731421
300762427
300605538
300292410
296870289
295137341
292127476
291487291
291134533
288721171
284991776
282794106
282031880
281489536
281158629
278529677
277857076
276296904
274265939
272911260
271167061
271153674
269842415
268446258
267665745
267339595
267051159
266092723
264591285
263800511
262641541
261703419
258833227
257414220
252086087
251664704
250406100
248305237
246550081
245138715
243914264
243611522
242178198
239436610
234603167
233034519
231897141
231603243
230326430
230004164
228224415
227741530
227602637
227449168
226040858
224529792
223166347
222011953
219048341
214086795
211802813
211378786
211146343
209014522
208892243
207915518
207905097
207373235
207335807
207175899
206997902
206223147
204245933
204243890
203659739
203192279
201157099
199787213
198557488
197729247
197582169
196834108
196224927
195723553
195586704
195284277
191822443
190474014
190332337
190299085
190282406
189122553
187866891
187248412
183624146
182459227
181982392
181696247
176728644
174322203
174201963
173122524
172776906
170220998
170055994
169045926
169005116
166703035
164097168
163250223
162716320
161112637
159636108
158734114
158209112
155282665
155254827
154736461
154360805
154358655
152688146
152657691
152065360
151213487
148260790
146982417
146498621
144643301
144596599
144485514
144452950
142588296
141937344
141288601
141156780
140887330
140175805
139997856
138282942
137785597
137006607
136628257
135140772
134826749
134451982
134319874
134032374
133265674
133025708
128220544
127898944
126625674
124953678
123800327
122416783
121074554
120192475
119203119
119147172
117780999
116859473
115747502
115564575
114659958
114200494
114050506
110600204
110451943
107602960
107494562
105149996
104451625
103896722
101209670
98448998
98383193
97381797
96651389
96221273
96072625
95274478
95131347
94337088
90784761
90711884
90214571
88782198
87781911
87471769
87088578
86560150
86456714
85327667
85257442
85156710
84926182
83899388
83131896
81580429
81579462
78687612
73517253
71803667
71473578
71135194
69919923
69811280
67758360
66735733
66416073
64743165
64591703
63944694
63515783
63149926
60322878
58915448
58717277
58470079
58442954
57780012
57640306
56562846
56067225
55028656
53317119
53113820
52256125
51991201
49256667
48202843
47203288
46363182
45322023
44449778
43380494
42372321
42232767
41804188
40518564
39934517
37658553
37414770
36061430
35550649
32276057
32042937
28811945
28627901
27823871
26391281
26380490
26360135
24990234
24406217
22642997
22597065
22229300
21331085
20965255
20514690
20397459
20154163
19916712
19060531
16927073
16167642
15884466
13450105
12706618
11692511
11606923
10099737
8629375
8417847
5393462
