2145839572
2145548048
2145275664
2144784540
2143152454
2142765321
2140928021
2140477311
2139967999
2139094333
2138484524
2138228127
2137800922
2136499911
2136336438
2136236140
2135632866
2134685831
2134273390
2133805843
2133407477
2133156621
2132596565
2131305005
2128494271
2127208431
2125254738
2125222833
2124527090
2124340791
2123292709
2123180019
2122915807
2122282178
2122192423
2122177370
2122063406
2121305019
2119985508
2119263828
2118785625
2118391952
2118205087
2117508016
2117004207
2116927144
2116745687
2116489961
2115888646
2115773642
2114872231
2114248261
2114221189
2114106385
2113422275
2113320434
2111694141
2109622750
2108990694
2108848033
2108359927
2107812628
2107365340
2106265616
2105944321
2105847956
2105696276
2105508734
2105431106
2104425783
2103994887
2103867966
2101651778
2100907810
2100753082
2100258659
2097395243
2097041118
2096472637
2096427251
2095027712
2093670657
2092287513
2091980957
2091977507
2091541102
2090714924
2090059121
2089463658
2089411713
2086763240
2086592596
2085063100
2084773084
2083839336
2083323042
2082696720
2081390910
2081065808
2079037771
2078338481
2077658737
2077355348
2075279546
2074959004
2074538532
2073652646
2073262736
2073080621
2072699213
2071907682
2069139769
2069134356
2068468936
2068300686
2067963204
2067797130
2067696510
2066706086
2066679265
2066249245
2065953907
2065866736
2061553350
2060006194
2058610687
2058420742
2058357423
2054651202
2053021005
2051498450
2050132500
2048022960
2047912110
2047886674
2045742167
2045503632
2045159017
2045142672
2044961614
2043976903
2042565146
2041506853
2040819003
2040748419
2039728066
2039102029
2038644657
2038523956
2038291735
2038239253
2037260600
2037171690
2036950750
2036875528
2036750570
2036195354
2034951874
2034602937
2034004416
2029924058
2028786244
2027182555
2027042020
2026958411
2026445169
2026206407
2023861240
2023579272
2022654533
2022567662
2021932664
2021241438
2019151598
2019115313
2017626576
2017219088
2015996044
2015291760
2014936967
2014585242
2014321142
2012980407
2012979034
2012655432
2011460538
2011035872
2010613712
2009881352
2009264123
2008314445
2007602023
2006570215
2006055257
2004210048
2004140249
2004068154
2003923210
2003081498
2002456245
2002185438
2000885502
2000426725
1999270131
1998692215
1997945698
1997307264
1995020998
1994973547
1993876223
1993261112
1991692929
1991174661
1991107878
1990923175
1990288455
1989504025
1989345591
1989231732
1985246959
1982109863
1980791262
1980783540
1980570259
1979932553
1979602486
1979584667
1978752891
1976071452
1975979753
1975527693
1975054978
1974543007
1973229923
1973099327
1971929066
1971115784
1971079050
1968672957
1968254062
1967924422
1965003080
1963321734
1963226883
1963156463
1960471866
1960398488
1960193852
1959542948
1958988131
1958535905
1958367521
1957527474
1957186636
1956907312
1956730181
1955876556
1955286720
1955176856
1954922691
1953768467
1953609099
1953553391
1953312458
1952682470
1952449726
1948552952
1947917168
1947655117
1945421799
1945204975
1945152174
1945065814
1944557308
1944216868
1944133016
1943218027
1942859071
1942710211
1941892130
1941743223
1941704463
1941492801
1940416757
1940368456
1938163609
1937324332
1937089442
1936676811
1933703326
1931394490
1931236232
1927496239
1927252990
1926423555
1925626121
1924768828
1924492904
1923434705
1922107393
1921247605
1920595159
1918135480
1917266624
1917060489
1916768138
1916204724
1913581096
1911972978
1911501645
1911131856
1910422928
1910113772
1909734903
1908208532
1908030825
1906478648
1905682853
1903752044
1902094648
1899981669
1898670531
1898325140
1898295917
1898239951
1897712087
1897374830
1896900979
1896793469
1894712534
1893136634
1893080322
1893007682
1891573419
1890783884
1890635835
1890319445
1889983182
1889771477
1889184323
1889102024
1887711215
1887367290
1886484718
1886419523
1886332331
1886331008
1886318473
1882332197
1881335612
1880693704
1879905326
1877979476
1877028625
1876575134
1876182381
1875334075
1875029126
1874485987
1874089095
1872577342
1870569610
1870085829
1870055031
1869916240
1869752180
1869243891
1868718223
1868017951
1867351247
1866603318
1866551139
1866000853
1864159383
1862834936
1861779635
1860984628
1860599312
1859731902
1859689975
1859070608
1858614450
1858486349
1858410248
1858150044
1857794776
1857637795
1857038198
1855891540
1855798445
1855329237
1854833472
1854034335
1852395436
1852106539
1851972063
1850356161
1850148541
1849203539
1848682902
1848608718
1848484397
1847065411
1846462163
1845552774
1844498535
1844196079
1843608613
1843185656
1839134730
1838611586
1837406788
1836798070
1836634600
1836589655
1835471355
1835397112
1834708856
1834433422
1833323694
1832588913
1830840251
1830282408
1830067624
1829955093
1829757943
1829439622
1826732287
1825372215
1824781876
1824664793
1824024647
1821962494
1821345087
1817231984
1817229736
1816684838
1816413048
1815357556
1814921801
1814737490
1814177222
1813294399
1812418127
1811262779
1810565079
1810071682
1809231707
1808788629
1806935382
1806280158
1806116011
1805540010
1805488545
1804940143
1804748556
1804045823
1800504588
1800092321
1799260095
1798872676
1798588612
1798102081
1797888518
1796266499
1795787875
1795092219
1793432110
1792607031
1792525733
1792138044
1791776332
1791732874
1789876374
1789194722
1788907552
1788647637
1788488178
1788296937
1787881764
1787175325
1787110993
1787004735
1786800380
1784756390
1784291381
1783748697
1783730882
1783325443
1782835409
1781503178
1781299944
1779845004
1779683177
1778649756
1775610656
1774785876
1774640506
1774577589
1773534892
1773328936
1772151135
1772091462
1770813293
1769618426
1769265022
1768460190
1767418870
1767004366
1766981802
1766871719
1766604153
1765443825
1765075677
1764138434
1763855973
1763790805
1763691036
1763099726
1762891223
1762609683
1762545727
1761254949
1761062291
1760857997
1760343244
1760020164
1759910101
1759235798
1758821485
1757534037
1756996649
1755355684
1755279752
1754433045
1753293735
1751094073
1748440624
1746618124
1746495716
1744988719
1744465466
1743068006
1742972415
1742104145
1741815708
1741648066
1740607020
1740535573
1740458118
1740361552
1740331571
1740317657
1740120912
1738991705
1738711090
1738532096
1738023553
1737772867
1737047846
1736637436
1736237704
1736003080
1733514428
1732737623
1732648272
1732338632
1732118046
1731753429
1731044274
1730243110
1728922931
1728317091
1726856153
1726350014
1725537979
1723798809
1722828677
1721588897
1720940538
1720874871
1720803945
1719105384
1718137496
1717707475
1716360843
1716118569
1716091137
1716071407
1715754778
1715100257
1714994840
1714816627
1714126411
1713285393
1712152345
1711338168
1710870005
1710713783
1710526659
1709245530
1709212103
1706877979
1706412525
1706044105
1705791306
1705531084
1705335530
1704411705
1702883705
1701848648
1701819115
1701205718
1700873134
1699971414
1699932747
1699552381
1699035514
1698084001
1697495650
1695845795
1694233875
1694225688
1693627411
1691225004
1691212312
1688185970
1686790298
1686559194
1684900786
1684070704
1683805847
1683522842
1683314795
1683228734
1683067407
1682781374
1681641905
1681352837
1681220612
1681156398
1680976908
1679993848
1679283714
1678012122
1677813088
1677152931
1676706067
1676197056
1675949862
1675717066
1675609520
1674665787
1674441497
1673121537
1672358719
1671569927
1669774600
1669624936
1668870807
1668869391
1668006084
1667063208
1666202683
1665786222
1665071335
1664714668
1664160956
1663510604
1662797518
1662786007
1662412538
1662394232
1660603798
1660429501
1657098735
1655857070
1654562436
1653997405
1652816243
1652529908
1652323714
1651802760
1650221507
1649190903
1648874170
1647386559
1646376052
1646008743
1645106180
1644872179
1644771009
1644479252
1642947806
1642857891
1642819747
1642208972
1640543192
1637428775
1636702351
1636397775
1636341546
1636056865
1635898650
1634731747
1634648873
1634212877
1632814705
1632447144
1631973132
1631477034
1631401403
1630065220
1629306648
1629146367
1627895707
1627403283
1627301647
1626772160
1626714760
1626189029
1625987970
1625982611
1625958431
1625470867
1623585260
1622862061
1620178335
1619556874
1619116719
1619081456
1618671251
1618525755
1617729302
1617719012
1617431298
1616561821
1616279404
1615827013
1614854454
1614208274
1613495499
1613259716
1613238759
1611985333
1610195625
1609364066
1608490526
1607833070
1607283446
1606977184
1606813677
1606581062
1604303070
1603648753
1603203173
1602871547
1602267214
1602160412
1602055489
1601806604
1601659757
1600913896
1600127598
1599883377
1599123053
1599111664
1598322532
1597812921
1597492660
1597292725
1595893516
1595516547
1593976161
1593458604
1593350439
1591610644
1590317149
1589884014
1589263321
1587134722
1586202831
1586201648
1586200711
1584220063
1583276491
1581868393
1581710583
1581549529
1581360194
1580766132
1580647376
1580413766
1580197804
1579249804
1576681167
1576638631
1576630326
1576549919
1575939738
1574764341
1574743540
1574473377
1574247160
1574182572
1573918374
1573310401
1572528152
1571759986
1571693158
1571212613
1570572868
1570366542
1569372347
1568742130
1568646413
1567888882
1566316449
1566205446
1566008830
1565244858
1564371842
1563403594
1562664859
1560637493
1560101668
1559494513
1559248171
1558055853
1557871136
1557547882
1557037106
1557016291
1556749743
1554987005
1554979347
1554602119
1554413047
1554358811
1553800037
1552305935
1551973713
1550885750
1550794365
1548125664
1548083026
1544951230
1544336641
1543439648
1542181656
1542069742
1541458265
1541324497
1541241180
1539863065
1539374715
1539092853
1538944707
1538617525
1536898530
1535102128
1535039778
1534758477
1534514214
1534366566
1531164422
1529608324
1529185149
1528758801
1528662754
1528529524
1528031206
1527819681
1527670511
1525800821
1525438982
1524258754
1523478273
1523273447
1522613075
1522512788
1522124100
1521734828
1521392915
1521289478
1520829080
1520093731
1518723497
1518575916
1518301460
1517564079
1517218253
1516935917
1516817083
1515607105
1514670622
1514104827
1513744698
1513615326
1513440306
1512735900
1511635553
1511481726
1511352401
1511207501
1510101488
1508905999
1507987467
1506456031
1506164959
1505927610
1505896217
1505805088
1501904021
1501898212
1500119786
1498979709
1498979232
1498261931
1498214275
1496354604
1496215293
1495336610
1495027802
1494197014
1493409390
1493178196
1493089429
1492282079
1491694938
1491261395
1490918605
1490488565
1490392014
1489805183
1489744078
1489444158
1488570744
1487806820
1486389631
1484947675
1484672904
1482046267
1481831668
1480834645
1480726532
1478447088
1477879460
1477237707
1476971322
1475432121
1475276098
1475100140
1474434337
1474309183
1473641636
1472953987
1471411809
1471392242
1470823226
1470789113
1470243457
1468661831
1468089412
1467072924
1467012051
1466846459
1465302026
1464770494
1464103055
1463722070
1462613100
1461803365
1460507972
1459798911
1459177564
1458780664
1458233934
1458121067
1458091896
1458084583
1457679014
1457426382
1457299505
1457266521
1456533199
1456056646
1455991274
1455703150
1455402642
1454506244
1453428186
1453193335
1453113571
1453078851
1449723254
1449656578
1448840423
1447338610
1446602918
1446530798
1445145808
1444483407
1443600907
1442464076
1442131807
1440971830
1440695227
1440183082
1438879326
1438615589
1438133513
1437584202
1436931083
1436694075
1435878886
1435610226
1435379035
1434384872
1433153497
1433101821
1432483406
1431176212
1430307898
1429699501
1428092819
1426910336
1426649316
1425479332
1423963181
1423187314
1422739620
1421780081
1421767495
1421493496
1420929185
1420616411
1420490869
1420194031
1419874108
1419340604
1419170184
1418825981
1416892102
1416387842
1416348792
1415497621
1414953645
1414447566
1414383253
1413133462
1412313371
1411176254
1409920541
1408535440
1407220880
1407181393
1407029109
1406444702
1405077023
1404922944
1404304745
1403857278
1402703265
1402143409
1398414409
1397323989
1395892330
1395216107
1395212553
1394819370
1393915118
1393608394
1392726369
1389473920
1388613497
1388506957
1388042638
1387921681
1387522080
1387334461
1385155200
1384618745
1384550479
1384070872
1382034069
1378811245
1378267543
1376187444
1375953266
1375854610
1375312352
1375092704
1372283039
1371873287
1371212037
1369143845
1369024956
1368917233
1367614906
1366644043
1366564562
1365569896
1365234956
1365070414
1364780992
1364168568
1363597542
1363077178
1362494503
1361795585
1361511485
1361254699
1360963748
1360273694
1359793698
1359710394
1359575217
1358771735
1356387320
1354697199
1354565801
1353943684
1351727560
1351168725
1350892689
1350289592
1349941229
1349796606
1349097005
1349082658
1347099083
1347030713
1346754618
1345790307
1344415612
1343043186
1342557831
1342270192
1337527626
1337413039
1336940119
1335935313
1334305213
1334127509
1333676784
1333553551
1333076693
1332956524
1332867212
1332838399
1332472895
1331972467
1331493395
1331421647
1329383058
1327711776
1327493058
1326755185
1326038230
1325879811
1325370742
1325347222
1324131985
1324076671
1323291789
1322437063
1321597078
1321596778
1321412039
1321190593
1321125471
1320649668
1320524772
1319862704
1318748447
1318668852
1318261984
1317598396
1315337169
1314698869
1313536259
1312474266
1310089079
1309870423
1309864262
1309560156
1309224405
1309085485
1309048345
1308588983
1308575674
1308550935
1308096002
1308075951
1307549924
1306652454
1304978535
1304343812
1302856009
1302642243
1302059951
1301938723
1300599034
1300141221
1299678299
1299342244
1298998270
1298629677
1298472960
1297832499
1295702946
1294843221
1294285130
1293330756
1291472131
1289830109
1289270624
1289159978
1288752664
1287359551
1285120386
1283193703
1282834318
1282509842
1281946110
1281937977
1281805371
1281004076
1280171427
1280061009
1280043191
1280002317
1279169624
1279146161
1278899348
1276828175
1273498228
1272847967
1272504719
1272353854
1270788924
1270329820
1269931487
1269153621
1269111825
1268808609
1268141364
1268130445
1267499640
1266827523
1266561929
1264850221
1263291826
1262801291
1261442271
1260439064
1259865405
1259841914
1259041037
1258601587
1256945357
1256623018
1255931256
1255303143
1254175078
1252303552
1250743818
1250651001
1249346236
1248090201
1248070949
1247875083
1247626643
1246605830
1245383384
1244970973
1244199875
1243347938
1243215906
1241414851
1241181976
1240564432
1240220217
1237032043
1235264705
1234942892
1234469146
1234280524
1233395797
1232753388
1232508551
1232427909
1232098439
1231808732
1231752381
1231525374
1231263464
1230750960
1228285395
1228179563
1228156366
1227881164
1227722950
1227352958
1226963780
1226617894
1225710412
1225703468
1224707202
1223054377
1222586407
1222051751
1222045374
1221653835
1221099985
1220868426
1220184661
1219979056
1219844151
1218140176
1217979737
1217704157
1217452687
1215801010
1215431170
1214829650
1213266718
1211785329
1211675076
1210608333
1210076606
1210035070
1209589351
1209102485
1208988797
1208859158
1207084465
1207071005
1206588821
1206403575
1206108627
1205774500
1205441033
1205423557
1204554105
1204267249
1204088052
1203961931
1203179012
1203059838
1202905722
1200787851
1199197759
1199196111
1198765476
1198418942
1198271675
1198066897
1196593806
1196512070
1195299844
1195140860
1194508354
1194447124
1194088443
1193989866
1192205738
1190566642
1190195468
1189994108
1188879176
1188752580
1187475283
1186667991
1185378319
1184660440
1184589999
1184417614
1184405578
1184301074
1183594928
1183272410
1183110154
1182482593
1182047319
1181929100
1180607309
1180345506
1180055153
1178990324
1178748128
1178714976
1177949480
1177434366
1176868886
1176866909
1175844196
1175377481
1173450596
1173083542
1172307422
1171592781
1171314183
1170448278
1170151608
1170137660
1169587794
1169481026
1169418028
1169222042
1168541356
1167700290
1166671714
1164297866
1164242977
1162497040
1162139419
1161259362
1161142382
1158013817
1157883355
1157631445
1157473645
1157200380
1156019096
1155861697
1155672171
1153990304
1153800529
1152178664
1151762443
1151754806
1151077950
1150959408
1150936086
1149962688
1149620587
1149188860
1148291869
1148073302
1147510452
1145322270
1144025908
1143728221
1143330056
1142858602
1142735286
1141545017
1141209004
1141182344
1141105775
1140381024
1138533221
1138171250
1138135576
1137373278
1135657639
1135570458
1134673062
1133779466
1132597689
1130645773
1130162085
1129640416
1129316836
1129293164
1128927904
1128296598
1127434683
1126363335
1126102103
1125938425
1125460717
1125092256
1124180706
1124049105
1123391574
1122416590
1121817886
1121683564
1121395980
1118611399
1118567200
1118287225
1118167838
1117718533
1115632629
1115358358
1114000068
1111948819
1111651769
1110880020
1109415301
1103891785
1102944722
1102623997
1101940476
1100439800
1100351075
1099215216
1098771965
1098530890
1098469322
1098223941
1098196376
1098051131
1098033470
1096112539
1095254315
1094827159
1093679581
1092888703
1092723839
1092327278
1092123085
1091072971
1090880957
1090348602
1090274298
1089428249
1089179738
1086909414
1086073728
1084572956
1084111563
1083211839
1082818120
1081583662
1081359907
1080910230
1077769832
1075444292
1074549965
1073244864
1070421880
1069154822
1068887739
1068634462
1068461914
1066674915
1066031563
1063089528
1062882809
1060541809
1059662063
1059421272
1059339099
1058787668
1058111439
1057237212
1057228542
1054803656
1054215168
1051956372
1047122696
1046278651
1044821301
1042845872
1042732760
1042414974
1040793774
1040621299
1040436375
1040121163
1039389176
1038793820
1038706311
1038539642
1036079424
1034521736
1032252278
1031464005
1030999728
1029232546
1028741133
1028543612
1027524061
1027334902
1027328942
1026842934
1026481150
1025845232
1024538246
1024165524
1023280131
1023277625
1023274473
1022946381
1022334862
1021296846
1020888059
1020678039
1019941152
1019180052
1018138053
1017283428
1016096308
1012969007
1009700183
1008749813
1008644918
1008503173
1008053553
1007751385
1007713151
1007603990
1007397367
1006431327
1006132447
1006048730
1006014589
1005582113
1005289373
1003923831
1003712059
1003388073
1001956605
1001797411
1001218912
1000978364
1000706965
999868913
999326105
999239608
999131047
997892317
997117564
996975680
996547495
995450041
994814603
993305343
993023682
992705633
991870459
991010133
990687681
990396900
989828884
989767590
989700222
989145437
989113185
989034352
987628328
987510798
987357157
985911566
985050709
984683940
984199543
983896566
981450015
981441485
980106788
979944325
979817263
978547791
975126237
974089824
973273471
973093692
973036117
972051619
971983947
971769344
971582115
971456743
970991084
969701300
967066309
967049015
966126825
965710160
965547981
964905479
963108107
962973943
962725324
962089418
961176795
958285578
957903261
957244736
957052355
956760263
956122087
955774351
955168145
953985212
953723175
953447379
952615750
952174805
951999402
951654502
951169679
951014720
948990164
948804074
948784834
948764750
948470714
945469364
944811349
944063997
942904152
942773317
942368436
941476555
940382002
937584482
937518704
936199317
934450471
933408135
933187136
932741132
930016477
929944425
928854563
928727412
928290934
927564393
926869697
926154230
925456385
924349680
921809816
921534788
921035792
920831032
920003264
919982682
919712196
919184196
917202103
916751807
914438952
914380876
912932770
911974311
911878574
909782937
909181361
908036321
907996195
907440125
907163646
906701305
906136827
905557353
904231916
904023736
903768982
900751931
900490102
899316879
897630875
896996099
896543486
896357410
895642235
895402448
894003839
893508569
893102907
893067365
892918707
891479017
891252730
890687550
890125355
890116846
889233826
888649752
888171317
888009764
887848775
887603715
886724243
885529880
885417550
884165038
883259579
882215738
880945668
879353648
879280374
876564281
876430898
874835808
873092254
872815673
872635787
872417862
871729689
870265946
869424219
868908238
868851262
864358242
864244207
864032572
863849410
863523953
862879868
861918597
860537227
860469939
859463642
858781798
857853439
855263171
854995861
854393210
853326957
851913520
851351630
850725909
850562695
850438182
850212476
848665780
848568623
848107446
848049398
847616939
846599349
845005253
843664045
843483871
843326605
841884493
841427089
840700024
837479717
836734986
836723233
836670447
834735587
834109623
831428933
831371609
829850119
828719793
827600783
827265477
826763899
826649627
825560350
825456571
825252383
825194698
824024689
823954591
823937867
822831638
822599258
821203514
820106064
819992443
817560036
817469738
816937097
815872519
815721275
815545903
815404674
814807732
814558349
814533844
812113495
811938912
811508892
811422676
810933748
810810476
810776718
810668605
808966260
808561205
807823017
807382853
805802088
805171365
804427809
804378578
804325371
803869470
803388827
803091183
802999050
802271614
801931198
801466426
801069494
800614443
800320993
799743145
799733899
798971317
798578467
798144131
798112904
796150074
793958649
792501981
792413537
792344809
792293039
791663536
791361031
791176252
790641845
790614847
790549749
790136413
790078657
789274387
788371621
786380555
786271842
786185531
784450954
784270512
784162879
783813349
783532346
783332806
782543947
781845571
781802220
779513101
779317555
777396158
776835727
775840434
774816240
774414181
774247916
773944460
773168961
773128179
772674085
771828789
771023427
770793340
770583871
769332848
769285955
768976763
767583123
767233481
766397219
766245659
766222195
761701193
760626394
760052415
759842468
758833489
758528714
757187288
754130916
754042798
753703454
753245474
752602863
751485921
751222858
751073071
750565146
749321521
748855591
748511761
747269560
745876916
745675466
745023807
743483407
743179117
741748318
741569915
741046746
740708769
740075971
739873567
739625173
739623547
739448167
739284447
739106361
738923786
737729740
737088971
736535314
736470666
735909837
735779204
735566477
735282190
734895238
733823955
732992324
731057330
730757419
730154924
730102217
729055357
728553524
728466449
727944873
727813839
724493982
724254146
724246348
722358535
722032343
721956767
721918064
721770520
720669825
719804939
719086583
718837858
716190316
716041824
716039032
713990797
713986006
713915263
712848692
711902843
709286899
709126690
708081436
706622678
706456549
706454170
705684058
703554454
703552428
703173363
702849087
701748945
700565081
700235382
699946144
699684555
699540788
699098506
698949171
697682278
697428627
697363485
696254260
695922685
695790885
695716212
695510933
695317464
692746714
691628301
691411107
690856932
690707170
690227462
690201045
689537377
689459816
687667880
685914952
685486845
685006101
684330202
684000907
683360026
682727920
682708507
682323834
682319088
681115017
680965064
680297183
679933500
677724979
677613235
677427407
677117326
677008667
676276613
675653139
673510754
673127699
671999753
671456780
670386791
669876475
669857157
668682577
663214023
662161006
661709805
661429570
661400432
660382951
660170220
659002325
658779173
658473901
657936331
657727288
657599050
657271885
656627648
655360781
655057486
654884962
654463722
653900583
652457782
651565576
650975642
649489797
648247127
647340834
647286054
647137087
646808755
646319240
645611687
644828612
644675432
643577395
643298445
643240217
643141347
642736774
641814860
640810102
640499930
640358120
639560239
639136489
639117692
639010242
637914107
636810480
636754540
636536591
636223308
636052908
635516754
633843512
633665220
632162447
631518232
628929389
628240553
628043887
627392345
626924739
625551114
625014905
624171662
623764998
623304971
621660331
620624905
620540800
620127783
618862140
618403428
616521063
616000937
615596036
615544677
614707799
614702890
614405951
614096245
614055440
612889076
612805093
612131125
611426291
610960925
609979170
609761787
609696325
609604761
609106721
608688901
608608452
605801051
604293774
604141630
603311283
602897069
602651054
600832195
599255688
598535462
598478920
598302261
596418140
595261364
594354579
593063005
592795729
592443231
592276490
591762991
590774104
590078930
588274581
586872509
586633686
586532876
585138036
584070817
583496955
582614941
582287629
582203641
581721385
579003189
578830041
577784834
577558257
577545875
577365270
575868873
574811019
574793220
574599683
574537936
573795190
573409926
573021417
571490765
571225988
570101738
569882136
569157820
568044629
568028308
567070247
566993762
566427276
565902109
564568531
564482008
563271317
562711523
562435668
561140758
560587706
560510242
560349608
559651240
558796974
557139016
557012811
555973511
552881764
552233772
551917023
551311641
550636779
548740965
548170040
548083730
547718745
547659838
546813199
545471506
545425983
544848528
542999181
541484725
540327157
540093559
539983106
539846072
539787057
539663724
539478401
537840890
537726476
536715514
535915820
535344189
535180287
535037347
534506856
534271906
533002066
532709178
532482525
532458977
531575886
529318124
528998927
528928800
528106545
527977138
527614924
527142438
526579044
525951962
525390418
525286530
525156963
524407459
523366410
522913444
520613795
520509744
520494049
520457855
519409596
519123294
518898392
517114473
517054659
517041427
516114726
515378384
514610518
514215367
513914021
512293217
511932828
510417196
509772051
509594532
506720490
506539496
506424220
505446444
504304574
503790509
503571617
502978605
502257138
502065125
500955131
499358420
499355126
499295910
499083680
497556079
497133753
497057165
496926539
496547807
494118334
493929240
493682820
493471974
493434441
492323580
492257953
492053133
491604001
489892921
489850908
488193467
487119973
485215332
483832240
482388048
482372766
480330929
480041889
479066858
478567776
478544384
478454133
477851767
477585827
476880789
473415184
472734832
472501263
472436946
472115678
471931497
470120863
469159998
468918434
468902075
466509666
465807072
465758537
465594124
465361280
465221613
464331462
464020817
463635820
463460632
463182058
462675838
462163495
462051168
460725906
460354283
459169307
459142485
454440844
453918574
453687211
453056524
449590000
449076210
448660039
447756653
444434382
444240784
443335978
443313744
443086702
443041344
441327218
441264607
439759749
438243927
437559892
437542076
437060809
436833283
436244219
435845952
435026371
433995537
433606559
433572622
433357013
433269834
431034385
430243611
429026317
428911233
428867008
427284851
426182726
426087864
424619878
423375192
422446241
422106286
421038403
420753047
419271268
417517984
416496400
415976009
415012517
413681634
413576356
413166192
412995174
410976991
409229598
409009124
409003860
408763433
408668967
408662132
408173277
397828942
397658142
396952444
396932139
394142809
392680053
391986086
391508114
391264057
391223259
390639889
390531534
390246543
389448233
387788897
387483889
387462585
387444130
387305145
387173691
385566465
384050320
383913312
383437791
382201959
381997401
379548364
378451304
377516668
377073066
375734200
375366747
374991927
374681594
374074857
373635931
373195625
372929917
371816886
371508762
370609935
369457214
368963180
368435751
368162192
365359337
363834831
362253773
362173700
357478738
357192077
355419444
354369995
354080851
352459287
352401637
352255967
351737452
351267800
350776423
349785402
349446225
349104491
348702167
347892049
347135861
345698850
345555663
345134265
344037196
342935454
342909857
342077390
340458150
340155379
339544533
337854729
337400805
337264741
337157122
336954587
336310661
336059971
333828744
333716789
333088522
332930606
332120877
331622358
330679056
330349413
330085159
329035021
328840597
328658819
327012517
326919792
326430037
325837513
325722145
324997855
324531401
324178091
323528607
322705924
322376343
321957785
321707698
320980546
320811007
320344630
319384737
317460212
317250538
316251128
314944246
313806596
313738404
313186191
312831938
310955674
310788086
309901922
308002373
307509434
306814477
305867330
305859853
304140456
303880192
303520293
303240948
300700898
299913575
297793674
297312204
296395650
296363805
295099732
294858143
294583964
293937655
293818363
292996981
292145803
291795160
291662556
291057426
288852114
286970852
286579655
286473594
285240460
284417394
283441295
283410502
283054083
282564547
281785056
281771224
281511223
280413145
280103707
279490395
279369926
277893002
276571119
274580815
272653608
271786044
269856673
269026765
268776817
268189690
267390855
266035779
264649144
264276702
263247653
262808114
260834045
260510063
260086920
259453451
258543624
258475691
258431706
256336475
256120809
255319786
253837608
253458545
253423280
251466697
251187303
250803085
250622121
250235073
249971632
249254454
247646634
247195393
246755265
246100716
246089751
246054015
245858272
244217088
244150496
244120981
243847695
242810719
241384932
240803178
240054814
238274502
238048405
237375105
237277824
236846060
236340553
235687414
235668057
235301257
234143974
233722600
231335708
230742921
230133923
229885932
227983653
227611614
227035267
226206342
224437915
223852921
223736152
223191443
222506066
221387522
220260727
219405016
217613866
216795957
216618076
216223235
216215087
215999365
215893849
214504569
211741596
211569495
211555961
211235391
211057682
208189755
207909597
206652685
206390770
205214944
205087895
204534319
204398515
203807987
203241107
202973496
202867863
202515651
202140139
201601870
201169113
200597291
198504842
198497250
197182871
194780196
194758160
193457206
193322691
192289399
191020361
190938570
190578797
190247744
190090635
189124221
188905513
188223818
187927366
186882772
186775947
186681943
185508932
185438501
185047788
185010809
184749719
183107927
182553411
181020270
180586565
180291051
180076740
179807861
179335446
176847507
176505892
175224091
174703017
174372265
173692469
173582686
173306510
173262497
173111573
172037975
171308040
171267530
170283192
169466359
168590403
167758833
167678236
166464032
165090546
164296633
164084703
163750155
163354599
162964380
161334967
160526781
158615267
158126570
157156390
155811268
154849028
153990541
153715293
153379715
153106188
152954751
152730912
152032768
151839711
151005591
150705162
150399939
150189329
148870304
144630668
142491227
142403206
142240308
141507625
141451243
140963878
140336088
136923901
136505256
135340522
134953362
134925208
134284434
133888060
132719122
131516727
131164474
130976025
129378550
128837207
128780151
128448208
127615999
126962931
126687946
125309960
124721234
124646837
123044310
122659106
122311603
122230920
121271403
121025226
119533685
118015560
117647176
117391493
116480272
114662518
114595588
113289055
113180467
112140825
112069780
111999586
111674683
111018696
110873226
110432803
108434557
107882870
107183176
107066477
106866442
106854905
105820687
105757971
104401231
104063822
102506452
102215161
101682068
101493637
100497645
99119316
98774690
98477633
98370020
97968156
96987862
96657406
96532332
95849056
93042779
92865395
92171643
91504929
89906014
89780578
86426873
85990266
85229629
84279090
84268740
82175739
81507136
77394761
77218009
77012469
75040344
74403210
74267339
73245732
72711570
72703468
72161218
69559662
68650429
68371765
67509201
66897848
66846329
66378363
65498300
65152779
64613419
64580192
64449923
63724689
63713984
62559522
62316576
61637416
61403940
60357743
58923543
58898025
58825991
58760949
54849073
49650356
49529781
48094887
47332902
46776773
46456802
43864412
42013094
40233078
39837519
38738392
38412984
38255362
36987480
36428007
36311535
35373064
34959300
34845206
31622612
30326552
28085944
28039856
28021720
27796210
26555403
26128831
25594480
24355304
23525018
22214167
21162386
20629494
18817013
16453869
16179358
15598315
15183170
13787110
12757888
12130820
11559527
10858733
9990589
9437883
9255034
7470847
7316425
7039153
5577278
4808995
3468421
251839
235541
