2146697737
2145843630
2145609281
2145051338
2144883529
2143549732
2143191216
2142964633
2141745386
2140123393
2140031191
2139695782
2139522150
2139300145
2138656200
2138343859
2138342493
2137771371
2137717104
2137622416
2137439479
2136951595
2135225346
2134953129
2134407075
2134310106
2134076645
2134046884
2133935072
2132855675
2132810571
2132532445
2132502415
2132195582
2130956757
2130058471
2129605019
2128921772
2127593121
2126582641
2126564537
2126527264
2126507837
2125652789
2124957923
2123849145
2123130895
2122022827
2121779215
2121594985
2121525212
2121193258
2120667835
2120596225
2120552567
2120325048
2119662990
2119517300
2119181252
2117582925
2117356760
2116615126
2116419853
2116405975
2116387103
2116104351
2115925091
2114689469
2114657167
2114570602
2114497908
2112811650
2112619228
2112495481
2111611979
2111174568
2110670793
2110187228
2110074748
2109388564
2109290264
2108032564
2107320919
2105795211
2105439721
2105437173
2105237477
2104684379
2104231951
2104186937
2103408972
2102730141
2102379012
2102321864
2102092315
2101262487
2101113311
2100910754
2100882645
2099662510
2099074905
2098243742
2097162506
2096915955
2095516747
2092977765
2092930363
2091164777
2089830621
2089692187
2089366644
2088722561
2088634456
2087024147
2086844372
2086793333
2086704098
2086695698
2085737400
2085387770
2085344025
2084856805
2084741766
2084711160
2084460481
2083729654
2082868220
2082371141
2082352153
2082149608
2080577099
2080265739
2079479891
2079187957
2078690866
2077942863
2077666517
2077283146
2075868016
2074828160
2074730876
2074261279
2074032661
2073829183
2073467159
2072263891
2072138808
2071906885
2071362151
2071178010
2070779481
2070330740
2069992663
2069652233
2069541978
2069190156
2068968678
2066747951
2066272658
2065819135
2065153715
2064834000
2064677486
2063941909
2062999581
2062788555
2062607311
2062524151
2062473417
2061872809
2060511092
2060387773
2060093660
2059320585
2058514370
2057654713
2057563726
2057298535
2057144095
2056439814
2056303328
2055969408
2055623120
2055390434
2054276357
2052962813
2052062330
2052059566
2051457058
2049257874
2048390229
2048278987
2047571315
2047334557
2046582368
2046487013
2046118912
2045588956
2045576116
2044766069
2043584661
2043256862
2042150849
2041789352
2041198753
2041188392
2041144213
2041023654
2040752133
2040594575
2040043621
2039847990
2039481323
2038593022
2036849850
2035898741
2035734825
2035030920
2033971621
2033685923
2032491643
2031060881
2028979729
2028872323
2027404890
2027045037
2026670129
2025810745
2025513940
2025344200
2025271400
2025113031
2024385174
2024032998
2023355908
2023173288
2022541877
2021960375
2021937868
2021667376
2021573837
2021465796
2021463913
2020938707
2020911898
2020406068
2020303879
2019795747
2019444254
2019105141
2017530023
2017233748
2017008765
2016848649
2016821280
2015683987
2015558284
2015363655
2014585400
2014251500
2014008982
2013481816
2013420832
2012985671
2011151389
2010611190
2010389015
2010283013
2009885504
2009142340
2008671499
2007693842
2007297754
2004909760
2003582894
2002861619
2002837291
2002084826
2001889822
1999650910
1999301900
1999113564
1997901388
1997789458
1996695359
1996591153
1996544208
1996398193
1995216304
1995179688
1994921142
1994666147
1994095283
1994027099
1993272797
1992537886
1992016346
1991702904
1990342693
1989354234
1988965467
1988074205
1985998825
1985192601
1984543759
1984481018
1982212151
1982043564
1981248239
1979649551
1979431607
1978826988
1977693808
1976015354
1975869515
1975800509
1975729807
1975667967
1974757466
1974040901
1973786553
1973767262
1973346310
1972032633
1971377516
1971100566
1970936863
1969323829
1969315084
1968862261
1967418697
1967311250
1967233755
1967162902
1965779170
1965758022
1965456956
1964656463
1959250449
1959116645
1957997139
1957569176
1956071095
1955297735
1955197190
1955188868
1954744709
1953839542
1952871994
1952622793
1952137988
1952128321
1951480874
1951403094
1950566020
1949664854
1948702481
1948686380
1948276549
1948202477
1948149547
1947867161
1947766544
1947616556
1947014042
1946424392
1946386036
1945884642
1945682688
1945430163
1944233393
1943342381
1943042259
1942677730
1942504799
1941518561
1940985645
1940890925
1939379315
1939252343
1938288885
1937421886
1936983154
1935612122
1935582192
1934308633
1934149109
1934092723
1933816760
1933614714
1933479207
1933334407
1933242444
1932937714
1932318589
1932136878
1931955790
1931072546
1930434571
1929827284
1929733116
1929479015
1929136666
1928434487
1928433065
1927369170
1927319115
1927191214
1926489680
1926332835
1924722167
1924714179
1923830311
1923136482
1922956077
1922596984
1922412849
1919822061
1919521952
1918924695
1918412554
1916591665
1915670237
1915451455
1915311315
1914739269
1914471102
1914447771
1914179012
1914053767
1913943456
1913381093
1912739928
1912171131
1911674566
1911413039
1910862371
1908719685
1908648242
1907874980
1907041166
1905278016
1904588978
1904270538
1903879169
1902587747
1902459134
1902443520
1902116475
1902023264
1901188099
1900960631
1900578076
1900460419
1900446152
1899976841
1899894801
1899738161
1899173137
1899074090
1898520371
1897523795
1897280437
1896477555
1895865746
1895634732
1894785239
1894044885
1893118387
1888145579
1887481549
1886718025
1886699084
1886678116
1886240937
1886131524
1885553254
1885058320
1884778846
1884649505
1883578849
1883467972
1882566364
1881590482
1881546078
1881162455
1880163990
1879819301
1879720784
1879142296
1878995133
1878533575
1878045004
1877940359
1876997667
1875505923
1875338029
1875192005
1874877173
1874379089
1874114989
1873169484
1873108540
1872370424
1871815457
1871319061
1870366950
1869183623
1868117152
1867134020
1866892623
1866654899
1864417208
1864087162
1863210176
1863158937
1862192924
1861512311
1861505491
1861031738
1861024755
1860889578
1860876209
1860563601
1860549520
1860203433
1858758916
1858720873
1858261754
1858156492
1857946812
1857917186
1857297455
1857296035
1856379319
1856368767
1855237577
1855051140
1853621707
1853343872
1853312678
1852736685
1852517795
1851962625
1851946645
1851893827
1851893756
1851810622
1850730371
1849013858
1848501617
1848349222
1847658218
1847580235
1847179742
1847042973
1846708397
1845811572
1845369793
1845334578
1845031158
1844499659
1844158625
1844001470
1843840715
1843756186
1843064249
1842013934
1841667103
1841397467
1840728922
1840083919
1840007614
1839750017
1839695577
1839530476
1838481287
1837946394
1837857564
1837363036
1837047447
1836318076
1835247650
1834983512
1834792496
1834412843
1833657940
1833493666
1831979539
1831964118
1831844514
1830859750
1827155714
1826914576
1826728975
1825799808
1825491832
1825402232
1825001742
1824207521
1823849380
1823803322
1823375454
1823345240
1823306367
1823301261
1823219354
1823142497
1821480556
1821386934
1821278352
1821016144
1820111275
1819942303
1819215868
1819196858
1818902602
1818721033
1818630911
1817881044
1817772523
1817505874
1816911253
1813479747
1812015652
1810948350
1810532677
1810084580
1809904442
1809648479
1809047922
1808687624
1808601147
1808479427
1808038342
1807148604
1807111311
1806796011
1806728322
1805137823
1804925567
1804905534
1804615493
1804479568
1804314470
1804108696
1803568124
1802704832
1802019385
1801755733
1800961022
1800859061
1800740304
1800122613
1799979864
1799935744
1798890219
1798536438
1798384930
1796702689
1796618326
1796387016
1795756377
1795728618
1795552033
1795467909
1794156766
1794084293
1793320117
1793078648
1791993825
1791574258
1790851406
1789662296
1789326238
1788511302
1787412978
1787087327
1787079368
1787018783
1786743863
1786424723
1785485029
1785384037
1785087460
1784433400
1783835796
1783560195
1782117599
1782008636
1781808502
1781273230
1780760117
1780486013
1779972395
1779798188
1779233901
1779047806
1779030375
1775870657
1774898904
1774760601
1773890324
1772677962
1772561347
1772007621
1771956776
1771443801
1771278372
1771234434
1771202359
1770974860
1769402536
1769174208
1769103071
1768524333
1768368462
1767851081
1767433342
1766836723
1766541694
1766299453
1765545880
1764751011
1764018900
1763401502
1759541322
1758625894
1757235750
1756740264
1756678337
1755344903
1755067951
1754864412
1754817381
1754669569
1754511268
1754500559
1754216242
1753276837
1753117788
1752952816
1752599568
1751517482
1751338639
1750682052
1750070660
1749678978
1749367720
1748408729
1748043533
1747890433
1747061562
1747022819
1745770370
1744347386
1742773720
1742277065
1742160493
1741633224
1741554885
1741548933
1741176936
1740215340
1740016986
1739632866
1738856183
1738593782
1737941088
1736975327
1736949319
1735820096
1734812688
1734613064
1734075866
1733466364
1733217381
1732931945
1732902302
1732150702
1731846144
1731679698
1731446006
1731267537
1731054194
1730135348
1729638756
1729206823
1728512375
1728087717
1727582699
1727416926
1727203971
1726979254
1726791874
1726729216
1726486018
1726427345
1725181230
1725131178
1724047366
1723014728
1722969814
1722666676
1721944821
1721635653
1721056628
1721009019
1717514459
1717003442
1715578883
1715013091
1714812749
1714568289
1714432353
1714119316
1713537987
1713392285
1712463029
1712356212
1711415176
1711222564
1710104871
1709298120
1709009579
1708150516
1708121247
1707335019
1706496537
1706107098
1705336645
1704736285
1704316268
1704270505
1703977703
1703766587
1703515087
1703445737
1703344642
1702695095
1702384968
1701220344
1700887228
1700806742
1700709021
1700240720
1699474303
1699238236
1698992917
1698573475
1698154616
1697577571
1697239982
1696360165
1696243407
1696056066
1694362299
1694024974
1693614103
1693326727
1693145831
1692491935
1690505764
1690485821
1690104371
1687462362
1686159317
1686102351
1685637025
1683502354
1681826982
1681284407
1681075491
1680940434
1680866187
1680754652
1680711192
1679748712
1679598409
1678493138
1676913465
1676420128
1676418101
1676316309
1672567501
1671800466
1671495549
1671332369
1671210439
1670400578
1670106510
1669602970
1669423400
1669117222
1668725742
1668431178
1668319683
1667855012
1667661407
1666470039
1666164395
1666162853
1664315355
1664115619
1663917630
1663723675
1662228481
1662137293
1661356877
1661225422
1661122558
1660600459
1660289491
1660121962
1659960612
1658899261
1658837599
1656261022
1655658835
1655091245
1654687231
1654438762
1653941199
1653796155
1653152363
1652392096
1652072628
1651828569
1651602590
1650816348
1650311938
1649758025
1648740026
1648288347
1647833442
1647646814
1647596134
1647567446
1646248847
1646151024
1643137249
1642297226
1641474514
1641353378
1641056743
1641041219
1640956772
1640887655
1640406155
1640222531
1640140034
1638647223
1638594213
1638159852
1637695047
1636792967
1636667900
1636582416
1636190943
1636131972
1635278903
1635145048
1635103199
1634865791
1634838870
1633610338
1632491273
1632284398
1631597173
1631493191
1631036581
1630651126
1630243631
1628752833
1628371073
1628279612
1628270332
1627277419
1626108975
1625619798
1624842856
1624304978
1624215354
1623181799
1622276222
1621121349
1620888558
1620411708
1619998809
1619929851
1619445153
1618423669
1617782352
1616877189
1616458853
1616433728
1615952797
1615947935
1615860942
1615320551
1613842897
1613761104
1613481367
1613340532
1612073017
1612039282
1611647421
1611452444
1609675664
1608525589
1607979757
1607584591
1607342130
1607308098
1607214344
1607126746
1606949531
1606505320
1606114670
1605988668
1605100377
1604808240
1604641422
1604640376
1604514615
1604283438
1603504974
1602970245
1602380058
1601098130
1600360833
1600071887
1599512537
1599164548
1598781028
1598045746
1598019544
1597936996
1597889481
1597715635
1597473713
1597469007
1597124955
1596489403
1596126154
1596105854
1595699490
1595623731
1595357894
1594354687
1593453819
1592016492
1591790739
1591349100
1590963533
1590832673
1590654657
1590282646
1590256630
1589349537
1588887513
1588792295
1588194238
1587733031
1587402190
1587350299
1587234087
1586461449
1586446308
1586348948
1586227235
1585654614
1584528061
1582634066
1582573550
1581803752
1581185027
1580414249
1580281260
1579580749
1579157105
1579122368
1578712114
1577699819
1577095120
1576388558
1576019837
1575138081
1575051875
1574649760
1574344339
1573236492
1572921979
1572380882
1571874288
1571786666
1571137730
1571109056
1570974297
1570838333
1570470632
1570349846
1569927208
1569741795
1568844544
1568272592
1567350535
1567203202
1566425896
1566314306
1566141206
1565946564
1565658286
1564012792
1563906526
1562872430
1562523884
1560836268
1560632954
1559383433
1559167672
1558309596
1558131421
1557692848
1557301913
1557194103
1556216644
1555962090
1555825056
1554976441
1554931069
1554190395
1554127016
1553849751
1552268320
1551784885
1551448338
1550809190
1550717619
1550144737
1549637128
1549330596
1548979992
1548766928
1547961383
1546186175
1544514962
1544439139
1544065101
1543969433
1543519639
1542833657
1542370099
1541342464
1540739652
1540550501
1539263338
1539104614
1538453104
1538216003
1537478374
1536799607
1536625596
1536371711
1535299801
1534898086
1534822663
1532641972
1531856278
1530608129
1529723420
1528564047
1528315206
1527728670
1527193186
1526843735
1526448912
1525883127
1525629082
1525493977
1525458035
1525206660
1525024455
1524897624
1524473803
1523525937
1522854030
1522676463
1521244650
1521166646
1521125394
1521062379
1519861970
1518960270
1518945604
1518731271
1518624730
1518605870
1517489930
1517417796
1516946974
1516908744
1516710779
1516161590
1515889258
1515497151
1514369371
1513974800
1513949583
1513324447
1512966011
1512860189
1511550897
1511187415
1511072809
1510773381
1510631938
1509560611
1508950836
1508813035
1508671469
1507600973
1507334511
1507053582
1507013865
1506665588
1505873772
1505654356
1505622417
1504443443
1503679057
1503511915
1502957012
1501994021
1501808423
1501502908
1501360170
1500721316
1500287397
1499099966
1498698121
1498511588
1497738432
1497669147
1497568341
1496951495
1495952384
1495809271
1495499932
1495154477
1494644438
1494563581
1493538529
1493296465
1492813663
1492774893
1492272219
1490258393
1488651815
1488590655
1488505836
1487921269
1487733312
1487638302
1487267387
1486636354
1484987798
1484841064
1484505503
1484409787
1484247495
1484093040
1484019187
1483836673
1483811123
1483677074
1483638418
1483498782
1483136159
1483070561
1482397350
1481815612
1480714723
1480212977
1479831933
1478155675
1477679604
1476740550
1476609258
1476208023
1474986712
1473515378
1473286303
1473259291
1472945988
1472813219
1472394404
1472209271
1471680658
1471123309
1471009153
1470886132
1468919911
1468471579
1467838029
1467730832
1467554146
1467541283
1466833547
1466828013
1466739958
1466493219
1465587646
1465413862
1465176243
1465064011
1464791867
1462586855
1461860143
1461545251
1461482704
1461177109
1460905778
1460768624
1459954243
1458600489
1457936593
1457271111
1456879312
1456284209
1456007352
1455904281
1455856823
1455296308
1455120035
1454456357
1454089872
1452948521
1452670448
1452669499
1452562833
1451950218
1451209320
1450447804
1449094721
1448947644
1447039164
1446506333
1445968584
1445375882
1444359647
1443830161
1443551228
1443386595
1443057638
1442813049
1442641519
1441888797
1440112430
1439658529
1439064122
1438757801
1438704864
1438166677
1437475937
1437403298
1437327110
1436843616
1436083759
1434449016
1434009507
1433959266
1433453774
1433368526
1431759788
1431028836
1430848928
1430543788
1430235268
1429176863
1427929516
1427001430
1426701927
1426204897
1426026546
1425855555
1425843833
1425399082
1423581157
1423502064
1422717263
1421976117
1421650435
1421353446
1420689589
1420532625
1420496102
1420371210
1419548269
1419183877
1418747564
1418743704
1418490030
1417498169
1417181220
1416009501
1415883448
1415612855
1414928254
1414373374
1414283710
1414067340
1413216461
1412745367
1412582300
1411678270
1411041254
1410583700
1409701367
1408442675
1408192012
1408039021
1406257626
1406246999
1405529981
1405225378
1404710083
1404476693
1404418068
1403866861
1402879838
1401678395
1401598476
1401217550
1400183814
1400083824
1400030496
1399972335
1399871207
1399608120
1398686305
1398677659
1396140856
1395897597
1394728980
1394302436
1393511100
1393404011
1392881597
1392842468
1392438669
1391993488
1391892185
1391808628
1391457859
1391450802
1391157887
1390272454
1390215449
1389776355
1389174382
1389000865
1388825021
1388749198
1388466442
1388206106
1388185654
1388028620
1387595946
1387424856
1384879953
1384550634
1383720114
1383341549
1383093539
1382778863
1382557027
1382040777
1381689441
1381211702
1381000296
1380647661
1379633709
1379297775
1379137222
1378098431
1376794898
1375962977
1375410748
1375350555
1374623866
1374587394
1373732593
1373609607
1373546265
1372662763
1371843467
1371304822
1370996272
1370496106
1369809202
1369611755
1368667621
1368619004
1368545876
1368305836
1368283323
1367780607
1367418397
1365270673
1364805592
1364360436
1364313929
1363033814
1361922016
1360810860
1360787985
1360563751
1360558441
1359410132
1359185468
1358611364
1358260399
1358150079
1357903472
1357894971
1357144199
1355546720
1355461442
1355329193
1354774259
1354452632
1353178833
1353091580
1352103267
1351703226
1350858078
1350354193
1350262915
1350213358
1349996536
1349803000
1349577677
1349394262
1348913144
1348827306
1348040800
1346747751
1346706119
1346168129
1346074045
1345746161
1345605066
1344930742
1344759508
1343593362
1342995183
1342778828
1342552819
1341993789
1341984966
1341358754
1341193906
1340378907
1340049144
1339657630
1339556249
1339491463
1337921167
1337723033
1337343193
1336894836
1335742107
1335622863
1334253267
1333682475
1333494835
1332403629
1331809502
1329491130
1329224670
1328914437
1328849350
1326678201
1325641630
1325491498
1324970412
1324187583
1324179455
1322662146
1322176467
1319961512
1319707895
1319551905
1318853681
1318446771
1318355989
1318060002
1317877985
1317768480
1316924306
1316870413
1316856061
1315116262
1314769294
1314191361
1313149790
1312166959
1311792102
1311695250
1310844495
1310412691
1310034901
1309984714
1309666222
1308399849
1308338028
1307728869
1307335189
1306935387
1306867093
1306213878
1305431627
1305427794
1305114710
1304401063
1304167959
1303940270
1303862215
1302680109
1302182522
1301976791
1301702027
1301273485
1300986014
1299949339
1298792041
1298563428
1298146971
1297625009
1297545833
1297153805
1296845061
1296568076
1296206766
1295538510
1295179031
1294861300
1293916141
1292798170
1291944053
1290296371
1290097059
1289527088
1288835568
1288358417
1286356555
1285291545
1285179434
1285017914
1284456821
1284382862
1284022535
1283369364
1282993028
1282864775
1282740065
1281189720
1279809097
1279148346
1278626122
1278589229
1277786737
1277489221
1277442540
1277135915
1276744881
1276684833
1276128040
1276068997
1275781123
1275427696
1275260262
1274993530
1274675038
1274192257
1274146664
1273880198
1272616395
1272489714
1271920385
1270881221
1270790755
1270727875
1270661298
1270527376
1270489837
1268825905
1268425363
1268046029
1267257766
1267065603
1267045093
1266512303
1266219139
1265820816
1265558113
1265049042
1264572792
1264406446
1263950694
1262993407
1262179097
1262091677
1261588577
1259968408
1259422961
1259349769
1258641632
1257785579
1257110494
1257056427
1256976836
1256573611
1256556744
1256081864
1255095471
1254729286
1254355892
1254015094
1253329693
1253318064
1253053551
1252394621
1252311771
1252254273
1251767728
1251027204
1250893778
1250605957
1250354199
1249898975
1249415117
1249247480
1248706867
1248644919
1248348323
1248160731
1246846095
1245628666
1245280972
1244160966
1243983632
1242870364
1242568583
1242534396
1241423246
1241007228
1240459212
1240277275
1237563293
1236941656
1236431487
1236219681
1235544167
1234548815
1234458866
1234192279
1233587944
1232953289
1231628198
1231281973
1230570298
1230021300
1229986829
1229848967
1229619465
1229527940
1229420524
1229228513
1227335724
1227277485
1226630720
1225748974
1225356467
1224587930
1224277057
1222915338
1222827043
1222659270
1222564001
1222320692
1221117899
1220782659
1218940111
1216552985
1216466125
1216345666
1214500938
1214462003
1214016214
1212424124
1211492849
1211168555
1210455787
1209086649
1207974557
1206840678
1206472790
1205996306
1205917082
1205728919
1205289497
1204664833
1204047646
1203423668
1202152700
1201665438
1199220589
1199188151
1199099682
1199011049
1198642112
1198199545
1197848977
1196130565
1196071918
1195625526
1195279304
1192193116
1191408464
1190492235
1190009969
1189789426
1189553165
1189076559
1188619733
1187044353
1186533253
1186470228
1186321553
1183851597
1183679704
1183603848
1182437787
1181812304
1181252664
1180896482
1179726280
1178543338
1178530395
1178395804
1177564569
1177107781
1176408720
1176103317
1174982948
1173340770
1172765714
1172644242
1171412146
1171095002
1170426982
1169558600
1168896133
1168702622
1167765444
1167464953
1167237732
1167154488
1166021955
1165196091
1164311372
1163990958
1162423629
1161920071
1161732165
1160718793
1160633250
1160558099
1160485338
1160102380
1159809879
1158774116
1158743801
1158708313
1158157536
1157202926
1157149329
1155662075
1153449966
1153221009
1152989767
1152843807
1152342209
1151957064
1151249376
1151094964
1150267916
1148548489
1148483136
1148116176
1147569831
1146285387
1145803016
1145408335
1144890567
1144417005
1144265335
1144234678
1143870446
1143736011
1143571968
1142719369
1142383034
1142346976
1140839100
1140729862
1140347380
1139854900
1138500444
1138092326
1137578502
1137131300
1136894961
1136541758
1136431138
1136172388
1133338594
1132770090
1131986658
1128931474
1128600631
1127883750
1127228902
1127017923
1126862029
1125852679
1125430643
1124848017
1124389015
1123595500
1123260849
1122667441
1122410713
1120916854
1119306588
1118895650
1118177086
1118119521
1117066201
1116559766
1115961725
1115727201
1115551193
1115144345
1113709558
1113300435
1113167449
1112547271
1111899072
1111541132
1111249877
1110643682
1110432317
1110215638
1110182703
1110115730
1109337392
1108777435
1108763056
1108456390
1107868858
1107372390
1107362881
1106793292
1106752373
1106372203
1106343260
1105929175
1105299622
1105228885
1105109311
1104055531
1103520905
1103291946
1102782990
1102361583
1102020807
1101650437
1101400388
1101378704
1100993538
1099336074
1098750623
1098571952
1098448787
1098028918
1097261791
1095511805
1094964741
1094528270
1094432097
1093241506
1092786526
1091711021
1091493443
1091474408
1091219792
1090937102
1089603153
1088197894
1087672422
1087081285
1086944713
1086938154
1086031409
1085149638
1084915144
1084910789
1084742390
1084086569
1084042372
1084016490
1083993632
1083852950
1083205757
1082881564
1082732611
1081613311
1081503337
1081464407
1081334224
1081011177
1080635712
1079747483
1079589895
1079038960
1077117239
1076985067
1075962824
1075617928
1075465303
1074892198
1074869235
1074484480
1073081041
1072753734
1072547592
1072281301
1072062898
1072054990
1070197317
1070135468
1069956797
1069239460
1068787516
1067884692
1066479508
1065732708
1065343906
1065323351
1064787106
1063740634
1063535433
1063377209
1063195757
1063157720
1062543807
1062445706
1060912176
1060850960
1060498830
1059308504
1058200961
1057946129
1057604181
1057042303
1055381097
1055286452
1055222694
1054706056
1053448698
1053213155
1052694111
1052558382
1051613933
1051287205
1050488370
1050436903
1050186323
1049872365
1049618867
1049566140
1049487417
1048700556
1048328469
1047894210
1047613367
1046922590
1044651314
1044573818
1043528189
1043355613
1043231436
1043171728
1042953517
1042582522
1042508834
1042124230
1041328867
1040483771
1040084261
1039722809
1038016614
1037649025
1036684429
1035394430
1034335680
1034271788
1033503394
1033146516
1031205405
1031045007
1029182374
1028879921
1028506984
1028194763
1027007561
1026942799
1026400803
1025852327
1025294908
1025145773
1024916687
1024412854
1023949471
1023879663
1023863380
1023578617
1023061493
1022572139
1022113809
1021445996
1021388010
1021323878
1021132019
1020356205
1018958381
1018390207
1018179790
1018092674
1017337525
1016802126
1014824818
1014666139
1014353241
1014353241
1014071643
1013666226
1013184471
1012664096
1012660880
1012353471
1011400376
1011053270
1010915199
1010556727
1010102017
1009980190
1009911722
1009705020
1009688861
1006961095
1006166696
1005712157
1004861526
1004697943
1004626999
1002758618
1002591817
1002148515
1002004859
1000797055
1000768403
1000590152
1000404237
1000360252
1000353452
999254323
998196052
997824218
995915878
995770191
994650951
994497810
994275728
992750722
992448586
992211786
991069746
991047036
990685000
990538001
990134040
989841895
989479918
989465821
989208491
988462079
988425173
988216489
986978886
985287198
984732812
981350465
981191400
981014193
980866397
980069696
979864447
979820393
979329846
978679166
978412386
977562412
977369617
977354306
976779658
975758455
975672226
974458052
974409708
974023617
973669312
973227239
972164678
972093048
971810995
971733684
969855788
969521331
969075931
968372698
966258048
965813414
964203926
963436219
963084796
963063831
962817703
962063093
961559293
961483367
961257597
961124975
960445673
960235248
958693487
958203230
958177166
958145770
957230240
955817464
954981248
954979318
954348074
954144647
953407680
953294279
952666297
952574392
952527140
950313862
950066796
949055894
948465403
945553054
944864054
944216263
944077731
943863472
943441033
943125294
942098111
941361700
940780028
940306593
940021243
939923655
939071134
938988242
938871323
938846345
938728588
938694978
938199744
936377848
936168806
936112642
935287582
934478961
933341409
932752543
931890794
931498176
931295946
930523981
928931983
928682832
927623039
927424692
927043813
926560094
926321785
926031476
924561677
923955727
923720990
923487992
922785959
922454827
922343236
921867760
920117727
919839213
919384457
918001247
917863894
917081254
916654127
915851033
915674295
914575142
914058932
913442024
913430197
913415478
912911012
912640173
911721974
910061432
909699422
909405256
908634665
907779285
906453385
906244810
905069393
904157111
903912293
903279124
902957757
902704029
901170702
900998621
900604864
900445110
900002891
899865277
899860849
899828873
899798460
898825646
898805829
897498731
896811075
895555403
895220587
894834315
892948798
892876063
892305054
892233087
890698183
890641176
889745941
889742341
889180120
888491067
888198525
888061140
887869202
887679076
887618492
887360876
887277561
887223925
886583028
886267990
885774404
885476821
884883378
884186729
884169885
883035719
881185051
880513670
880293389
880040394
879598740
879422091
879319032
879061993
878495718
878080145
877990425
877762015
877600855
876938969
876732595
875483083
875321772
874441745
874209874
874119019
874059171
873328049
873216820
871478147
870163196
869523790
868317995
868108634
866346511
864668105
864354408
864076608
864007094
863932134
863053066
862684636
862268305
861982693
861853627
861212425
861207466
861096115
860882769
860678663
858472873
856213573
854999399
854928068
854802199
853776874
853343073
853023005
852182801
852172944
852031383
852000429
851000334
850146530
850008330
849635185
848454625
846448861
846265003
845395318
844473090
844406486
841882695
841875407
841066249
840457324
839497802
839489200
837708602
837435243
836767424
836354235
835590091
835491916
835337853
835301781
835177778
834685412
834014147
833515546
832627819
832080351
831889822
831840876
831341219
831158428
831121506
830317277
829774062
829512838
828957059
828468958
828457663
827414008
827221314
826795675
826434196
826187140
824787214
824599853
824381449
824272836
823900009
823740145
821787703
821375360
820698484
820644530
820524889
820294623
820199075
820152740
819672658
818817046
817324301
817035863
816957349
816956501
816312793
815965015
815127505
814312108
813920350
813751818
813595224
812998149
810649360
810512733
810480293
809907810
809432155
809269404
808773327
807254077
806746423
806706940
805422264
805154519
804434447
804373026
804194402
804171023
803187173
802992604
802551811
802279311
801430331
801213444
800770118
799759288
799733929
798974980
798589299
797854495
797449170
796267531
795215391
794293337
794132914
794041420
793233714
793137796
791888247
791107029
790401425
790279537
790204961
789857892
789625125
789053256
789026896
788641293
788310881
787726986
786793906
786702617
785733700
783612422
782846996
782239838
780698293
780517834
780411983
780372420
780142732
779610403
779164690
777115372
775417804
774796392
774627058
774572290
774374737
774302142
774219109
773794819
773459555
773377081
772067588
771864205
771605122
771575146
771386607
771376900
770610414
770281077
770196352
768574102
768508329
768221954
767120116
766767560
766198224
766179049
765284127
764400264
763736209
763017128
761373311
759331452
759026397
758905269
757170740
757023051
756833966
756494385
756272831
755956043
755900133
755397908
754694684
752278260
751618858
750241279
749865706
749122499
748412888
748066394
748001526
746554768
746308178
744489317
744342346
743754930
743487986
742587155
742352161
741900161
740255514
740231890
740209710
739937818
739684920
739131093
738809615
738493256
738361974
738138807
737447553
737323970
735849321
735281127
735227526
735160402
734893960
734486776
734376873
733676933
733622407
733479146
733183436
732754904
732212210
732041496
730914073
730882408
730769518
729921883
728502767
728172749
727339425
727321486
727213811
726591365
726461022
726318366
725875625
725600402
725069838
724532170
723432085
723355947
722669764
722330065
721598549
721268204
720961570
720569472
719198858
719025195
718972325
718884316
718132714
717921489
717599371
717310222
716744158
716221488
716178770
715897451
715688650
715517446
715429032
715209514
715055382
715045149
714284706
713444205
712912558
712882649
711319828
711220147
710454619
710433013
709784789
709577590
709080359
707792083
707597324
705169918
705121852
704540852
703389414
703325078
702812373
702717026
702641803
700967626
700872887
699815458
699081657
698710187
698544473
697694305
696664926
695910845
694851881
694479260
693972997
693429141
693130915
692764708
692248398
691877589
691753334
690555495
690287884
690006738
689877193
689632762
688875732
687277634
686381364
685983900
685736339
685479488
684560728
684091732
683700396
683540870
683290442
683196902
683022759
682928551
682889969
682581137
682040644
682006226
681915064
681140944
680575201
679715647
678801512
678394717
677648752
677225768
676704317
676363697
675956293
675603878
674626941
673819745
673803717
673766082
673691834
673348735
673338974
672189535
672164424
672144367
672060350
671492396
670994661
670763472
670741141
670460805
669131811
668339714
668013608
667307836
666167424
664882291
664698872
664691667
662662179
662491607
662328727
662165268
661124351
661046504
661037531
659984616
659550222
659266045
659173779
656872864
656390073
656052771
655295527
655036501
653853616
653759962
652844949
652813419
651762342
651631405
651464995
651464760
650680525
649930970
649512354
649232158
648298445
648039060
647388866
646137444
645464294
644102769
643066016
642131173
641641206
640440102
639961221
639747796
639507308
639087772
638673054
638381304
638200495
637328298
636845751
636315862
635477650
635290893
634830497
634287293
633041079
632974505
632295648
632268899
630985113
629134616
628782072
627912257
627693176
627596481
626872033
625621068
625575377
625376366
624770110
624165710
624103703
623680384
623423449
622595386
621494926
621399831
621159457
620965740
620028102
619874740
619626840
619489761
619465793
619359700
618405889
618248964
618232843
617622556
616717737
616400574
616329615
616119607
615907138
615631036
613972976
613360150
611165532
610407415
609768626
609020473
608879882
608591348
608519442
607912451
606548776
605253000
605252429
604796815
604332013
603756476
603277542
602557426
601585466
601464933
601220930
600547480
600521920
600128172
599263573
598627221
598421431
598034513
597330480
596525256
595793844
595744780
594606691
594430575
594113724
594094881
593808503
593743602
593349431
591553669
591233205
590757301
590053139
589913293
589882052
589207263
589192039
588004365
587675810
587651846
584024491
583878709
582084719
580166237
578938161
578924487
578490317
576746623
576698406
576668548
576425221
576293234
574897737
573550232
572760270
572294845
571471939
571070771
571012527
570278422
569988064
569975965
569629658
568954647
568866667
568669466
568203548
567318098
566277995
565867637
564560172
564516355
564092361
563751605
563506735
563268404
562007475
561598585
560935019
560379471
558818262
558250739
558108507
557547828
557473103
557431650
557336184
557117045
556167045
555992763
555553386
555519788
555506275
555416950
555250454
555020096
554747363
553152022
553042777
552611821
552324374
552234505
550775059
550216550
549831599
549822164
549274705
548844300
548178517
547944091
547750540
547743894
547506399
546790073
544614053
543490921
543300831
542051684
540591226
540247902
539095159
538846203
537984574
537101957
537038025
536974254
536048886
535693685
535334413
533524021
533388920
532779961
532160862
531899683
530344378
530176475
529776977
529444806
529087745
528886520
528872786
527875733
527283963
527149162
527078678
526013222
525688127
525659919
524597712
524132867
523504805
523486172
523481465
522746728
521854827
521704741
521390796
521016776
520599147
518511027
518330623
518125019
517235016
514750794
514732510
514218181
513371006
513094214
512838307
512812250
511662158
511571043
511337267
509866712
509453889
508052602
507954787
507074518
506615162
506588755
505187497
505057667
504866089
504686381
504240042
503930504
503082350
501713449
501465974
501164461
500996401
500958351
499228173
499166099
498206527
497612950
497304600
497245691
497041095
494195303
494181566
494129193
493762099
492558764
489024761
488036556
486962327
486868984
486761513
486336872
486090413
485587751
484911067
484824003
484805288
484510815
484504256
483721917
482859379
482124490
480616756
480378732
480299249
480041996
479601067
479050148
476287859
475969278
474498516
474382071
474008677
473385446
472628719
471701661
470529642
470204235
469981062
469150913
469013590
468824162
466214465
464589583
464472299
464113176
463501204
460713263
459960312
459848358
459521148
458859702
457161089
456794652
456778689
456280044
456232279
454053159
453201028
453025290
452926037
452835694
451894790
450331795
449942230
449632840
449592458
449465805
449405809
448327197
448272080
448107608
447287540
447010030
446955381
445085694
445040175
442251798
442018244
441923040
441892884
441645002
441259198
440805156
440792650
440404036
439353342
439165823
438622635
437374728
436723607
436369714
434260247
433021020
432572217
431312736
430988278
430969950
430862893
429653754
429567249
428470868
428228033
427639225
427156269
426994539
425956650
425795119
424894699
424665675
423709622
423543952
423103866
422967077
422502055
420357362
420325048
419963286
419296653
418809586
418694262
418305016
415778705
415639409
414323990
413706247
413609877
412867780
412860775
412568080
411585622
410002107
409973472
409774146
409353183
407352941
407189783
407172310
406940498
406292602
406265576
406050226
406048306
405676437
405237289
405231982
403862423
403424693
403067834
402974907
402521401
402144498
401074785
400991291
400816716
400551178
400360386
399380575
398995562
397355146
397281633
396650896
396165060
394314834
393952459
393646337
393577175
393354067
392887151
392789885
391950547
391392861
391378789
391128918
389858447
389353122
389127732
389111655
388576665
387286447
386871796
386740130
386397786
385047657
384989043
384145093
384012629
383777349
383131489
382962655
382829674
381283209
380662924
380117049
379625178
379440124
378940682
378349312
376964176
376565211
376421529
376287889
376118540
374166739
373922788
373854558
373186276
372851275
370344728
370318887
367983953
367841926
367660333
367204125
367088963
366684661
365956038
365393710
364547739
364368706
364043818
363629860
362401426
362358652
362314985
362079738
361835950
360470158
360324874
359730132
359220492
358941728
358525102
358478489
358345435
356726450
356256033
352949677
351445440
351304844
350935118
350799923
350572915
349294537
348500899
347979202
347729241
347412754
347186411
346631985
346157797
345693832
345171493
343141905
342829354
342277506
341023849
340934252
340291438
340266457
340167431
339297930
338834479
338272179
337827293
337634545
337181715
336582704
336075427
335822127
334791137
334477101
332885182
332481543
331395643
331335083
330998801
330357378
328120234
327657762
326338320
326317498
324730450
324680208
324414519
322896574
322874924
322431110
321044854
320623093
320594937
320118862
319535958
319483175
319430951
318967992
318894217
318771753
318689696
318000855
316989053
315625158
315191769
315126023
313069848
313027515
312471277
312429386
312080355
311466239
309677611
309551744
309136766
308290547
308192525
307506484
307354996
306608593
306186289
305924896
305810788
305385787
305016112
304061199
303504751
301986821
301340924
301223393
300866161
300806158
300536113
300458163
299929944
299751306
299508508
299065395
299036788
297170232
297103597
297013354
296209551
295201447
294773935
294222316
294006052
293557185
293441324
293077352
292690577
292215470
292094828
292038530
290682533
290633782
290186058
289691996
289410970
288750857
287716713
287253896
287057568
286876134
286683014
285752100
284569833
283680638
283432734
283114652
282683769
280793593
280761485
279169413
278459850
277707850
277247901
276346954
276303104
274891674
271235911
270900548
270472218
268844743
268240988
268194689
266644354
265651621
265388679
264925018
263618784
263439544
263284715
263066193
262766976
262720015
261984915
261875534
261223499
260892139
260652997
259995045
259041280
258752754
257433274
256881187
256457225
255770777
254980711
253875963
253445239
252784639
252627855
251480425
251338947
251326719
250192892
250029095
248742505
248668422
247581466
247523789
247497524
247054266
246448347
245940275
245440126
245232242
244214389
244111777
243932037
242984125
242813591
242235115
241851260
241445169
241172044
240970875
240766551
240731468
238675712
236823173
236487976
236238598
236129730
235067913
234388660
234296196
233818560
233631710
233575349
233323990
233035898
232334187
231348358
231294052
230924362
230632173
230435260
230201625
230113219
230000877
229454230
228763633
228506442
228486841
227874746
227691711
227676252
226871210
226784116
226600281
226316571
225990433
225278879
224982878
224177883
224045084
223624991
222393382
222379712
222224017
221099563
219977778
219774881
218518049
218510291
218150523
217604436
215936521
215917938
215756804
213954987
211047463
210992450
206887894
206245122
205691079
205525509
205391981
204927931
204791682
204257265
203192004
202744721
202705376
201930043
201910297
201656791
201601305
201185994
200315284
199454622
198556317
198253625
198158784
197767778
197087198
195864677
195432548
194347271
194140759
194045722
193217157
192986708
192552475
192051276
192002698
191144130
190164451
190107190
189593604
189370965
189360518
188296483
186529589
186507063
186451835
186260584
185881502
185412208
183755285
183303911
183214902
182303261
181909450
181722011
181277767
180998334
179380640
178785899
178765770
178743955
178726152
178007434
177445667
177026890
176951099
176681545
174900511
174532253
173041542
172846661
171949898
171301049
171226734
170998916
170124779
169502091
169492796
169355746
169343766
167960005
167945022
167925709
167355209
166827936
166345195
166132773
165816251
162169003
161640400
160455312
160119412
159442347
159160729
158455382
158203565
157987855
157809792
157281884
157055776
156818685
155451106
155212674
155034185
154492132
154274367
153044913
152937398
151855385
151557643
151051519
150846146
149123362
148842600
148465428
148028747
147644196
146777018
145408852
144730594
144160070
144090764
142644872
142618197
142472807
141574527
141524900
141195004
141083032
140909114
140300648
139901855
138756896
137912388
137344758
137149566
136957214
136690870
136690622
136309945
136095692
135385342
135099754
135095281
134950990
134751703
134360013
134241707
134155782
133708052
133629482
131434759
130048583
129950038
129936731
129294616
128812686
128664217
126432971
125028096
125007854
124413642
124375473
122978372
122751251
121842955
121665575
121542748
121152935
120605871
119727545
119289634
119057668
118838632
118672586
117807873
116163598
116137390
115126025
114687652
114651857
113863231
113490489
112745591
111822735
111073648
110723749
109265085
108898426
108428809
107892370
107423180
107359137
107203760
106675008
106169748
105241611
105053378
104211320
103023732
102307497
102276583
102068855
101979652
101854658
101851504
101271223
100116515
99164670
99000020
98939748
98624657
98292287
97986152
95832913
93914709
93127217
93075579
92878893
92226570
91386233
91241068
91218528
91117654
89783901
89028200
88264820
88154890
87842778
87634233
87502592
87477085
86890704
86880572
85004590
84723718
84679315
84535669
84172220
82187961
81654475
81379239
81286227
81045455
80397687
79363372
79125931
78536502
78293049
77879147
77643163
77232192
76540689
76086480
75569386
75384967
75127982
75108650
75052380
74932038
74680525
73600276
72551650
71912594
70152982
69404737
69275196
65515522
65344843
64808528
64633526
64467355
63720403
63578472
63372950
62911915
62684960
62364462
62146020
61857743
60647664
60451010
60178192
60070076
58657389
58649560
58143068
57433098
56244406
56024448
55566812
55017009
54785290
54773837
54617546
53797555
53299411
52052001
51551743
51421080
51209115
51041323
50983632
50861495
50120656
49303251
47674221
47427577
47343020
47246615
45661246
45579618
44326555
44226024
44122868
43011507
42640273
42111762
41837053
41652512
41486018
41081748
40262728
39010906
38661469
37285674
37072984
35716734
35659073
35248237
34541578
33745289
32125543
32000362
31767997
31760047
31696829
31295725
31198075
31043827
30629184
29961693
29704807
29423705
28479842
28126070
27983894
27847593
27646342
27598591
27597847
26783762
25369814
25305279
24736907
24573067
24462439
24407220
24116311
23112682
23054657
22834512
22441922
22364285
22080680
21474298
17898807
16731956
16313906
15915020
14871259
14308690
14017466
12223546
11921251
10600279
9262054
9156212
8953602
8082416
7070013
6621568
6447765
4494913
4186969
4155486
3995246
3481172
3062167
2785018
2497425
2398018
2370144
1973487
1972849
545223
