2147370945
2147300171
2146734501
2145536495
2145446777
2144953980
2144429984
2144308993
2144082744
2143789593
2143585063
2142053872
2141956292
2141548963
2141490093
2141026075
2140827638
2140736885
2139761258
2139656112
2139600280
2139282470
2138698066
2138395543
2138297101
2137840384
2137011230
2136344465
2136208383
2134509659
2134365254
2133804878
2133331273
2133217643
2132807624
2132550388
2132423699
2131505271
2131044216
2129883925
2129756223
2128924086
2128879959
2128734135
2128158099
2127207532
2126808810
2126472464
2126352389
2125855470
2124884495
2124855037
2123871370
2123801444
2122537979
2122087337
2121971625
2121770700
2120456584
2120045754
2119962292
2118677157
2117524947
2117461793
2117264151
2116256538
2116028332
2115848589
2115525839
2115395932
2115117131
2113910564
2112921326
2112664311
2112587833
2112352052
2112197804
2112145764
2112083180
2111142570
2110613758
2110381567
2109815592
2109449735
2109448502
2108569785
2107999326
2107768557
2107082943
2106785605
2105875139
2105860911
2105580002
2105405138
2105129919
2104766198
2104555571
2104396686
2104380061
2103772097
2103608550
2102515513
2102362958
2101945717
2101131957
2100667343
2099624764
2099569627
2099530408
2099193659
2099110082
2098427343
2098291031
2097967842
2097495351
2096295537
2096199864
2095904289
2095813388
2095601002
2094820862
2094088415
2093743977
2093626567
2093612159
2092852424
2092539887
2091985006
2091217583
2090618264
2090365882
2090291796
2089746559
2089546796
2089513703
2088982635
2088723369
2088281374
2088135474
2088105949
2087876230
2086334689
2086196775
2086114967
2084031062
2083370085
2083334831
2082839579
2082834412
2082326607
2082276607
2082124621
2082040894
2081675383
2080619470
2080534823
2080492749
2080335239
2080081137
2080070092
2080047465
2079326561
2077605948
2077399626
2077013844
2076832073
2076445115
2076244985
2075417895
2074814492
2074552497
2073948801
2073855814
2073193109
2072885778
2072325208
2072076543
2071117622
2071051383
2070082896
2069777385
2069659517
2069422610
2069324763
2068687280
2068621314
2068533096
2068143615
2067965546
2067605541
2067415357
2067278554
2066986436
2066945918
2066859086
2066714577
2066504865
2066406505
2066381535
2066287656
2066032547
2065956777
2065812587
2065227600
2064897084
2064383457
2063403238
2063129665
2063120111
2063020847
2062723021
2062100671
2061584088
2060747420
2060569532
2059405156
2058295308
2058067041
2057737681
2057602462
2057353801
2057201458
2056802875
2056522472
2056205114
2056203986
2056112729
2055681455
2054832225
2054442752
2054438205
2053862861
2052508815
2052412983
2051757654
2051756043
2051692756
2051624620
2049317814
2048542228
2048424314
2048405246
2048371136
2048295016
2048279288
2048138055
2047401710
2047278282
2046141575
2045871668
2045805226
2045696831
2044731233
2044456795
2043566213
2043308577
2042460179
2042365118
2041807466
2041724079
2041267808
2041210181
2040924341
2040851226
2039856332
2039790241
2038214472
2038121351
2037999119
2036782487
2036779568
2036588372
2035746339
2033967788
2033577124
2033434904
2032972803
2032913058
2032073897
2031635499
2031384564
2031337042
2030531652
2030064171
2028648250
2027997952
2027610776
2027244817
2026540677
2026199117
2022823271
2022662345
2022324681
2021664113
2021658682
2021260183
2020764837
2020415431
2020370727
2019440970
2019365344
2019011806
2018767632
2018757765
2018250904
2017487208
2016789981
2016272208
2016199150
2015043114
2013820172
2013566813
2012981479
2012927414
2012795497
2012745399
2010711316
2010039367
2009909613
2009853507
2009307921
2009203045
2008957111
2008156809
2006872105
2006611048
2005895132
2005493558
2005303086
2005125821
2004670272
2004021060
2003541766
2003513080
2003328600
2001408225
2000888693
2000030850
1999303224
1999195223
1999083314
1998889570
1998826577
1998633848
1997888936
1996884823
1996355470
1995671955
1995424513
1994769535
1994489533
1994467823
1994339168
1994201573
1994082564
1993527789
1992125860
1990879483
1990004103
1989313409
1988457123
1988327210
1988304998
1988236805
1987739026
1986883975
1986322001
1985500173
1985297007
1985166801
1985003238
1984474079
1984448856
1984202088
1983515847
1983490008
1983239796
1981533727
1981358312
1980927556
1980372851
1979812556
1979745538
1978823508
1978807730
1978687894
1978110590
1977879047
1977598766
1977486739
1977450567
1976190504
1975348617
1975283134
1974186258
1973302148
1972692462
1972468634
1972067703
1971744309
1971589240
1971391822
1971181886
1971114762
1969938472
1969650027
1968946171
1968160097
1967158306
1966057114
1964548135
1964207721
1964036051
1963319828
1962816909
1960960359
1960716773
1959686905
1959220799
1959074248
1959004892
1958887777
1957912207
1956792985
1956774393
1956679719
1956277827
1956007241
1955389196
1954951254
1954880030
1954166849
1954127258
1953766181
1953741114
1953687137
1953646450
1953614168
1953496709
1953374566
1952868478
1952316387
1952026745
1951901774
1951709171
1951601240
1951393594
1951211803
1948537292
1948106694
1947732383
1947229497
1947208525
1946797907
1946373322
1946317893
1946289890
1946289449
1946098648
1945849203
1945677350
1945652989
1945418435
1945215815
1944492708
1943903255
1943685837
1943544152
1942144321
1942134334
1941859416
1941683549
1941180318
1941120345
1940718901
1940448854
1940226006
1939987252
1939758537
1939369884
1939052587
1938759563
1938456796
1938357834
1938027310
1937687363
1936608848
1936579683
1936563332
1936313935
1935657565
1935236892
1934163157
1933402609
1933232268
1930037314
1929431628
1928831425
1928490722
1928073708
1927916813
1927488447
1926748478
1926435243
1926275996
1925891426
1925362198
1925065009
1924580568
1924340588
1923290025
1923108269
1922765050
1920890174
1919576257
1919465198
1919271071
1919045262
1918599993
1918309465
1918175144
1917754874
1917612896
1916753533
1915324336
1914771992
1914000321
1913729580
1913575722
1912374805
1911990283
1911633485
1911289663
1911243427
1911207425
1910776671
1910485641
1909424010
1909353520
1908921295
1908895586
1907929074
1907815475
1907771338
1906898756
1906896175
1906507930
1905523173
1905465918
1905353169
1905042861
1904813916
1903249126
1902794222
1902680888
1902086822
1901425343
1900377397
1899749646
1899457582
1899377413
1899337419
1899266438
1898616706
1898545145
1897991727
1897581005
1897543782
1897091004
1895253253
1894989699
1894551564
1894337733
1894141186
1894079226
1890368973
1890185626
1890054086
1889648728
1889073710
1888649896
1888293113
1887940581
1887285211
1886419668
1886190049
1885823216
1885051955
1884181979
1883335473
1883315776
1883199461
1883058819
1882888882
1881275447
1881183623
1880749308
1880147404
1880010329
1879688832
1879687581
1879371740
1878888184
1878375280
1878330356
1877860239
1877709535
1876234222
1875867877
1875103187
1874375522
1874106866
1874019242
1873351700
1871107076
1870515673
1870200884
1870186625
1869741707
1869404210
1869153260
1868966956
1868214155
1867028804
1866205738
1865921239
1865641195
1865293725
1864882957
1864570211
1863966246
1862806086
1862334796
1861710870
1860857081
1860551601
1860395757
1859748339
1859707468
1859016500
1857803773
1857158589
1856946378
1856911968
1856555982
1856196242
1856082320
1856021942
1855836535
1855588777
1855261082
1854991846
1854784929
1854176342
1854135498
1854034221
1853971016
1853720520
1852658028
1852493454
1852364243
1851997103
1850932372
1850847400
1850079846
1849784149
1849737197
1848021525
1847881351
1847398822
1847229842
1846821876
1846618794
1846462414
1846267743
1846175448
1844610364
1843860635
1843774089
1843192229
1842812330
1842140889
1842026611
1841952185
1841724713
1840266310
1840203729
1839581176
1839021935
1838830708
1837760739
1837432462
1837373031
1837346332
1837288058
1836990084
1836224938
1836153127
1835885243
1835577750
1834929771
1834906063
1834183272
1834074293
1834051163
1834014892
1833401209
1832926161
1832441460
1832371048
1831476191
1831195837
1831059448
1830826520
1830728076
1830550723
1829013208
1828544550
1827939585
1826985785
1826919240
1824779478
1824692029
1824406149
1824115120
1823968061
1823483789
1823208750
1822570084
1821986850
1821757654
1821718419
1821647103
1820903211
1820551583
1820517497
1820368876
1820206423
1820079333
1818605168
1818122629
1817222004
1816316384
1816255109
1816225784
1815757319
1815560516
1814106920
1813267531
1813173755
1812924201
1811468800
1811199901
1810999568
1810934495
1809681263
1809213569
1809047318
1809011618
1808918454
1808744664
1808531780
1808301893
1807638514
1807486650
1807367060
1807310515
1806739855
1806226748
1805942462
1805543962
1805474553
1804942082
1803060491
1802902879
1802777750
1802059526
1802015553
1801973466
1801764730
1801613500
1801273195
1801136947
1800878601
1800735752
1800137784
1800101372
1799689598
1799260437
1798676690
1798407635
1797538388
1797448134
1797117599
1795746266
1795561795
1795381242
1794557074
1794497887
1794286765
1794211820
1793987810
1793689509
1792865708
1792831637
1791911353
1791451089
1791392096
1791259367
1790899670
1790405429
1790111960
1788906879
1788476417
1788126714
1787943765
1787331509
1787287540
1787057503
1786396485
1786277993
1786222760
1786115599
1785924164
1785625078
1785105344
1785047563
1784516506
1783618115
1783025298
1783020769
1782984079
1782879722
1782841607
1781727401
1781664269
1781443151
1781349096
1781108657
1781048385
1780935698
1780894055
1780889418
1780827631
1780726350
1780643940
1780619609
1779778917
1779543204
1779022162
1778598840
1778416716
1778217698
1778052172
1777767459
1777465181
1776567835
1776420287
1774739952
1774625107
1774212109
1773421057
1773381911
1772784774
1772538370
1772224557
1772004321
1771572532
1771044553
1770559191
1770494674
1770348813
1769401019
1768903105
1768128145
1767800609
1766767901
1766751569
1766600332
1766453067
1766130977
1765399063
1765343850
1765202297
1764895692
1764628343
1762641658
1762003177
1761424406
1761366645
1761030099
1760810414
1760783791
1760621126
1759991022
1759912076
1759808784
1759713839
1759310808
1759224159
1758977280
1758548964
1757928674
1757606253
1757115264
1756936617
1756061983
1755693016
1753622059
1753522263
1753176990
1752777859
1752451846
1751863450
1751676296
1751014676
1750800291
1749701369
1749147908
1747575919
1747437494
1746972023
1746969187
1746810277
1746799569
1746778104
1746530611
1746126775
1744879946
1744645854
1744503779
1744461900
1743594784
1743176219
1742670946
1742463051
1742253040
1741837097
1741716687
1741569295
1741367757
1741106966
1740426861
1740222733
1740150014
1739561625
1739476336
1739444302
1739302446
1739144416
1738594570
1737629029
1736975221
1736856329
1736672868
1736530455
1736308355
1736068957
1735931206
1735684396
1735665714
1735433370
1734638853
1733806917
1733740207
1733623741
1733478124
1733465581
1733020566
1732200711
1732064057
1731590308
1731538569
1731429655
1730882622
1730428994
1730238794
1730200286
1730032493
1729951840
1729698637
1729335398
1728203500
1727668347
1727196546
1726983776
1726962666
1724792593
1723045354
1722253523
1721995764
1721811134
1721038476
1719798562
1719559082
1719250895
1719180007
1718119314
1717626960
1715483139
1714886658
1714641737
1714402446
1713926088
1712459834
1712323837
1711959873
1711658706
1711248077
1711049631
1710132519
1709064050
1708279373
1707687473
1707632996
1706838335
1706222785
1706045403
1705716967
1705494788
1705000852
1704823194
1704658188
1704508519
1704032899
1703753147
1702832477
1702792498
1702044434
1702022115
1700524791
1699990092
1698751245
1698134475
1698078780
1698041537
1696923067
1696769825
1696638316
1696558542
1696479360
1695735943
1695509214
1695120509
1694726859
1694008519
1693411032
1693069205
1692721765
1692436335
1692130296
1691865635
1691716603
1691206443
1690622913
1690336450
1690145472
1689813063
1688362140
1687804267
1687216174
1687161334
1686989685
1686625383
1686439081
1686387954
1686174553
1686059847
1685974235
1685695143
1684991934
1684677249
1684366087
1684359682
1684018980
1684018482
1683008653
1682611256
1682307031
1681740562
1681659273
1681572734
1681312038
1681205604
1680069539
1680055609
1679691134
1679573125
1679345174
1679246440
1677124104
1676892937
1676842414
1676257463
1676220022
1676050971
1675757610
1675600166
1675117083
1674997117
1674223228
1673906835
1672420408
1672217842
1671954891
1671468892
1670049693
1670009115
1669961550
1669911060
1669579292
1668988967
1668830997
1668795208
1668190865
1667341561
1666638508
1664827177
1664764951
1664642093
1664569508
1664462606
1664277630
1663596375
1662482707
1662173430
1662074050
1661145621
1661025142
1660962224
1660360634
1660327873
1659467273
1658736776
1658720434
1658324486
1657469103
1657312614
1657063034
1656814963
1656730865
1655846838
1655673722
1654858085
1654345236
1654308071
1654274224
1654117629
1653675114
1653086662
1653079770
1652618091
1652574438
1652565031
1652083862
1651830314
1651707613
1651474801
1651075167
1651060068
1650913109
1650573735
1650038108
1649913111
1649814789
1649511545
1649463698
1649437675
1648532764
1648039892
1647205159
1647045786
1646958857
1646857093
1646821559
1646170418
1645968602
1645801932
1645594066
1645328903
1644787943
1644206283
1644009507
1643826941
1643694332
1643388490
1643383314
1642758893
1642727915
1641868190
1641528913
1641310717
1640870495
1639124932
1639082000
1638915147
1638749254
1638650276
1638562028
1637815701
1637682721
1637443728
1637046552
1635284538
1635120693
1635049101
1634983571
1634657931
1634182277
1633688349
1633629598
1633394143
1633150267
1632796823
1632741035
1632736626
1631796513
1631211497
1630772298
1630639272
1630290852
1629966019
1629934434
1629838121
1629818630
1629423558
1629160182
1628597663
1628119476
1627944053
1627425532
1627173801
1627110435
1626587076
1626586932
1626500043
1626289496
1625356268
1624715175
1624298992
1623880479
1623443113
1623278097
1621128831
1620850617
1620802014
1620703107
1620439613
1620393651
1619665110
1619282874
1618985033
1618350544
1617893680
1617544869
1617177838
1615817894
1614614400
1614535828
1614111142
1613760032
1613484089
1613184678
1612375052
1612250926
1612212959
1612031420
1611773640
1611711547
1611167080
1611067412
1611006198
1610000366
1609883612
1609579814
1609505962
1609255175
1607946878
1606755624
1604450733
1604026505
1602535069
1601657977
1601407964
1601095436
1600263725
1600209166
1600194921
1600017191
1599945013
1599828955
1599538030
1598922883
1598831175
1598607806
1597366037
1597301130
1596894271
1596594508
1596242113
1596105516
1595528909
1595484079
1595428996
1595323059
1595194761
1594812886
1594697953
1594511232
1594462580
1594192456
1593480802
1593393929
1592753086
1592451822
1592428656
1591997635
1590877232
1590753017
1590395584
1590299924
1590280356
1590240018
1590062692
1589715505
1589691635
1589224449
1589062878
1588942478
1588837105
1588613272
1586820512
1586272566
1585799824
1585462480
1584784063
1584772357
1584649337
1584407667
1584150216
1584058056
1582700193
1582585054
1581870156
1581853961
1581725342
1580793963
1580601093
1580342258
1579509295
1579462910
1579457766
1579306293
1578823561
1578073306
1577755619
1577699392
1577151824
1576750161
1576256017
1575214938
1575189396
1575154480
1574994251
1574897100
1574708345
1574701906
1574580890
1574112184
1573079545
1573011591
1572834473
1572761332
1572239449
1571676136
1571283971
1571195015
1570341938
1569753699
1569275016
1568761856
1568624852
1568015682
1567553310
1567470608
1567238716
1566020806
1565980709
1565951460
1565911450
1565643828
1565636112
1565496117
1564530473
1564397476
1564308893
1564038470
1563392196
1563344663
1562554214
1562183576
1561556443
1561385806
1561362419
1560115845
1559508849
1559470294
1558954806
1558945733
1558761199
1558411435
1557985768
1557718179
1557708558
1556323918
1555774592
1555282943
1555273909
1554834333
1554699673
1554433792
1554431245
1554313117
1554205201
1553756661
1553339460
1553294217
1553271402
1552493039
1551998473
1551454427
1551396240
1551102990
1550476399
1550153894
1549958071
1549802947
1549607785
1549534590
1549320530
1548827310
1547850762
1547778901
1547698539
1546907787
1546498514
1546344412
1546232940
1546113910
1545813570
1544357466
1543355045
1543162207
1542176276
1541732051
1541600722
1541311007
1541187239
1541112760
1540824501
1539789312
1539453370
1538910206
1538149015
1538131521
1538037273
1536632877
1535974834
1535386598
1535176335
1535104711
1533328834
1533168501
1532340671
1532011701
1531747442
1531736417
1531347627
1531183776
1530870757
1530786288
1530648539
1529931461
1529530325
1529491609
1529473869
1528923194
1527323946
1526820508
1526632939
1526206732
1525503339
1525267632
1522743202
1522139152
1522112446
1521578197
1521320257
1520692091
1520594431
1519964249
1519362877
1519270214
1518943660
1518708303
1518485951
1518417613
1517984938
1517287397
1516782217
1516771902
1515999377
1515939111
1514877762
1514875319
1513650929
1512864587
1512857370
1512829508
1512583780
1511896170
1510976839
1510543637
1509475728
1508943664
1507989192
1507605809
1507065139
1506837634
1506175588
1506103765
1505579461
1505457727
1505453668
1505409679
1505331990
1504573595
1504084182
1503416246
1503025674
1502722867
1502523747
1501651798
1501065958
1500750754
1500581099
1499979391
1499730020
1499498783
1498675049
1498170079
1497589274
1497423098
1497407092
1497204302
1496469172
1496363174
1495203716
1494875913
1494412143
1494063958
1493564802
1493053682
1492392882
1492172461
1491067844
1490596020
1490418404
1490073795
1489705675
1489379863
1489350470
1489266957
1489007104
1488873232
1487296034
1487150670
1486525729
1486213003
1486052001
1484519946
1484359084
1484246860
1484159988
1484004153
1483872991
1483536760
1483284417
1481993082
1481195515
1480801255
1480449863
1480134249
1479987785
1478862439
1478242500
1477643662
1477252789
1477196150
1477051858
1475882938
1475434050
1474851917
1474696388
1473816908
1472964579
1471467794
1471407511
1471092276
1470968858
1470187934
1468245301
1467918823
1467584382
1467426740
1467280690
1467038322
1465868994
1465748928
1465625652
1465340921
1463967043
1463887114
1463850534
1463651372
1463631865
1463301862
1463295987
1462977519
1462012620
1461701377
1461587436
1461137579
1461100887
1461098945
1461008360
1460881530
1460807579
1460244867
1460111944
1459376854
1459210198
1459042967
1457966372
1457676190
1457349946
1457020523
1456984252
1456274230
1456162969
1456101964
1456083402
1455274773
1455196717
1454973916
1454889190
1453405139
1452949533
1452639708
1452585716
1451704382
1451189835
1450864808
1450011388
1449233507
1448492651
1448181121
1447954299
1447888513
1447778614
1447104783
1447068975
1446622762
1445873483
1445815660
1445334408
1445211315
1444882395
1443937988
1443920654
1443363081
1443242419
1442472455
1442392498
1442247824
1441299583
1441264975
1441098580
1440806668
1440239706
1439854371
1439814439
1439398004
1439378293
1439027572
1438539341
1438496471
1438453689
1437338149
1436979687
1435807364
1435663336
1434706667
1434434100
1434415248
1433404184
1433098516
1432859522
1432359962
1430932420
1429694043
1429063466
1428665123
1428591921
1428215434
1427416241
1426566349
1426130013
1425595855
1424457083
1424373412
1423491260
1423123691
1422942225
1422847267
1422724906
1422577965
1422289414
1422146551
1422033077
1421886052
1421837787
1420435663
1420378066
1420036940
1419694754
1417926491
1417377408
1417336629
1416961287
1416634189
1415996114
1415950475
1415609232
1415396050
1415087488
1414744593
1414692352
1412246964
1411974830
1411346477
1411037989
1410359301
1410289676
1410212152
1409048109
1408951932
1408613872
1408210629
1407587746
1406809169
1406773665
1405471384
1404406151
1403303938
1402354368
1402250747
1402245174
1402232885
1401958000
1401336634
1400890467
1400841268
1400657639
1400405495
1400129335
1400048748
1399638694
1399588528
1399364791
1399150759
1398958484
1398941024
1398529364
1398266234
1396990870
1396938266
1396585500
1396473306
1396222292
1395151150
1394731207
1393588671
1392585999
1390992201
1389654279
1389574481
1389314318
1388433087
1388130571
1388120221
1388093163
1387554094
1385994517
1385541052
1383373948
1382794563
1382436511
1382361232
1381794499
1381666195
1381233226
1381063847
1381063782
1379672966
1379000173
1378863077
1378814455
1378496687
1378485505
1378475183
1378224986
1378163024
1378097126
1377713207
1377122694
1377072102
1376754125
1376496553
1376178790
1375819685
1375517894
1375410336
1374726769
1374629896
1373677681
1373547453
1373226888
1372669341
1372650088
1372618435
1372431635
1372283696
1372212590
1371987644
1371537646
1371488841
1371219438
1370800413
1370761097
1370501150
1369729265
1369045857
1368138335
1367975809
1367915909
1367889256
1367567196
1366888215
1365903080
1365736225
1363923789
1363485819
1362707799
1362171948
1362139258
1361546618
1361476389
1361248887
1361246800
1360969621
1359227507
1359168240
1358750772
1358258814
1358022654
1357690897
1357501757
1357394722
1356181166
1355869394
1354992142
1354962152
1354455989
1354331693
1354285501
1354110890
1353892855
1353477855
1353431355
1353377299
1352890000
1352456077
1352400464
1351910947
1351854954
1351749540
1351483376
1351099729
1350807419
1350672492
1350332211
1350295861
1349527585
1349142935
1348251530
1348114103
1347857448
1347428117
1347099260
1347030166
1346966548
1346418385
1346220716
1345971172
1345311415
1345122465
1344574428
1344180734
1343949780
1343059628
1343006823
1341293376
1340752016
1340667262
1340163632
1340133013
1339376324
1339262504
1338730246
1338174394
1338012766
1337770676
1336245115
1336039865
1335410187
1335383478
1335153336
1334814646
1334791811
1334390489
1334296897
1334108012
1333862195
1333202440
1332960180
1332791128
1332762307
1332751044
1332095988
1331924322
1331282370
1331103752
1329727318
1328784157
1328564605
1328494473
1328120933
1328025805
1327512339
1327469862
1326917006
1326806397
1326231370
1326081187
1325928268
1324538922
1324500806
1323479953
1322160106
1322033062
1322029659
1321693641
1321691732
1321044836
1319782930
1317826136
1317784145
1317714325
1317342251
1316927026
1316316559
1316169820
1315641487
1315305968
1313812685
1313547752
1313158621
1312815928
1312605365
1312310996
1312123607
1311245530
1311194993
1310192254
1310166532
1309612023
1309293696
1307884763
1307246604
1306753808
1306236310
1306206780
1306143471
1305679376
1305654258
1305199402
1304960683
1304761980
1304727027
1304565677
1303928536
1303865955
1303393455
1303310720
1303125058
1302302767
1301637136
1301506594
1300268213
1300188607
1298059254
1297987622
1297438671
1296357156
1296151739
1295539961
1295164556
1294843580
1294741754
1294570056
1293672117
1293612659
1293573848
1293472479
1293081631
1291608458
1291597750
1291273319
1290807637
1290560863
1289289716
1288142292
1287782560
1287746937
1286921248
1286456588
1286384938
1286159946
1286050358
1286021440
1285324033
1284974307
1284512580
1284325675
1283241455
1282046885
1282002447
1281656005
1281371881
1281219446
1280590619
1280192206
1280116525
1280100814
1279969767
1279716666
1279487319
1278860160
1278671858
1278525041
1278207271
1278128066
1277489100
1277413438
1277023530
1275529779
1274789411
1274590062
1274229990
1273200930
1272609113
1272324861
1270951342
1270836709
1270816968
1270243602
1270003174
1269952124
1269776436
1268857145
1268506861
1267211309
1267103981
1266645159
1264942709
1264795030
1264542802
1263952885
1263733406
1263180501
1263161917
1262916720
1261250165
1260162138
1260098364
1260039183
1259849855
1259508736
1259504145
1259368280
1258680601
1257304039
1256706875
1256292238
1255846587
1255740941
1255401963
1255332385
1255070568
1254968238
1254302068
1253950244
1253444855
1252966506
1251884551
1251515442
1251432102
1251337322
1250642557
1250566765
1249424080
1249337269
1249099492
1248896953
1248745701
1248364534
1247670191
1247433854
1247268575
1247115620
1246442051
1246387710
1245887173
1245501980
1244316361
1243777230
1243691709
1243501512
1243021042
1242810248
1242786586
1242764978
1242757466
1242725124
1242542071
1242081550
1242053436
1241286017
1241072609
1240925666
1239867374
1239813099
1239766527
1239518069
1239421544
1239079469
1238865190
1238768313
1238711507
1237534971
1237264536
1237012482
1236893130
1235014311
1234946766
1234748888
1234626407
1234556463
1234022347
1233951582
1233086548
1233051422
1232833038
1231527646
1229995348
1228922660
1228286490
1227960527
1227095581
1226976065
1226583444
1226132314
1225697469
1225382775
1224384730
1224382490
1224036536
1223476868
1223042976
1222815067
1222406417
1222196983
1221842169
1221370169
1221298183
1221263824
1221244208
1220846848
1220726425
1219728220
1219072312
1218878266
1218429626
1217807057
1217779118
1217671283
1216408407
1216151871
1214963803
1213951798
1213891879
1213289984
1213217434
1213097512
1212961875
1212606174
1211855766
1210766818
1210669389
1210669250
1210536213
1210173297
1209650091
1209580669
1208918936
1208676614
1208592433
1208397946
1208092243
1207551953
1207458305
1207423605
1207255975
1206794052
1205977012
1204791778
1203947216
1203904965
1203861616
1203352504
1203323800
1203303367
1203122218
1202815056
1202214739
1201063936
1200551295
1198604829
1198589089
1197890426
1197810377
1197311504
1196965196
1196856966
1196568695
1196269480
1196262600
1196008339
1195639377
1195296246
1192929292
1192556820
1192476453
1192353248
1192202743
1191777974
1191441608
1191431467
1191293499
1191019618
1189237339
1188195340
1187919802
1187571116
1186366429
1185996486
1184836071
1184393260
1184232307
1183868990
1183223187
1183197176
1182561958
1182119443
1182111166
1182002774
1181919404
1181881817
1181577678
1181245663
1180870487
1180594309
1180413100
1180356258
1179691749
1178273344
1177884893
1177297818
1177109913
1176965034
1176801492
1176469754
1176346477
1176153421
1174843272
1174106487
1173429278
1173356386
1173187400
1173160584
1170380476
1170328174
1170186491
1168714107
1168494027
1167661514
1167140971
1167095483
1165713580
1165353466
1164997779
1164568437
1164418509
1163683191
1163078901
1163013190
1162956087
1162629620
1161970715
1161835531
1161609539
1161121984
1159836237
1159158498
1158407868
1158331490
1158200593
1157759231
1157742072
1157144129
1157089793
1154994013
1154409406
1153854104
1153591906
1153153016
1152993710
1152113941
1152093548
1151062812
1150237419
1150078420
1149331360
1149247181
1149092019
1148216707
1148076016
1147872853
1147615107
1147499046
1147185726
1147185383
1146113142
1146110914
1144770746
1144564706
1144411648
1144257381
1142520653
1142059402
1141612540
1141531963
1141059027
1140646579
1140569319
1140249460
1139557338
1139438719
1139361525
1139165364
1139124543
1139043807
1138716842
1137881093
1137120902
1136848807
1136257491
1135666193
1135560757
1135080621
1134903596
1134769892
1134163705
1133990301
1133945320
1133882377
1133856937
1133847443
1133267071
1133158875
1132962558
1132731246
1132610014
1132414271
1132003732
1131518123
1130570287
1130432877
1130389496
1130248397
1129877973
1129783039
1129769946
1129049723
1129007120
1128451043
1127009093
1126819950
1126746959
1126298749
1126072594
1125821531
1125660552
1125575978
1125492346
1124793423
1124641818
1124566011
1124386353
1124356677
1122908992
1122608868
1122240569
1121363462
1120959482
1119987893
1119229293
1119112673
1118375459
1118270879
1118057128
1117507745
1115875030
1115802082
1115444013
1114833409
1113815712
1111918859
1111845662
1111600695
1111529479
1111362930
1111277873
1110865482
1110828936
1110411435
1109327502
1109319209
1108955887
1108955484
1108888423
1108162203
1108101145
1107768496
1107637326
1106892423
1105345791
1105006636
1103985697
1103093429
1101795481
1101606550
1101560208
1100938176
1100759824
1098975009
1098742627
1097904693
1097672276
1097498820
1097457906
1097399519
1096704233
1096188582
1096015502
1095495793
1095386378
1093349204
1093232990
1092957054
1090838887
1090170302
1090098926
1089980528
1089827246
1088976183
1088129996
1088112757
1087863942
1087275423
1087227265
1086985403
1086496966
1086123142
1085827682
1085789164
1085724923
1085674158
1085385602
1085299419
1085230520
1084741955
1084608290
1084588172
1083655529
1082779571
1082630495
1082394973
1081441498
1079954342
1079935645
1079607334
1078989078
1078632085
1078433197
1078138249
1078027174
1077745790
1077487722
1077071071
1076848730
1076721051
1076684398
1076148026
1075763161
1075541040
1075372642
1075142257
1074113101
1073766379
1073509720
1073445624
1071996606
1071919738
1071753825
1071470208
1071224928
1071212828
1069269571
1069045734
1068107680
1068048806
1068047390
1067887538
1067429631
1066702149
1066275482
1066200125
1066037021
1065889629
1063828294
1063772808
1063572155
1063052486
1062993860
1062988441
1061864365
1061859244
1060504867
1060486784
1060383270
1060377012
1058646258
1058400358
1057938671
1057504603
1057188328
1056411546
1056092239
1056028647
1055160682
1054857233
1054492432
1054212686
1053887145
1053693785
1053052957
1052670791
1052482147
1052109800
1051880334
1051587672
1050965272
1050855440
1050824306
1050754811
1050462009
1050332012
1049707649
1048167694
1047985389
1047617108
1046840756
1046652569
1045130734
1045112635
1043970703
1043871348
1043264019
1043190106
1043007584
1042157244
1042009727
1041387544
1041089874
1040495809
1040271773
1039769033
1039612894
1039048239
1038577660
1037940414
1037242492
1036863394
1036554978
1036185471
1036128716
1035715787
1033343559
1032558720
1032339845
1031277498
1030940832
1030574441
1029323913
1029200326
1029144373
1028336016
1028086529
1027806300
1027796533
1026637892
1025630008
1025496642
1025056767
1025037975
1024855224
1024847377
1023906650
1023743754
1023458979
1022756198
1022351949
1022075969
1021782688
1021701406
1021160484
1019428758
1018824581
1018238096
1018111112
1017299371
1017238758
1017205271
1016720355
1016504619
1016443301
1015988717
1015821253
1015511542
1015497633
1015344000
1014951948
1014932186
1014432747
1014288330
1014098414
1014051539
1014041398
1014012371
1012822179
1011912172
1011385353
1010978828
1010929223
1010926513
1010146848
1010120828
1009911367
1009818394
1008371315
1007942560
1007770962
1007055962
1007000709
1006881002
1006270985
1005770293
1004842796
1004775233
1004297429
1004229557
1004226408
1002869769
1002784708
1002092748
1001689071
1001297051
1000221759
999914438
999727713
999713556
998921774
998595491
998380246
997100854
996812687
995478457
994222404
993916885
993572714
992981580
992899104
992890588
992578345
991684113
991588019
991520994
991284497
991196924
990804947
990610096
990534935
989843506
989639004
989332774
989209893
988181953
988174635
988117550
988071537
987776442
987566595
987385713
987346427
987044376
986859612
986602714
985956897
985885408
985593226
985330454
984298752
983890039
983623606
983180731
982934722
981804616
980256195
980033165
979868019
978958412
978922604
978861956
978587477
978567654
978501343
978384999
977668548
977177666
976973734
976931197
976384268
975888465
975842571
975800675
975510714
975355213
975316205
974933354
974864457
974855678
974704103
974009138
973861785
973801800
973450542
972932507
972705176
972593189
972496871
972299110
972064895
971459988
969847528
969845409
969280602
968944245
968555269
967869664
967626882
967545412
966857913
966687591
966376539
965883230
965524945
964480184
964412131
964127348
963707252
963451613
963444008
962020616
961635169
961400722
961387224
961351377
961184124
960720689
960675078
960363868
960143669
959329174
959187950
958908444
958845001
958840229
958767087
958753983
958745499
958572582
958533519
957903320
957050432
956524128
956372556
955629174
955594120
955450301
955413557
955394070
955257425
955159160
954768891
954597741
953976816
953062067
952963503
952942713
952572629
952236861
951768150
951755803
950032838
948558789
948439146
948195422
947866351
947554172
947511352
947184302
947158775
947152652
947151544
947027002
946358916
946349740
943947921
943754323
942596825
942502584
941968631
941699514
940978606
940681766
940521398
940383410
939968047
939517584
939326202
939137152
937424747
936781103
936304822
936285812
936256880
935222571
934427881
934169287
933413739
932764335
931891017
931790080
930410236
930359567
930154537
929683079
928772161
927307939
926992258
926729360
926460735
926251120
925819781
925714368
925514294
924259694
924218665
924075979
923834466
923382618
923013968
920687413
920652208
919605106
919587041
919303157
917437087
917182725
916888379
916106645
916102705
915757241
915409069
914729362
913166435
912134607
910441244
910130493
909458469
908423813
908317235
908130466
908110334
907193961
907171742
905471496
905236919
905158904
905067929
904873297
904538222
904387856
902460395
901876978
901279195
900987451
900975152
900564352
900407686
899481060
898696001
898336379
897336299
896996351
896432477
896432393
895233244
895172749
895167538
895064450
894799129
894683237
893605424
893556612
893192969
892852344
892739903
892119820
891989617
891964593
891842898
891704011
890323228
890019250
889168009
889005559
887803342
886750303
886439407
885986057
885425699
885332646
885100815
884679943
883761610
883456751
882760060
882045395
880364561
880356570
880315413
880267044
879466735
879379520
879268112
879075653
878921490
878578626
877309741
877208476
876863404
876723730
876347887
876316301
875899916
875256040
874591569
874100487
873332527
873061649
872929864
872775494
871471581
871119116
870631555
870626738
870467825
870190829
869117312
868775766
868212135
867206281
867179873
866873504
866445115
865812272
865192655
865173930
865117843
863715199
863657371
863330042
863179336
863041297
862118166
862040511
861590529
861543310
861198260
860712788
860008331
859451939
859392565
858240264
857031485
856920382
856809564
856270302
855502463
854105436
853432713
853139646
852897511
852798181
852764535
851593987
851076407
851034687
850582847
850515297
850225153
850013861
849985642
849372826
848960422
846733010
845884639
845298811
845053081
844901832
844863239
844450014
844432128
844328129
843949944
843605365
843478003
843461664
843201509
842842022
840693361
840619530
840431533
839829181
839169850
838340936
838122811
838122332
837977106
837197345
836789072
836769496
836575110
836353107
835777160
834957204
834875501
834550541
834054367
833769749
832899139
832761160
832538015
832033231
831486011
831176609
830986484
830517998
829123325
828670435
828102231
828052584
827474132
826713169
826603916
826259951
825738608
825306086
824928276
824406431
822893889
822576753
822526230
821945061
821504464
821189307
820598040
820579469
820433642
820347861
820125560
820069093
819518484
818903903
817651964
817193359
817028358
816192184
815742026
815551518
815379788
814854811
814824856
814619439
813708840
812840545
812220219
811087969
811017323
809779110
809688305
809438938
808624177
808492631
808064040
807841154
807495316
807283650
807258228
806532172
806468080
806006391
805643328
805192366
804714545
804362070
804212196
803926276
803326808
802227779
800672858
800411633
800373367
800351996
799512990
798819021
798782415
796812006
796205289
795947786
795902090
795888549
792578867
792478794
792387606
792198916
792030894
791856358
790696771
790154193
790118222
789465495
789313005
789065629
788068911
787818494
787615712
785564263
785348793
784573774
784298211
784102030
783983262
783576821
783381774
782801336
780567426
780322375
779570631
779493572
777705971
777105692
776712290
776294676
776141827
775552340
775256757
774704700
774523270
774188717
773505157
773347071
773047930
772236126
772060205
771610100
770523555
770006850
769788615
769737624
769729879
769678826
769603238
769382606
768433641
768120228
767743752
766968100
766644984
765652265
765592390
765455846
765332469
765323466
763411486
762794659
762750845
760917734
760560486
759754948
758972607
758924876
758916558
758713574
758042139
757877698
755473900
754364458
754105488
753907831
753876270
753081565
752843726
752733413
752166178
750891532
750853138
750703925
750685436
750379000
750364847
750118557
749118854
749016674
748788036
748748986
748566621
748468683
748391931
747944497
747419624
746257356
746035129
745981976
745105353
744772639
744421888
743833170
743382476
743087401
742599106
741692124
741668842
741601628
741459668
740686217
740616802
739999311
739968202
739871464
739656546
739582378
739400120
737712245
736431126
735859887
735827289
735218518
734874282
734354050
734170793
733875115
733587191
733194489
733144257
732473104
732397514
731894119
731450417
731348551
730742407
729862444
728975639
728201405
727849943
727841259
726383989
725354181
724795199
724530993
724404489
723478106
723453303
723043121
722605416
722107055
721830083
721731622
721647158
721579146
720705242
720184853
719500850
719224521
719196883
719100516
718758692
718085622
717984170
717619285
716104201
715639026
715378060
715050576
715028266
714985450
714599003
714319842
714228619
714145900
713725676
712981607
711489315
711227928
711092420
710676449
710011332
709957180
709799564
709306190
708963453
708819658
708702463
708455232
707917756
706735073
705771133
705627548
705043102
704968965
704496864
704067532
703945514
703040421
702614392
702157068
701079638
700730380
699557867
699355626
698810485
698277626
698021947
697220088
696463458
696123426
696036127
695786550
695551314
695447843
694498643
694167390
693883291
693863085
693597342
693504130
692610481
692596195
692259458
692243776
691901800
691820797
691603004
691587727
691359921
689309179
689052824
689023405
688654133
688183614
686941232
686537496
686184453
684607120
683877496
683511509
682395534
681829350
681210154
680841856
680044552
679827046
679743279
678381393
678029864
677643114
677015145
676963135
676925096
676749731
676365331
675822542
675594144
675592466
675555459
675137459
674182841
673836657
673830325
673634058
673301502
672449337
672350845
671824338
671032613
670551750
670541892
670272459
669831182
669587965
669302263
668863928
668782058
667748567
666502101
665507150
665425581
664442626
664162601
663647027
663630082
663405230
662878585
662522299
662286724
661994888
661469879
661411927
659715318
659530467
658070767
656723760
655976666
655477383
654963553
654467409
654423189
654329861
653704913
653135025
652745662
651905008
651019735
650290190
650056590
649916919
648824559
648718980
648682619
647788745
646903737
646446255
644993186
644717862
644052088
642933271
642654362
642519604
642338865
641834014
640944043
640535303
640017946
639285396
638861903
638789703
638752908
638385993
638317851
638291962
638088219
637836060
636893709
636848618
636845634
636429077
636332677
636140344
635427002
634944371
634403273
634307208
634125507
633737110
632908881
632554215
632359792
631964913
631951827
631809182
630927005
630621616
630392332
629712861
629459920
628991814
628951325
628008818
627866511
627687138
627634586
627470053
625937194
625778952
625763930
625271228
623535960
622882764
621888992
621148117
621126570
621085596
620918102
620040544
619427105
619313807
619234205
618677298
618644921
617291425
617151465
617005540
616835642
616337641
616198567
616037769
615720601
614891016
613422984
612290922
611982384
611006788
610372982
610095285
609680812
609501574
609223166
609038031
608485856
608181037
607988482
607932754
607727561
607255567
606810770
606404211
606316389
606016144
605444851
603325299
602980923
602822070
602544096
601464068
601040039
600810421
600496667
599176694
598937192
598425972
598401275
598248193
597797579
595223271
594696177
594661920
593263526
592628654
592180634
592141370
592141157
591064110
590235611
590116580
590014395
589713554
589256333
589143649
588618484
588269009
588023852
586555684
586539569
586122443
585743089
585368159
585352614
585325647
584132940
583921620
583432449
582741940
581027040
581010131
580016260
579545442
578824053
577953286
577471135
576386251
575876655
575414220
574854507
574843988
574820390
574228521
573942815
573905258
573106640
572801159
571584506
571180306
570310071
570245934
569844635
569434631
569345502
569250024
569034171
568283775
567914556
567813225
566402678
566091801
565677238
565091049
564933285
564689061
564485687
563572800
562826096
562608735
562345274
562318196
561985515
561355192
561244965
560870158
560235222
560173317
560143568
560054633
559592268
559241331
558865862
558177399
557714306
556896946
556304378
555994894
555869630
555833245
555521304
555329124
554395548
553678618
552922447
552774827
552218538
551884657
551585456
551145207
551022045
550658264
550204239
550032249
549788006
549633198
549480169
548822519
548420702
548236353
548131776
546733510
546292550
546184410
546139656
545858286
545476048
545467411
545389037
544086581
543965366
543901288
543222195
543035843
541636849
540763262
540320373
540013957
539975896
538861764
538703980
538568697
537346408
537232685
536829630
536569754
536133510
536065606
535413466
535003126
534822870
534716075
534169849
533752212
533654570
533584183
533451089
533446257
532729429
532685696
532487314
532017968
531932946
531627553
531124997
529822597
529371508
528966780
528696473
528390622
528258355
528079081
527875904
527747771
527099294
526521566
525345058
524859332
524492046
524229802
524077237
523658774
523545357
523373164
522794226
521952405
521911283
521726549
521204669
520067485
518880347
518722057
518701373
518291526
517009632
516201584
516130025
515839564
514299461
514105513
514071403
513107622
513105514
512623070
512502374
512326589
511789353
511437171
511339936
510933017
510436810
510422823
510421006
508827756
508674782
508018989
507803790
507725702
507574984
507296122
507197520
507102607
506847558
506808089
505992776
505698478
505497968
505425312
505206551
503757925
503465972
503255191
503181129
502336395
501591904
500540794
500249337
499737773
499066886
498621002
497873557
497356518
496915911
496690107
496107070
495551972
495130459
494627673
494604125
493748120
492961622
492456050
492116510
492096360
490321053
490210002
490180539
489197344
488650017
487345876
487257474
486869819
485999657
485920427
485910658
485735271
485729220
485708889
485615743
485297497
485084495
484799645
482577971
482528439
482469778
482165954
480785330
480021666
478323565
477912957
477601113
477133864
476810215
476654004
476409088
476182130
475910480
475771545
475034529
473170519
472840800
471690410
471460977
471353636
470717475
470565553
469923406
469865857
468891833
468293006
468276187
468124811
467261968
466664014
466215185
465134980
465033299
464968865
464525458
463299193
463260753
460836085
460691258
459505093
458400213
458375646
456370755
455626500
455551859
455507482
455479338
455267146
454233730
453630416
452148392
452125439
452097802
452084488
451882028
451563948
451443748
450796756
449955963
449915258
449706462
449664840
449536274
448789609
448772735
448599552
448335131
447610078
447318664
445486920
444758327
444278815
444260409
443560891
443321148
443151934
443109136
442141704
441409563
441349897
440695965
440342775
440127739
439202574
438782872
438338084
436527958
436399079
436112928
435853832
435840415
434702263
434646985
434180603
433343080
433315277
432918583
432256713
431498764
431357400
431149178
429475932
429406645
428891659
428835495
428375956
428295584
427732994
427388004
427287873
427222924
426998208
426224897
426208389
426119614
425735710
425614597
425380959
424364769
424186805
424141029
423844935
423218823
422334885
421486740
421426846
421352054
420933428
420923764
419607170
419395523
418968089
417874083
417721742
417435281
417427620
417112982
416928346
416446075
416384945
416262161
415830146
415793480
413877194
413868452
413535085
413371508
413364335
412634343
412568845
412129265
412092779
411206252
410990622
409007580
409006837
408255969
407150814
406673592
406615860
406365947
406292470
406070685
405674132
403884396
401751137
401627909
400069112
399455509
399409890
398887300
398683556
398664078
398663337
398553877
397757623
397677771
397139157
397092999
396973539
395741519
395274239
394269038
394167454
394126939
393951106
393288597
392865104
391512573
391411975
391004123
390811232
390673137
390172398
389621722
389439645
388585719
388076270
387338825
386891584
386857273
386144273
386005793
385841674
385657697
384100963
383068950
382469830
381677919
381634553
381180164
380402733
380286827
379384151
378333452
376642933
376044778
375742264
375672156
375514070
375149559
374954602
374766836
373836692
373712160
373538220
372564656
371264330
371080334
370113319
369900399
369170626
368654676
365138511
363797734
363539295
362849772
362647559
362255413
361587999
361518743
361504960
361212176
361112536
360373338
359778388
359461070
359179170
358244632
358241490
358217649
358173242
357929720
356906192
355779836
355525245
354889126
354612666
353436767
353308929
353157876
352963973
352084544
351626862
351291077
351014038
350865387
350709333
350148148
348571472
348462039
348296339
348115239
347930605
347788200
347325859
346815055
346806084
346768655
345894897
344772715
342295295
340625642
340167900
339447431
339104139
337530788
337268785
336886598
336669035
334909814
334869886
334507784
334200769
333766583
333756614
333625437
333452105
332755554
331944818
331764392
331234683
330938716
330662562
330412137
328860082
328764729
328120287
327988799
326629978
326287726
325915944
325678277
325505592
325504928
325497679
324633903
324368224
324325682
324027563
323134416
323103443
322744997
322116365
321706859
321585407
321262032
320459420
320417840
320060878
319741042
319345115
318765763
318482588
317644678
316496028
315474108
315328877
315303875
315295449
311591542
310912298
310356226
310350864
309237480
309107564
309024514
308559979
308554447
308030387
307995064
307949653
307659953
307398997
307373588
307279915
307032548
306989207
306446944
306422246
306141166
305541830
305489482
304686015
304648468
304330370
304065219
304018503
300399924
300271056
299809301
299717640
298253583
298010735
297560244
297495117
297012445
296614156
296172326
296005957
295847398
295835693
295634999
295245146
294766240
293850326
293792528
293399726
293257838
293202817
293199756
293094700
293080850
293026831
292676675
292038960
292001182
291904741
291276207
290896295
289766019
289435314
289101750
288934274
288902516
288566109
288224906
287559201
287105771
287058164
286586559
286471113
285866924
285502399
285115858
284796730
284365498
283734748
283656419
283115653
283094317
282538799
282125056
281606617
281534350
281526956
280701590
280545329
280538107
280186087
279566388
278487684
277618515
277176531
275603101
274849499
274801321
274683114
274679712
274497476
274331364
274273164
274266232
274115828
274002051
273769539
273237282
272743583
272367586
272239975
271298622
271043087
271037701
270728510
270388819
270374712
270028764
269597417
269148209
268740208
268208899
267490493
267410406
266429146
266048579
265441292
265341640
265254120
265220453
264937098
264454074
264162611
263596129
263549732
263230609
262926111
262776602
262160693
262014319
261854305
261755091
261656111
261298975
261281899
260699626
260678672
260569368
260569056
260200277
260146154
259997722
259407772
259093193
258774468
258600480
258529007
258372873
258200280
257982056
257977282
257813701
257588672
257243434
257183701
256853952
256809230
256796454
256440652
256063594
255535932
255433272
254499277
254478995
253908613
253520519
252984266
252591114
252101163
251907885
251840131
251074949
250793135
250480692
250457496
250450484
250421591
250294451
249613984
248821753
248626481
248472005
247911794
247529428
247140162
247113553
247081254
244770815
244159098
243521869
242855514
242358162
242211011
242179911
241826887
241725377
241583920
241550879
239767428
239296983
238700845
237568304
237427663
237270063
236882664
236868302
236620144
236000962
235460045
235396564
234844717
234839938
234539230
234513791
234341891
233769600
233270198
232789609
232687670
232363159
232264697
231786244
231689066
231215557
230822739
230721271
230391170
229747207
229531944
229501375
229106468
228457497
227989432
227805166
226440760
226354853
225701284
225317581
225117284
224929689
224830321
224691800
224580213
224428494
224279116
223851201
223677976
223250742
222287920
221562009
221542231
221282790
220834016
220433209
220328412
220326558
220199560
218788166
218746784
218112413
217009907
216428281
216412077
216329905
216249559
216060424
215924520
215824686
214882832
213762971
213537899
213041076
212551711
212407728
211888512
211790884
211767158
211664150
211442461
210666273
209605872
209217443
208566911
207337328
206685984
205865749
205578916
205053406
205014453
204755920
204662968
204084064
203382137
202636701
202463058
202236487
202104396
201914915
201700430
201472250
201345788
201040233
200738303
200510805
200186391
199862815
198741033
198210586
197154661
196829515
196224787
196177824
196129945
195268507
194780176
194285753
193976465
193919385
193741365
192958924
192712755
192653897
192440215
191648024
191330649
190746046
190388368
190236627
189581557
188430819
188303857
187921573
187733562
187617462
187290807
186553777
186204050
184352825
184241028
184076264
183943101
183572956
183221963
183221434
182884688
182816555
182523949
182400679
182205440
181799217
181500952
181072925
180737309
180595467
180531663
179913759
179881824
179663387
179421781
179329094
179035269
178469673
178134867
177917707
177424210
177128879
177003954
176936008
176790523
176553637
175730157
175584648
174829990
174726904
174656781
174003007
173186797
172762723
172671958
172325435
171900781
171810887
171277758
170320286
170112330
169702123
169650232
169176843
169106041
168835634
168662547
168522668
167945683
167362142
167353575
167330254
166124903
165692128
165314069
164796960
164767253
164129628
163824651
163539733
163367888
163285363
163200643
163185366
162416894
161985489
160974135
160691119
160090734
159834107
159421050
159393294
158683818
158411213
158112505
157741807
157553136
157436886
157144975
156816953
155924454
155594360
155410683
155261945
155224076
155092889
154378516
152858459
151802546
151261275
150789453
150782962
150280150
149101254
149012983
148941879
148422069
148146817
148114303
147927636
147110521
146404892
146390638
146379389
146367860
146347250
146232052
146094259
145712012
145594923
145242239
145129275
144079566
143874814
143340940
142865816
142053032
141976134
141872344
140524597
140392732
140318329
139975957
138848057
138802156
138317743
138188194
138107318
138103603
137743897
136944028
136943371
135695784
134903557
134315572
133726454
133324139
131247039
130206063
129291985
128783189
128652756
128594311
128370143
128250212
127305416
127017799
126655059
126417385
126363235
125808833
125783459
125456104
124308542
123737562
123232768
122690162
121237584
121010589
120567371
120247199
119959505
119288549
119053236
118758446
118310869
117848721
117232704
116454116
115917742
115858545
115422316
114852365
114605010
114460188
112964114
112796122
112787130
112605802
111836013
111181115
111115106
110989348
110395911
110376018
110219401
108942242
108444688
107953666
106932005
106866495
106649264
106222481
106185921
105780275
105033990
103819730
103256419
103079929
103068474
102804421
100168723
100160634
99868415
97871829
97758918
97481299
96995583
95859737
95830541
95163617
94644941
94379990
94354680
94337524
93755075
93631751
93145171
92942180
91957747
91330052
90578471
90542266
90398012
89701517
89319736
88968396
87033932
85198655
85023063
84962533
84172995
83907701
83893089
83572695
80678355
80413440
79829589
79825799
79206573
77495492
77421749
77191867
77185835
74398430
73998838
73928181
72386669
72132768
70267414
70237804
69372966
68927408
68837177
68574830
68244192
68171404
68152966
67465555
67279184
67246920
67145007
67030037
66790570
66384871
65992006
65111083
64433540
62620934
62072815
61343498
61208256
61196419
60556520
60542794
59839039
59655288
58718477
58592155
57678056
57153266
56772048
55605762
55024999
54797389
54256478
53164165
52998336
52993715
52731934
52729242
51554097
51081845
51005891
50604899
50218284
49653757
49484678
48584003
47808527
47255283
46782565
46706867
46539576
45973504
45734580
45732232
45660410
45312427
45038120
45015529
44883377
44493161
43550064
43233666
41311803
40049338
39763244
39604252
39446809
38742752
38329039
38301460
38210379
38076533
37774262
37326054
37163196
36837158
36323282
36195836
35803410
35090059
34605929
34282825
34103838
32983616
32882769
32755568
32235544
32009378
31978886
31728047
31137821
30403852
29755118
29594712
29506298
29067101
28681041
28388718
27512337
27091484
26845586
23512546
22945503
22168588
21971131
21652224
21634436
21600885
21323869
21256178
20315567
20205253
20088647
19941432
19793079
19689063
18055642
17235251
16534505
16478477
16328180
15579392
15560177
15329574
14675914
14648071
14636844
14487903
13607723
13093836
12275350
11138246
10713712
10456707
10237694
10192738
9506711
9255068
9030983
9010416
8780517
8737628
8727639
8129783
7957142
7236302
7140642
5960176
5832344
5732153
5475624
5271203
5130846
4835219
4687105
4252002
3534294
3283118
3274439
3169836
2481190
2142997
2046823
1519506
54154
