2147078455
2146524491
2146409909
2146381924
2145831417
2145536989
2145044820
2144884345
2144262611
2143735111
2143458993
2142972901
2142630143
2142561716
2142200068
2142192880
2142077999
2141442131
2141294418
2140748953
2140440056
2139565515
2138913225
2138500587
2138099855
2137657592
2136844262
2136112717
2135874044
2135658753
2135400569
2135319567
2135044098
2134805472
2134800509
2134783907
2134690399
2134139306
2133887682
2133726756
2132986828
2132459464
2132386007
2132345144
2132336096
2131410241
2130880134
2130651335
2130366340
2129982517
2129676667
2129614076
2129534428
2129238537
2129179101
2128497746
2128328157
2128169420
2128084133
2127879100
2127638793
2127583487
2127518281
2127244857
2126801653
2126194034
2125998295
2125548103
2125065428
2124881653
2124775969
2124519916
2124114053
2123135456
2122659186
2122529451
2122435890
2122222624
2122205135
2122142493
2122027152
2121725280
2121014525
2120700516
2120182259
2120150816
2118830265
2118811557
2118687907
2118312835
2117704725
2117073923
2117001125
2116921531
2116777418
2116513004
2116419973
2116364795
2115103437
2114527159
2114202628
2114151804
2113863091
2113756335
2113694293
2113595306
2112927390
2112863210
2112550029
2112427034
2112341734
2111939064
2111351899
2111348300
2111243633
2111100620
2111002663
2110622955
2109999036
2109980975
2109668082
2109320028
2109285830
2109250745
2108408237
2107901871
2107045856
2106830385
2105891034
2104999569
2104276318
2103113944
2102097943
2101903866
2101891398
2101673341
2101304019
2101062928
2101026575
2100555242
2100161348
2099909758
2099844604
2099457167
2098850357
2098661002
2098645158
2098592418
2098387905
2098357129
2098223076
2097739638
2097059330
2096804997
2095707600
2095564843
2095030532
2094419830
2094150073
2094142546
2094140303
2093716741
2092238929
2092205901
2092015623
2090469414
2090359165
2089792911
2089698664
2088563519
2088144348
2088099541
2087984713
2087091118
2086126321
2085701362
2085227181
2085090076
2084981841
2084951179
2084796348
2084657135
2084442403
2084256482
2083660536
2083481867
2082869095
2082437333
2081930369
2081639735
2081127051
2080367206
2079858673
2079675603
2079461919
2078800655
2078528270
2078442126
2078395891
2078287889
2077880622
2077556190
2077520489
2076614031
2076224638
2075766574
2075733670
2075415321
2074587210
2074358100
2073812818
2073506291
2072996186
2072362925
2072156929
2071845361
2071582996
2070978950
2070758380
2070283537
2070220936
2070072795
2069891364
2069246620
2068132142
2067442863
2067151620
2066003564
2065939343
2064990685
2064446268
2063563665
2059989388
2059804792
2059578146
2059156157
2058624681
2058543163
2058139136
2057778386
2057772689
2057601914
2057361937
2057137128
2056699857
2056660619
2056591034
2055619718
2055133357
2055057872
2053641042
2053610461
2053498806
2053347065
2053246181
2053169363
2053022598
2052711688
2052579214
2052456529
2052276157
2051977409
2051694851
2051459354
2050444334
2049720267
2049474571
2049382951
2049251692
2049132539
2048853807
2048370649
2047479903
2047173716
2046921833
2046841976
2046665608
2046496758
2046439967
2046062223
2045707042
2045239921
2045124871
2044442239
2043823980
2043578610
2043103854
2042841820
2042452145
2042131172
2041613598
2040965978
2040558559
2040077641
2039969135
2039886210
2039737318
2039691143
2039516000
2038711339
2038457547
2038358729
2038327966
2038304269
2038222523
2038151427
2038049748
2037346321
2036987480
2036503659
2036235024
2036214398
2036094674
2035937967
2034988199
2034923948
2034719768
2033884058
2032374263
2032274405
2032272929
2031910599
2030977029
2030443798
2030368567
2030132042
2029588574
2029550902
2029494070
2029382095
2028920839
2028358044
2028288092
2027364436
2026831379
2026645628
2026514134
2026202643
2025737517
2025661517
2025305148
2024815837
2024684774
2023899526
2023780883
2023689780
2023078888
2022916543
2022803126
2022368317
2022266355
2021974271
2020505976
2019887181
2019411399
2018153511
2018097946
2017921807
2017127036
2016908167
2016577343
2016487742
2016176221
2016138114
2015917998
2015092650
2014820685
2014796327
2014464394
2013279346
2013272601
2013082295
2012712350
2012646002
2012618768
2012351847
2011417632
2011014337
2010875577
2010390857
2010227519
2009638990
2009508759
2009005343
2008742748
2008072207
2007782184
2007344292
2007324539
2006846296
2006081314
2004311221
2003673304
2003552538
2002743170
2002327167
2001862559
2001853080
2001410077
2001335136
2001196000
2001139534
2000745864
2000368124
2000134765
1999933483
1999740226
1998824323
1996310216
1996136502
1994975870
1994947883
1994853049
1994355082
1993191080
1992905567
1992862679
1991831899
1991524728
1990820246
1989619349
1989558885
1989535479
1988962612
1988755791
1988349493
1987541419
1987515531
1987408277
1987021081
1986992324
1986220064
1985208731
1985190656
1985087760
1985049696
1985043924
1984871999
1984605678
1984320255
1984196773
1984177828
1983908548
1983728639
1983671303
1983279106
1982785073
1982771964
1981937883
1981296376
1980864245
1980418783
1980400560
1980039359
1979874646
1979816327
1979504223
1979484661
1979406303
1979392401
1978012569
1977222898
1976936496
1976578120
1976571560
1976455751
1976245082
1976068370
1976054385
1976003627
1975945216
1975805498
1975548681
1975432329
1974827255
1974471831
1974042401
1973531910
1973246943
1972753346
1970679254
1970645071
1970100452
1970025884
1969738374
1969587438
1969580362
1969462085
1969071291
1968947454
1968454934
1968192257
1968035248
1968024137
1967984568
1967962134
1967619491
1967494211
1967421385
1967214685
1967017866
1965645663
1965235318
1964830680
1964356921
1964193780
1963493373
1963483209
1962916962
1961257329
1960155749
1958319297
1958210744
1957865713
1957387315
1957215048
1956578589
1956576998
1956420154
1956258515
1954736832
1954567347
1954510558
1953986198
1953266829
1952032102
1951923898
1951325181
1951313809
1950937856
1950791806
1949772146
1949674792
1949372002
1949112950
1948585080
1948570917
1948521923
1948354384
1947759493
1947590781
1947187042
1946797012
1946733871
1946177598
1945906586
1944738506
1944361465
1944360440
1942949673
1942789280
1942787690
1942762078
1942048286
1941841922
1941767610
1941660674
1941385951
1940935200
1940465106
1940238936
1940231628
1939247064
1939132423
1939090777
1938732347
1938606901
1938355177
1938165590
1938140434
1936744329
1936716320
1936494368
1935571046
1935036686
1934368251
1934354564
1934210972
1934152445
1934135801
1934110379
1933767043
1933406355
1932539550
1932468917
1932206118
1932174715
1931745398
1931667992
1931613646
1931359171
1931148443
1931141103
1931115233
1930031628
1929564371
1928989314
1928831924
1928669258
1928389719
1928051549
1927967812
1927779834
1927751896
1927001708
1926853141
1925281730
1925148174
1924782387
1924717143
1924555539
1924294140
1924224908
1922967657
1922892188
1922722668
1922477324
1922412911
1922275037
1921303100
1920204967
1919760525
1919623923
1919094028
1918644731
1918580792
1918178673
1917734374
1917547898
1917455651
1916782275
1916648382
1916486528
1916401271
1916338877
1916240127
1915952090
1915608457
1915129364
1915127274
1914874892
1914714739
1914189591
1913877742
1913846538
1913376036
1913228726
1912676930
1912212216
1911968136
1911713721
1911509804
1911264541
1910523063
1909758826
1909422085
1908721601
1908577778
1908491859
1908240094
1907226455
1907150039
1905860921
1905686051
1905567409
1905305339
1904893370
1904761453
1904493087
1904284061
1904153613
1903954094
1903664769
1902299403
1902085260
1901399343
1901209829
1900222335
1899287250
1899153241
1898866210
1898450688
1898349369
1897743639
1896606662
1896516493
1895441197
1895408880
1895085430
1894964230
1894557711
1894044127
1893580183
1893389575
1893099852
1892603697
1892212790
1892145245
1891451017
1891386584
1891321637
1890555894
1890269701
1890063259
1889685652
1889154463
1889077012
1888881919
1887668017
1887642325
1887602259
1887540568
1887011422
1886581071
1886085902
1885954136
1885856097
1885774240
1885606734
1885330408
1885141509
1885021905
1884852798
1884675905
1884659817
1884501763
1884205048
1884186157
1884128372
1883994085
1883389117
1883156433
1882807823
1882171278
1882129015
1881479572
1881442222
1881168120
1881122641
1881102215
1881058087
1880688040
1880597625
1880334497
1880160494
1879211799
1879175168
1878434578
1878157222
1877346730
1876035479
1876029266
1875872804
1875761758
1874867493
1874843409
1873909641
1873464268
1872120901
1871521218
1871393755
1871040940
1870847828
1870415103
1870096836
1868917829
1868558097
1867848399
1867848014
1867399229
1867316839
1867298555
1866734414
1866689638
1866622365
1866093412
1865133622
1864657523
1864165991
1863333250
1862999793
1862794111
1862499852
1862255696
1862147055
1862024777
1861571969
1861049433
1860937786
1860880367
1860353699
1860230017
1860165824
1859638003
1859600332
1859438318
1859380272
1859366590
1859122552
1858837399
1858773826
1858599361
1858086428
1858054447
1857736427
1857325147
1857194874
1857117116
1856494750
1855260837
1855244886
1854328564
1853697206
1853500921
1852986871
1852546241
1851728937
1850759415
1850207871
1848829590
1848446531
1847595753
1847318571
1846721670
1846394983
1846242425
1846092940
1845879333
1845621154
1844922292
1844484662
1843309640
1841848359
1841692286
1841460267
1841129562
1841030251
1841027607
1839457406
1839291740
1839163674
1838815387
1838234890
1838024554
1838007547
1837952804
1837681087
1837088143
1836914309
1836695815
1836343624
1835638314
1835353284
1834311892
1834233873
1833960843
1833929931
1832365664
1832051072
1831815894
1831581267
1831489333
1831261750
1831078924
1831018137
1830967887
1830886083
1830687042
1830605981
1830522442
1830366551
1830149640
1829362456
1829145317
1828853150
1828715443
1828630019
1828399712
1828254865
1828023017
1827254675
1827017020
1827011260
1826535099
1826124553
1825651930
1825528119
1824796245
1824582222
1823980474
1823628364
1823402733
1823269360
1822917035
1822795734
1822269825
1822051490
1820754643
1820735901
1818463995
1817792839
1817758226
1817350785
1817247240
1816902485
1816575839
1816398227
1816386861
1815692614
1815541198
1815527676
1815100189
1815098309
1815072406
1815060126
1814746996
1814509160
1814411689
1814044882
1813739846
1813407056
1812663808
1812317349
1811996365
1811772499
1811523351
1811308492
1810821368
1810723347
1810697796
1810259107
1810097742
1808380106
1807935005
1807777886
1807605778
1807410756
1806952503
1806818988
1806803307
1806752529
1806600895
1805823344
1805334782
1805067003
1804282838
1804149637
1804118340
1803092113
1803050954
1802574137
1802561227
1802147415
1801557922
1801192400
1800969274
1800806940
1800354999
1800249251
1800051277
1799654310
1799559925
1798834590
1798370927
1798049239
1796604388
1796066034
1795958906
1795863089
1794849927
1793532363
1793494411
1792314549
1792295344
1791786129
1791164197
1790953608
1790637101
1790615643
1790546098
1790134504
1789814760
1789670492
1789592453
1788653383
1788302439
1787853267
1787702137
1787701721
1787604912
1787309282
1787244916
1787133904
1786995845
1786918637
1786840232
1786168095
1786056251
1786044570
1785526527
1785453362
1785320930
1784958373
1784720685
1784571138
1784545881
1784295419
1783766548
1783285298
1783276436
1782708346
1782216922
1782188230
1782181778
1781864149
1781742645
1781616488
1780359472
1780312939
1779634884
1778980687
1778770670
1778714238
1778135437
1777510736
1777474868
1777122284
1776599256
1776535806
1776358002
1776163501
1775847782
1775644098
1775460462
1775319727
1774936638
1774829075
1774769087
1774270956
1773765493
1772451918
1771526679
1771440253
1771392023
1771018476
1769993225
1769585722
1769357837
1769040848
1768690374
1768575694
1768349813
1768049238
1766795725
1765384084
1764111514
1763652513
1762151043
1762122477
1761573970
1761230913
1761168856
1760897879
1760769621
1760608797
1760517325
1760098918
1759209343
1758935388
1758917794
1758634566
1758476363
1758163549
1758136232
1757737289
1756797040
1756482044
1756179661
1756007879
1755234214
1754703505
1754559674
1754419265
1753970515
1753788896
1753680018
1753048283
1752769525
1751303970
1750932551
1750466357
1750368510
1749786119
1749654433
1749639568
1749308322
1749146084
1748827143
1748246431
1748000057
1747556164
1747538228
1747505536
1746747273
1746462944
1745808920
1745099520
1743796604
1743519291
1743386428
1742727151
1742497164
1741259011
1740928224
1740635993
1740382201
1740146278
1739951372
1739573196
1738978767
1738538942
1738327669
1737301109
1737225555
1737167151
1735326106
1734945499
1734735365
1734548904
1734537844
1734262212
1734246888
1733522712
1733390336
1733345383
1733198008
1733090164
1732566670
1732338810
1731492922
1731361431
1730979824
1730676765
1730655410
1730218749
1729986416
1729421107
1729257208
1728912455
1728891953
1728073727
1727749191
1727281006
1726852472
1726118885
1726014728
1725619826
1725354215
1725000860
1724866854
1724458885
1724432828
1724110505
1723808207
1722780765
1722639675
1722511153
1722488996
1722074824
1721805769
1721341628
1720679423
1720492302
1720189187
1719128807
1718478430
1718432573
1718321787
1718139484
1717715213
1717396754
1717309736
1716967139
1716931317
1715936446
1715696741
1715520438
1714770375
1714599856
1714586671
1714516918
1714228083
1713799618
1713070897
1712818002
1712740122
1712229985
1712098799
1711656785
1711166651
1711160676
1711052864
1711036785
1710348110
1710070551
1709484545
1709239718
1709184270
1708603836
1708519776
1708216522
1707957552
1707851510
1707351241
1707025020
1706708058
1706046404
1705759078
1704088284
1703715562
1703225395
1703003534
1702971071
1702546168
1701411488
1701019127
1700603313
1700580915
1700345211
1700127023
1699975792
1698562367
1697158181
1696946844
1696362768
1695663955
1695318233
1695214994
1694344249
1693889635
1693360008
1692428552
1692391869
1692009734
1691894865
1691771768
1691745679
1691659865
1691198292
1691121331
1690505342
1689846722
1689602999
1688981914
1688408526
1687928439
1687265327
1687189854
1686416951
1686041252
1685949108
1685262072
1685029566
1684952915
1684932624
1684666137
1684386090
1683966734
1683669337
1682675006
1682329815
1682058624
1681982597
1680902454
1680596358
1680159076
1680135006
1679719546
1678939474
1678925469
1678712246
1678560172
1678264676
1678112130
1677653664
1677162931
1676351318
1676149635
1675630346
1675596656
1675584500
1675484754
1675385275
1675232074
1674693987
1674674781
1672279077
1671505031
1671294236
1671280841
1671161521
1670415209
1670320189
1669573850
1669569052
1669113879
1667890064
1666928763
1666175425
1665496699
1665352485
1663126496
1663008905
1662088775
1661421679
1660272028
1660230928
1659967456
1659923984
1659531292
1658976277
1658598535
1658212241
1658212186
1658062146
1657934796
1657738976
1657540704
1657523142
1657506710
1657419792
1656700758
1656423516
1656187373
1655982377
1655475357
1654982798
1654727900
1654355723
1654235840
1654128677
1653605612
1653059070
1652606072
1652546050
1651725140
1651546380
1651427790
1650828410
1650760215
1650183523
1650129952
1649709460
1649570023
1648931589
1648581936
1648247310
1648103787
1647789150
1647566101
1647402551
1645707303
1645476476
1645071468
1644268454
1644123718
1643837803
1643835148
1643578137
1643328230
1643196083
1642956445
1642888198
1641672946
1641150989
1640866357
1640700378
1638470395
1638271715
1637330691
1637060140
1636677563
1635940682
1635932017
1635788867
1635145416
1635046044
1634599652
1634469841
1634159409
1634105276
1633855033
1633758497
1632430099
1632354404
1631943383
1630819228
1630177056
1630139628
1629804911
1629762581
1629739538
1629294675
1628946028
1628442028
1627777697
1626456390
1626102749
1625663909
1625516062
1625037727
1624941770
1624559374
1623369615
1622894181
1622870213
1622443533
1622176232
1622102277
1621913859
1621623787
1621527387
1621186688
1621055519
1620709177
1620475951
1619724081
1619583250
1619578627
1619312898
1618753516
1618614732
1617247938
1616929603
1616865223
1616801321
1616293987
1615822327
1615591561
1615252263
1615093445
1615090113
1614893802
1614428268
1614105483
1612690437
1612680542
1612574733
1612455169
1612193590
1611953029
1611550436
1611360272
1611093617
1610993153
1610950486
1610054280
1609758650
1609633001
1609347032
1609325519
1609260532
1608899707
1608733229
1608496383
1607375654
1607301457
1606792112
1606720372
1606417218
1605997721
1605721356
1605456880
1605170838
1605028603
1604821236
1604741189
1604577864
1604360863
1604254015
1604013438
1603311772
1602662999
1602373049
1602119310
1601862508
1601855135
1601826966
1601577813
1601297830
1601230316
1601039306
1600630664
1600302269
1600052203
1600034251
1599851643
1599664611
1599594228
1598946691
1598463089
1597759862
1597739066
1597132095
1597088542
1596033165
1594934770
1594889156
1594082932
1593617305
1592939818
1592349457
1591816972
1591311982
1591263344
1591226881
1591102586
1590939321
1590490658
1590380202
1589747136
1589682940
1587912541
1587706379
1586460411
1586297944
1586048493
1586036104
1585393660
1585355621
1585141472
1585111167
1584847115
1584683416
1584495366
1584378258
1584056183
1583681788
1583412039
1583020826
1582780967
1582465799
1582180080
1582140343
1582046186
1581892714
1581199411
1581149265
1580955456
1579850434
1579571245
1579008954
1578931615
1578058942
1577574897
1577499012
1577248124
1577233950
1577058183
1576862859
1576285605
1575695135
1575506763
1575337212
1575208718
1574574015
1574163418
1573696593
1572535663
1572192162
1572056601
1571827169
1571482972
1571275891
1570766063
1570479887
1570146434
1569359860
1569244318
1568398352
1567745749
1567388732
1567352310
1566500505
1566484045
1566145576
1566051322
1565855356
1565804647
1565733480
1565282896
1564819065
1564760280
1564592629
1563558976
1563493717
1562371694
1561963743
1561347449
1561132585
1560963292
1560693526
1560691257
1560439157
1559410375
1558711458
1558305975
1557995875
1557595444
1557303344
1557205934
1557127668
1555902289
1555802908
1555564073
1555283822
1555260201
1555221161
1554578288
1553467551
1553146326
1552783943
1552119863
1552072417
1551846769
1550967307
1550744348
1550677919
1550385836
1550064291
1549778643
1549566212
1549249952
1548569999
1548546268
1547844870
1547831918
1547631348
1547619852
1547347416
1547302608
1547280118
1547181119
1546690388
1545954915
1545847645
1545808869
1545689076
1545147045
1544140558
1543022442
1542892371
1541496347
1541194513
1541107598
1540111424
1539833111
1539665144
1539548720
1539223831
1538767059
1538635085
1538497739
1538471635
1538429720
1538028696
1537568921
1536312232
1536130059
1536012848
1535991632
1534653939
1534311102
1534254167
1533183012
1533115969
1532821685
1532562191
1532245702
1531542150
1531110548
1530727684
1530519059
1530344624
1530077464
1528600151
1528498966
1528329901
1528284413
1528278270
1528192205
1527938078
1527851511
1527846416
1527161930
1526912165
1526843382
1526716990
1526648716
1526389772
1526340605
1526014228
1525350609
1524942110
1524638291
1524496683
1524421907
1524206385
1523848157
1523536712
1523481185
1523260635
1521936925
1521442439
1521094930
1520968646
1520356138
1520260842
1520249669
1520126029
1519592582
1519363930
1519352310
1519348765
1518251130
1517896130
1517812380
1517377814
1517130901
1516534161
1516238677
1516125066
1515691231
1515310415
1515165912
1514778153
1514431013
1512938419
1512925563
1512921470
1512811429
1512492840
1512226779
1512101052
1511859976
1511771087
1511561033
1511525093
1511192612
1510403853
1510224864
1510210721
1510098098
1509690334
1509599772
1509290084
1508995791
1508873868
1508837404
1508829035
1508555950
1508447168
1508176699
1507856650
1507825643
1506786605
1506145640
1505775735
1505385370
1505364091
1505326533
1505051510
1504856624
1504071301
1503787563
1503678605
1503079758
1501936448
1501743700
1501688786
1500928246
1500636260
1499982058
1499882323
1499532522
1498670402
1498549658
1498459488
1498129056
1497262190
1497243260
1497122929
1496981995
1496744506
1496640048
1496253421
1495811139
1495742595
1495393520
1495281834
1495149458
1494872280
1494683061
1494481397
1494306428
1494287166
1494191610
1494007110
1493692473
1493657180
1493653019
1493452193
1492891570
1492670886
1491673422
1491635191
1491412825
1491174190
1491139105
1490976560
1490748476
1490525774
1490125242
1488995454
1488163080
1488044603
1487824481
1487746769
1487669796
1487601174
1487311853
1487052043
1486910262
1486430451
1486136673
1485766671
1485766642
1485696695
1485489482
1484969506
1484797892
1484387106
1483344751
1483151056
1482980077
1482147225
1482039571
1481799155
1481791611
1481581551
1480971614
1480403389
1480096877
1478390740
1477175946
1476855329
1476731010
1475834120
1475644653
1475337194
1475259107
1475068650
1474354150
1474290055
1473921747
1473745032
1472585232
1472362830
1471934244
1471644615
1471379924
1471206703
1471104526
1470912880
1469652229
1469427725
1469118504
1469049332
1468735082
1468524143
1468484870
1468417944
1468301209
1467891319
1467702823
1465632572
1465438117
1464926366
1464337115
1464043972
1463780295
1463023450
1462036766
1461545612
1461342088
1461283688
1461268604
1459876459
1459510320
1459291261
1458197357
1458162098
1457994232
1457716474
1457524891
1457235941
1457138470
1456785134
1456489332
1455602537
1455291069
1455216871
1455213452
1455078688
1454164942
1452858123
1452764796
1452762392
1451980061
1450923301
1450797339
1450330205
1450310650
1449870642
1449812182
1449797940
1449750827
1449538787
1449503510
1449242964
1448879439
1448351664
1448213273
1448024401
1447686739
1447493634
1447435978
1447408025
1447303883
1447089253
1446290488
1446063929
1445652280
1445358477
1444069844
1444038597
1443888991
1443454516
1443390757
1442587379
1441980042
1441764393
1441734797
1441139491
1439322129
1438780584
1438472380
1438182212
1438043348
1437022238
1437012344
1436459690
1436047737
1435741067
1435607026
1434907290
1434692276
1434627496
1434307863
1432946878
1432273637
1431851693
1431285901
1431082533
1430990846
1430678851
1430620881
1429854932
1429705135
1429610178
1429410460
1429338965
1428519938
1428029356
1427894790
1427299431
1427184067
1426469864
1425936669
1425755261
1425527204
1425297870
1425009826
1424820857
1424689461
1424226654
1424080892
1424080070
1422904025
1422715537
1421825860
1421774388
1421251504
1421206160
1421193505
1421003614
1420580471
1419057481
1418919345
1418910198
1418374871
1418183000
1418145482
1418136040
1417638405
1417601801
1417573789
1417267728
1416889322
1416866340
1416662182
1415988724
1415735922
1415018697
1414950436
1414401524
1414007416
1413185632
1412993920
1412939014
1412250661
1412151839
1412043068
1411766265
1411592626
1411480082
1411468517
1411418982
1410872250
1410431041
1409994162
1409719527
1409659043
1409397327
1408817762
1408719648
1408130695
1407950240
1406277337
1405519982
1404636862
1404591525
1404475432
1404263277
1404021267
1403842496
1403698719
1402973136
1402875599
1402736407
1402618659
1402493687
1402371771
1401687307
1401003566
1400774350
1400280558
1400129669
1399990090
1399961107
1399387394
1398957700
1398949125
1398186722
1398122322
1397784472
1397380583
1396995791
1395551474
1395280436
1394751297
1394499586
1394326938
1393448006
1393174828
1391774271
1391292642
1390433446
1388730001
1387911115
1387804349
1387668687
1387631100
1387398776
1387394885
1387198722
1387163506
1386695855
1386107774
1385989785
1385977501
1385515055
1384926599
1384891326
1384298909
1384127920
1383202651
1383047308
1382615244
1382503181
1382481481
1382379452
1382148134
1381960379
1381934166
1381862317
1381825440
1381291396
1380969900
1380958221
1380772570
1380115893
1379806039
1379364892
1377974977
1377442188
1377369210
1377127729
1376911475
1375844702
1375781626
1375338128
1375152232
1374625715
1374269891
1373803631
1373759714
1373530623
1373485934
1373148218
1373068015
1372918806
1372777909
1372756851
1372684304
1372329551
1371903727
1371715083
1371185261
1371003688
1370539766
1370394828
1370384613
1370209614
1369818361
1369179818
1368376573
1368208068
1367843806
1367482638
1367318801
1367277042
1366887433
1366046778
1365245387
1365039410
1364614795
1364313562
1364288175
1363429420
1363150503
1362719637
1362537053
1361920056
1361893123
1361867548
1361862028
1361701521
1361325815
1361322318
1361312315
1360896734
1360818991
1359772547
1359527635
1359345952
1359079729
1358429794
1358339308
1358311062
1357822562
1357547441
1357209898
1357144262
1357097663
1356563054
1355770134
1355345501
1355298383
1355131541
1355068108
1355059454
1354961214
1354250478
1353898629
1353622034
1353491876
1353316885
1352894914
1352416050
1352306422
1352177402
1351735359
1351607788
1351572303
1351149336
1350647080
1350402219
1350325510
1350192886
1350006481
1349760426
1349129646
1348808795
1348483593
1348158480
1347776834
1347267836
1346719473
1346320680
1346313986
1346231345
1346212822
1345692697
1345428156
1345410429
1345342308
1344993911
1344903226
1344885915
1343211728
1342784262
1341000681
1340969311
1340689940
1339968170
1339833672
1339094428
1338886648
1338834924
1337901877
1337009177
1336879352
1336786657
1336679733
1336095513
1335970064
1335865492
1335838293
1335517988
1335498951
1334340703
1333215457
1333203185
1333171448
1332909990
1332470074
1332337979
1330586314
1329857763
1329711263
1329284693
1329222115
1329072732
1328205355
1328181576
1328078542
1327523795
1327351917
1326928976
1326865934
1326451770
1326381214
1326303064
1326006512
1325554107
1325437610
1325141022
1324899144
1324694108
1321980151
1321779121
1321724312
1321408179
1321086851
1320817850
1320786268
1320638470
1320331675
1320307902
1319967378
1319796612
1319724611
1319168315
1318489561
1318115014
1317156721
1316756112
1316470640
1316152091
1315940536
1313667456
1313313980
1313256781
1312348230
1312229701
1311804430
1311392757
1311321707
1311076570
1310493238
1310370989
1309488628
1309249559
1307945376
1307583391
1307309085
1307303569
1306786607
1306645921
1306360214
1305301946
1304921489
1304158447
1303995435
1303628396
1303493683
1302878371
1302362291
1301561865
1301461707
1301038662
1300694779
1300589399
1300238081
1299993723
1299773941
1299409728
1298825848
1298624052
1298002460
1297677217
1297632147
1297545278
1297189505
1297048521
1295964877
1295413934
1294780607
1293192513
1293181660
1293164383
1292878181
1292633140
1292194814
1291376310
1291072715
1290731778
1290416209
1288428785
1288015283
1287817845
1287517361
1287372717
1287274900
1287244746
1287137813
1286938088
1286210199
1285109310
1284578703
1284548198
1283988451
1283463089
1283304224
1283145629
1283020676
1282238219
1281269165
1280968371
1280682913
1280492820
1280229311
1279783014
1279643996
1279273527
1279107090
1278305765
1277918494
1277706294
1277384804
1277245452
1277206201
1276273525
1275792605
1275370754
1275140885
1275003524
1274443729
1273760826
1273287750
1272247072
1272222790
1271919424
1271880471
1271714821
1271587152
1271533562
1270903703
1270393596
1270004960
1269922030
1269739595
1269348836
1269115746
1269110761
1268962052
1268822847
1268558760
1268482634
1268236016
1268147977
1267779499
1267409806
1267348309
1266693216
1266478704
1266408758
1266074760
1265908297
1265503612
1264859910
1264474050
1264392397
1264060017
1263939764
1263906659
1263680793
1263613307
1263401490
1263113287
1263066836
1262268465
1262225126
1262199903
1261576229
1261470543
1260714077
1258886431
1258364328
1258281056
1256463869
1256142400
1256100532
1256081265
1255982233
1255904068
1255783929
1255637252
1255525772
1255252531
1255056844
1255031167
1254686336
1254511524
1254464308
1254200897
1253978806
1253893614
1253892589
1253889861
1253407785
1251910521
1251823596
1250297729
1250037348
1249809121
1248837488
1248663038
1248631852
1248521897
1248378944
1247669418
1247436907
1247083339
1246947648
1246125863
1245844757
1245246469
1245094833
1245019909
1244570377
1244465415
1243686501
1243343583
1242898976
1242849163
1242841799
1242626116
1242523168
1242185958
1242171237
1242124938
1241991754
1241703079
1241522079
1241223092
1241036223
1240313683
1240286000
1240227591
1238200030
1237873275
1237653545
1236782146
1236734319
1236645217
1236249801
1235977119
1235590666
1235405617
1235125430
1234971026
1233709853
1233614163
1232529000
1232312162
1232113633
1231160891
1230814307
1230357830
1230063571
1229551438
1229526368
1229378365
1228971946
1228524304
1227746882
1227372768
1227334475
1226113217
1225326264
1225240517
1224509812
1224244969
1224051863
1223975102
1223735442
1222819272
1222798786
1222429967
1222221140
1221982882
1221571593
1221062590
1220920672
1220906610
1220507246
1219948154
1219525597
1219230435
1218945896
1218848941
1218626058
1218485844
1218215586
1218169749
1217477740
1217327656
1217220676
1216741917
1216700419
1216216239
1214528287
1213599929
1213443396
1213029539
1212901686
1212212798
1211921771
1211631291
1211130565
1211001956
1210902828
1210860077
1209670199
1209367928
1209066564
1208349865
1208114285
1208055752
1208000962
1207898837
1207864026
1207601752
1207535344
1207175194
1206991194
1206725623
1206465329
1206118954
1206067965
1205706000
1205170759
1205135636
1205113013
1205094018
1204809816
1204754317
1204404390
1204340093
1204271959
1203958290
1203946060
1203834690
1203693004
1203394905
1203366868
1203220589
1202966223
1202506306
1202203133
1202079821
1201696545
1201596818
1200282946
1200250302
1200247404
1199623558
1198643458
1198518463
1198222814
1197745816
1197097163
1196326293
1195811215
1195544782
1195425861
1194654842
1194581345
1194541342
1194277867
1193897803
1193446872
1193377649
1193236286
1192853626
1192585390
1192414992
1192353040
1192352477
1191886886
1191639503
1191470829
1191294436
1190812464
1190573984
1190526117
1190016729
1189874165
1189323108
1189254731
1189095061
1188997193
1188662048
1188581299
1188506229
1188229076
1188195765
1188118207
1188023536
1187062674
1186796075
1186717666
1186623224
1186416218
1185515334
1184954708
1184938098
1184850273
1184409507
1184308449
1183716712
1183676493
1183654499
1183195722
1182005437
1181867392
1181707560
1180924228
1180493285
1179866505
1179672563
1179608822
1179530609
1179449552
1179045606
1178942529
1178278311
1177962711
1177931844
1177119789
1177106108
1175836890
1175643234
1173892848
1173561397
1173191938
1172965229
1172853772
1172841622
1172812102
1172780224
1172504745
1172402826
1172215414
1171998339
1171863515
1171243073
1171161208
1170095517
1170041751
1169495046
1169407311
1169233877
1168975913
1168906738
1168767801
1168667668
1168156729
1167530880
1166865330
1166355052
1166083715
1166080607
1166015975
1164976966
1163985283
1163738408
1163621546
1163525143
1163366256
1161572329
1161328799
1161025466
1160927933
1160486943
1160106988
1159862080
1159152488
1159080071
1158767754
1158609139
1157651007
1157562185
1156719032
1156715004
1156609458
1156449749
1156321593
1155928404
1155739686
1155641626
1155140074
1154891819
1154836973
1154761173
1154738608
1154513501
1154331294
1154114649
1154042315
1153237333
1153228614
1153204556
1153151651
1152876105
1152820824
1152462717
1152044786
1151919339
1151424912
1150560304
1150205693
1149689425
1149638051
1149459173
1149442689
1149012985
1147484682
1147436145
1146858953
1146314501
1146009384
1145649270
1145636227
1145547180
1144368553
1144357522
1144072141
1144012918
1142964515
1142887069
1142838838
1142544768
1142209906
1142095805
1142082978
1141682219
1141658003
1141475122
1141429242
1140757391
1140483154
1140475819
1140025762
1139253238
1139169571
1139148233
1139111850
1138706690
1138038951
1137923475
1137849544
1137431299
1137156135
1136639111
1136592282
1135891838
1135872119
1135740601
1135707746
1135511844
1134909246
1134683208
1134289084
1134232230
1134208549
1133412755
1133221979
1132773943
1132751160
1132338358
1132075544
1131890155
1131469107
1131458004
1131061525
1130827382
1130233203
1129863909
1129684585
1129312773
1129159398
1128815711
1128433421
1128190840
1128036245
1127759065
1127421394
1126853571
1126165763
1126089724
1125824524
1125431886
1125202976
1124798007
1124131770
1123292970
1122500843
1122343503
1121983679
1121931581
1121429227
1120555457
1120189843
1119991045
1119570451
1119475600
1119379802
1118645415
1118589657
1118316541
1117981014
1117837834
1117619928
1117024365
1116483375
1116432552
1116167344
1116024319
1115835794
1115574237
1115343056
1115084959
1114612346
1114235689
1114209324
1114088837
1113697053
1113492410
1113267928
1112462389
1112337859
1112144872
1112141858
1112042341
1112020174
1110344624
1110204768
1110133572
1109618050
1109215977
1108378663
1108364307
1108278687
1108255183
1107616069
1107572979
1106870012
1106617703
1106411311
1105160356
1104374647
1104341581
1102714305
1102400633
1102329253
1102192515
1102111474
1101319431
1100621646
1100191797
1100063849
1099818754
1099758343
1099641819
1099614590
1099423786
1099321430
1099318829
1098929181
1098405809
1098096272
1097994974
1097931901
1097768052
1097525663
1097501444
1097084401
1096967103
1096474401
1096182114
1095874634
1095627930
1095403202
1095026271
1094851019
1094752246
1094581655
1094573189
1094504725
1093644740
1093355117
1092848890
1092847348
1092836486
1092582070
1092244671
1092071031
1091725664
1091050980
1091006982
1090511115
1090375343
1090345541
1090186353
1089447157
1088934628
1088722967
1087861382
1087545063
1087248157
1087206247
1087152926
1086616875
1085738740
1085189176
1084789245
1084491103
1084444169
1084435545
1084242400
1084160136
1084025754
1084023047
1083653693
1083439661
1083206551
1083200896
1082132703
1081220499
1081039453
1080199452
1079672873
1079267750
1079033527
1078789972
1078193132
1078044852
1077580355
1077525335
1077405323
1077403505
1076905492
1076852373
1076361003
1076044352
1075545871
1075495020
1075242947
1074970267
1074482431
1074416164
1074118960
1073875277
1073786173
1072887061
1072863352
1072814000
1072757326
1072322458
1072210864
1071665972
1071306128
1070140687
1068643293
1066417952
1065975900
1065912278
1065835531
1065702038
1065520039
1065398798
1065316122
1065084154
1064693407
1063923031
1063283506
1063211000
1062872356
1062759373
1062596792
1062521748
1061968400
1061491086
1061304480
1061104047
1060976531
1060772900
1060615721
1059650880
1059552866
1059054837
1058791705
1058707161
1058213596
1058172866
1058172020
1057997471
1057735167
1057635715
1056622401
1056408752
1055932805
1055908096
1054677836
1054562804
1054464366
1054440853
1053698063
1053614893
1053001769
1052246706
1051702066
1051651986
1051334527
1051231899
1051226993
1049123702
1049059701
1049033427
1049029270
1048685148
1048610141
1048459182
1048219692
1047061483
1046974561
1046934028
1046601266
1045801707
1044500499
1044243986
1044185316
1044126963
1044072169
1043791708
1043704953
1043240139
1043106178
1043100842
1042593939
1041157654
1040154886
1039782827
1039646988
1039240182
1039199215
1038513840
1038348008
1038165262
1037123598
1037121436
1036888408
1036744821
1036395648
1035683163
1035375767
1034859432
1034688669
1034644634
1034639546
1034614384
1034597308
1034299877
1034151390
1033994762
1033535123
1032972660
1032613687
1032313986
1032141416
1031660357
1031449419
1031064748
1030529699
1029470277
1029214577
1029081181
1028628991
1028020487
1027986489
1027451593
1027398921
1026725158
1026536001
1025527998
1024599305
1024171489
1023876814
1023809328
1023556104
1022249996
1021844096
1021532202
1021026300
1020278310
1019881725
1019838611
1019779942
1017902937
1017471154
1016816413
1016774664
1016693943
1015613841
1015057952
1014799253
1014532556
1013220815
1012462308
1012332153
1012296749
1012282696
1012263010
1011849222
1011528568
1010610978
1010128690
1009797332
1009220850
1009112893
1008593267
1008524203
1007620635
1006863909
1006787808
1006709777
1006708023
1006408423
1005704261
1005245085
1003822730
1003442306
1002338847
1002153178
1002088912
1002042523
1001606703
1001263163
1000699638
1000392542
1000215601
999767993
999753046
999621567
999183675
998596443
998552780
998509014
998406590
998337191
998154128
997971417
997309451
997107035
996687960
996445047
996117838
995612102
995540016
993935269
993383154
992829982
992715100
992692561
992427245
992348726
990486784
990090533
989861840
989418030
989303017
989103249
988888657
988328691
987959627
987331212
987126385
986485171
986147385
985641328
985150797
983484030
983380851
983058368
982993142
982838767
982517161
982103132
982077692
981096296
978842100
978364359
978225970
978017421
977985051
977677330
977487333
976657330
976369130
975657773
975594041
975443961
974898666
974843186
974093057
973214091
972949250
972398051
972001943
971641643
971463776
971453463
970275242
969179907
968158571
967281717
966412167
966285171
965592053
965575134
965236100
964741156
964309905
963185171
962749088
961416591
961343960
960514865
960195662
960021440
959720300
959546447
959481282
959089851
958593255
957799263
957637546
957596838
956740350
956731189
956513012
955948664
955676585
955419425
955331175
955040888
954624507
954526606
953577709
953055460
952142671
952005993
951848302
951150224
951098319
950990678
950588694
950396802
949727747
949676682
949628005
949475389
949015061
948356359
948254899
948022400
947740196
947467880
947386905
946329297
946060898
945938682
945482398
945476886
945314828
945130488
945025335
944869465
944824113
944707011
943753842
943679518
943440138
942926358
942726545
942601253
942467820
942467392
942248116
942125198
941482025
941320303
941309743
940989477
940983413
940944309
940846484
940569315
939722343
939471220
939362230
939360426
938572667
938501772
937773092
937412824
936579027
936488208
936074885
936067844
935656222
935188527
934825448
934536330
933955832
933955552
933705887
933491234
931868386
931608661
931516665
931350763
931345620
931344961
931344687
931067037
930669424
930273344
929567062
929563750
929383474
929234524
927749048
927490923
927104946
926521613
925691089
925289742
924996409
924574022
924457731
924169998
922960635
922845777
922715381
922493921
921842468
921403366
921159905
920952915
920570123
920449082
919996278
919717508
919140536
918345532
918136407
917692148
917690536
916127060
915864187
915509519
915265981
914952477
914534808
914445951
913862423
913671744
912580457
912192314
912157748
912113290
912100597
911462116
911127631
910910207
910658953
910452090
909067007
909027917
907951686
907668197
907328150
907239020
906901192
906709105
906583802
906042555
905827023
905632657
905192745
904911544
904681268
904413324
904152587
903980007
903690603
903427899
903384222
903324855
903042683
902023584
902019657
901494176
901096928
900692228
900603219
900207131
899605296
898399075
898231816
898197740
898059005
897414617
897375607
897125866
896544886
896322957
896153345
896092873
895600705
895510085
894501925
894258495
894228906
893508405
893287049
891740839
891730287
889996559
889503670
889055754
889000943
888976251
888632211
888548080
887896672
887834104
887237616
886957453
886640008
885080877
884491203
884086478
883895657
883590551
883558809
883343845
882819951
882387303
882197352
881353174
880549847
880456296
879632137
879269080
878738641
878671225
878389662
877915628
877781497
877541177
877419423
876110272
875579902
875497563
874948851
874586968
874562364
874209226
873201258
872728488
872697061
872203160
871976875
871711244
871329903
870851845
870272254
870217050
869334073
869284073
869127734
868508974
868389553
868030858
867696965
867543052
867306677
866765676
866747796
866614765
865598764
864645211
864489064
864387306
864135139
863850986
863568276
863495332
863374909
863175434
862886990
862419452
861819804
861678418
861136652
860844952
860524455
860310347
860035815
859582829
859338188
858894317
857956848
857857111
857844196
857647922
857428184
857331122
856091116
856086111
855783928
855588055
855306050
854565757
854441320
854396665
854342350
854309058
854151863
853984434
852981856
852351165
852159831
851927805
851672068
850358322
849894418
849737828
849421341
849379192
848759777
848694753
847222906
846771834
846468021
846163951
846124618
846028171
845749616
845671551
845466975
845067869
845053456
844896254
844749867
844549282
843845179
843594040
843560867
843475960
843268992
843247397
843227770
843120009
843101244
842713704
842670069
842662052
842551305
842270662
841975443
841962830
841689816
841657231
841650317
841416007
841316788
840908068
840677209
839458125
839202769
838948746
838933247
838367782
838156781
837691344
837575020
837048446
835894460
835297520
835292343
834530220
833996474
833377566
832720250
832469808
831992219
831724266
831533893
831458242
831225775
830942430
830810258
830089234
830053966
829958998
829891209
828574342
828222263
827311008
827145686
827045269
826741251
826313574
825930118
825877660
825477684
824530274
824497638
824479054
824454407
824136672
824041869
823996588
823768044
823456237
823127145
822919688
822893345
822750786
822420167
822118187
821306806
820847239
820402975
819028536
817508725
815580712
815106976
814789765
813779576
813128991
813014947
812971772
812870220
812618980
811980641
811886811
811727523
811363431
811292563
810239767
810005043
809435477
809355230
809154010
809016424
808619912
808515604
807698099
807548265
807527859
807157059
806987376
806397847
805140271
804758938
804642262
804484962
804042908
803682931
802985180
802836396
802496059
802075277
800928717
800715873
800270144
799942505
798039560
797351104
796706939
796027542
795952012
795840679
795761263
795508388
795440057
795142357
794934000
794859344
794336891
794243256
792235669
791154706
790841897
790706944
788998165
788504567
788353998
788289416
788225296
788195285
787969831
787873239
787444027
787401744
787366779
786952575
785941472
785784649
785782495
784661562
784587203
784435943
784224016
783274905
782414910
782337190
782215196
781827225
781826461
781358972
781126598
780234807
779954592
779479513
778606596
778398902
777911824
777459755
777363786
777349005
777012660
776772351
776503411
776499130
776279353
775885869
775833875
775726675
774610409
773575150
773416249
773127828
773074993
771455977
771293569
770757890
770444005
770430408
770382133
769917605
769690725
769621195
769238910
769091297
768683033
768489223
768039285
768009274
767471151
765945861
765474750
765381188
764929930
763756595
763257399
762829976
762580432
762310325
761875843
761728790
761215752
761071563
758715143
758433065
758150721
757670242
757280556
757252164
757222073
757154710
756186474
756138543
756094169
755918756
755918669
755678440
755468246
755206589
755082330
755030534
754765027
754683717
754229863
753145377
751981791
751954703
751447504
751201753
750010853
749895133
749757055
749578415
749533156
749306418
749217883
749063387
748008676
747182983
747011103
744216468
743804967
743537811
743442341
743186469
743025611
742816838
742394393
742304926
742210230
742183788
742001700
741657977
741156077
740465296
740259433
739173695
738722887
738614712
738396924
738318716
737981758
737939831
737668575
737497787
737232720
736995442
736495332
736376402
735648997
735569954
735222351
734797468
734787830
734520452
734432987
733850022
733733702
733362206
733209700
733026291
732984112
732722257
732598758
732423689
731976397
731895773
731632029
731391630
731305716
731100566
731032011
730788055
730751045
730661264
730556695
730091498
729212309
728999274
728159479
727252673
727141605
727072291
726001401
725859283
725854599
725565212
725126933
723097718
722678338
722673822
722570564
722022222
721868041
721860757
721739379
721615614
721538485
721403614
721326688
721152542
721128735
721095752
720694487
720490139
720053613
720026073
719890450
719834533
718612000
718072900
717997358
717629353
716436812
716243686
715905264
715543316
715401245
715095611
714720603
714480088
714355861
714105553
713961808
713839225
713463459
713450762
713115652
712337975
712137800
712126113
711523100
711346541
710662325
710253552
710225784
709760651
709653832
708900334
708766529
708536038
708394925
707859573
707835988
706741309
706501383
706276547
706090057
705856118
705822763
705075612
705009345
703955554
703349335
703176296
703029672
702786253
702200497
702072035
700564255
700183770
700131782
700093003
699907841
699633106
699184621
698753664
698437954
698073462
697885804
697452524
697269747
695749519
695650697
695602933
695361770
695228629
695025362
694328279
694274155
693436968
693185302
693007873
692913002
692828968
692595696
692169155
690977650
690221653
690155337
689463100
689451691
689232292
688745998
688252855
688244652
688115537
687179807
687109083
686563430
685879810
685436939
684555353
683354757
682971688
682916054
682512115
682333762
681983223
681603262
681584071
681537014
681308774
680887511
680529071
679984374
679851214
679678272
679361536
678373173
678143056
678130491
677973102
676957814
676553125
676393400
674515307
673954861
673695539
673092516
672782043
672114575
671379076
671318771
670857950
670397013
670053193
669743334
669428266
669270569
669194665
668501860
668045798
667954333
667721412
667719200
667651854
667529566
667500943
666421739
666200439
665819689
665791845
665474682
665130965
664503307
664193241
663748792
663436896
663369490
663285200
663117068
662449935
662354298
662305625
662302393
661974887
661953280
661872526
661580135
661202928
660737556
660581134
659654861
659566209
659409318
659195190
658610133
658444721
658363317
658332398
657940237
657502294
656280647
656178601
656162015
655767319
655638597
655441300
654538075
654212262
653507420
653505654
653190851
652905943
652794415
652671165
652429819
652344865
651832465
651532453
651359356
651266055
650857566
650503418
649876899
649527497
649241574
649064754
648827740
648726001
648627713
648521015
648044380
647930819
647878327
647624029
646100608
645651257
643505967
643434112
643189481
642631992
642529582
642333932
642203986
642067131
641316165
641178599
640244032
640119826
639775369
639763357
639710972
638613118
637608516
637227115
637186675
637088828
637062559
636958122
636269810
636076950
636036632
635867657
635203560
634851960
634788384
634582523
634157614
634125255
633904925
633788418
633691599
633654366
633331738
632253793
631058413
630838876
629965266
629840930
629555367
629472333
628770665
628444541
627929808
627307015
626717704
625893686
625744218
625612866
625294325
625178533
624608351
624203207
622730873
622388720
621317960
620934566
620857943
620508557
620395117
620143043
620121514
619688060
617828687
617812819
617024692
616047946
615851467
615729530
615649776
615461033
615117013
614429098
613904574
613666593
613174798
612805886
612273871
611707306
611607856
611354735
610376892
609949213
609072483
608892297
608010419
607883001
607629685
606890527
606646879
606358356
606106158
605277413
605049795
604681873
604455568
604058299
604005535
603858012
603601376
602868433
602819489
602415928
601941948
601837209
601552292
600746549
600656714
600583487
600579132
600283437
600243916
600014227
599937760
598643654
598257463
597537954
595933629
595931333
595809825
595242286
595173472
595142812
594968542
594392512
593847149
593742496
593688988
593447694
592836628
592605802
592591506
592388293
591645094
591054934
590842359
590760472
590605217
590096473
588685235
588363974
587837149
587835370
587380351
586937547
586459536
586191052
585997229
585718516
585361429
585146378
584684243
584186278
583953383
583844192
582967852
582765287
582234617
581976692
581737256
581712531
581614615
580887272
580666094
580483738
580429163
579983692
579738879
579532555
578261939
578165729
577629304
577551727
576795015
576760866
576730559
576443079
576360527
576218988
575545643
575500093
575206450
575096072
574837894
574556330
574468497
574275141
574048706
573583320
573328983
573125246
572475754
572312853
572199219
571696532
571554135
570517702
569640919
569329695
569248628
569173285
568639215
568598374
568451749
568406693
568277362
567567141
567520825
567368299
567037879
566937924
566854059
566548669
566116472
565620330
565563513
565461002
565260518
565188328
565166235
564658463
564624966
564570987
564446818
564276963
564033516
563847540
563339314
562585391
562384549
562308883
562302386
562003649
561548910
561204053
561069583
560995927
560919099
560475547
560327548
559804434
559781821
559628067
559554869
559195641
558408632
558341512
558331083
558243772
558084332
557303120
557251837
556937338
556868400
556776500
556737930
555961910
554500989
554438534
553492220
553381999
553371540
552713094
552641025
552543991
552274109
551492579
551324617
551318769
550616977
550332196
549710248
549546512
548826684
548692370
548247104
548123024
547996942
547681223
546979323
546139524
546045086
545861546
545753332
545385314
545254279
545064313
544798186
544453256
544425022
544250619
544141967
543699551
543653120
543554644
543389667
543082741
542829439
542466409
542444777
542388323
541730801
540483556
540459235
539921935
539829818
539175933
538672872
537695191
537497266
537227070
536347322
536242232
535918784
535757058
535701343
535585024
534835649
534296114
534005644
533551779
532955282
532856114
532349009
532062239
531762986
531423641
530446896
530439767
529972014
529849157
529150422
528946042
528638724
528381934
528101129
527348933
526863034
525817427
525805033
525609282
525594286
525454427
525273401
525053274
524593856
523598510
523085888
522566227
521897145
521289703
521221594
520719695
520569204
520025086
519915558
519724430
519507605
519392722
519018885
518355300
517691478
517359485
514969398
514779609
514493789
514097554
513366453
513268878
513222377
512728300
512728102
512220473
512219794
511884157
511687499
511203537
511007946
510847200
510707733
510487231
510070996
509797435
509494517
508957259
508593774
508381680
507414315
506887060
506134181
506012982
505878317
505791536
505682369
505492285
504873757
504539277
503492001
503479181
502540310
502245796
502214652
502157027
502052806
501955361
501717146
501659729
501584168
500658392
499991368
499754099
498838835
498326054
498133119
498092162
497911059
497764308
497350200
497282568
497254364
496908130
496808130
496679184
496004384
494657036
494551266
493250097
493136048
493108111
492720223
492641526
492195067
491808114
490683275
490505255
490349702
490256872
489664990
489432967
488085810
487625097
487584138
486816362
486712591
486236848
486113875
486046173
486042692
486027245
485484226
485339128
485141347
484808401
482996062
482900403
481741518
481653271
481112253
480998395
479967579
479799823
479303176
479217708
479122259
479105526
478972258
478413639
478278887
478097257
478083004
477355629
476890280
476748453
476186695
475686432
475637177
473710805
473379770
473074535
472975363
472686844
472479658
472307917
471748513
471677781
471619377
471215282
470551351
469359617
469033852
468979766
468932116
468932076
468843009
468764960
468299271
468240583
468088313
467923087
467388936
467264824
466798955
465607010
465233269
465159337
464580493
464549258
464087087
463923111
463706870
462823170
462740457
462444836
462366802
461809604
461671410
460776572
460679627
460461090
460399203
460055893
459638694
459325819
459103867
458000236
457022621
456926681
456121511
456095313
455954141
455896583
455871874
455823929
455704931
455629797
455248800
455073490
454775859
454122309
453890560
453778756
453328442
453188718
452995941
452813466
452339913
452097774
452022149
451953938
451924083
451850416
451736893
451305385
451137559
450536432
450348225
449861135
449610049
449487947
449272772
448910107
448292365
448246289
447360014
447125149
447114972
446759576
445941142
445841424
445487164
444787005
444654178
444625302
444605081
444603816
443835402
443756335
442152299
442037509
442025185
441134870
440506000
439930776
439737141
439689745
439084405
439013895
438753814
438497216
438060092
438040432
437586244
436525271
436405846
436147984
435994524
435928213
435439499
434909736
434826289
432341995
432322974
431869803
430997721
430706817
429434714
428680660
428284142
428077378
427598633
427597035
427477855
427466231
427236087
427054830
426372462
426122861
425407067
423624445
423508950
423341411
423327460
423287008
422915467
422588166
421617696
421035328
420756291
420277984
420047334
419978540
419589505
419284553
418987736
418767803
418102135
416932135
416435368
414843158
414618000
413110168
412898580
412221852
412209523
411681987
411672369
411635779
411576456
411171897
410910033
410258500
410083526
409931046
409872282
409833366
409596322
409252665
409170099
408865014
408682396
408645068
408608840
408325550
407923250
407919111
407863445
407541974
406332484
406221173
405334767
404900764
404636611
404408046
404161121
403768667
403471489
403019049
402908746
402786626
402510987
402500772
401978060
401113653
400282079
399704596
399597526
399588464
398978719
398813856
398389768
398370191
397882313
395940795
394756543
394189887
393857769
393337900
393330413
392865380
392761561
392395453
391686653
390997168
390755472
390453088
390228551
389631836
389362864
389274005
389246122
389236303
389186071
388999026
388349254
388210222
387517493
387485904
387046700
386757930
385949436
384624428
383362048
383282283
382789160
382786171
382187461
382014997
381843261
381803406
381417193
381186450
381007214
380856883
380514609
380418118
380350805
379772356
379711502
379416444
378972359
378824370
378809242
378681642
378084445
377704270
377250429
376518430
376407763
375995336
375914927
375719298
375510833
375378942
374616894
373149447
372542152
372305027
372116809
372104749
371922236
371789009
371514114
371463011
371458559
371433108
371428313
370919914
369974522
369595275
369417024
369296357
368754475
368537386
368485928
368476523
368031140
367705179
367502696
366908261
366161847
365967517
365784019
365505428
365347919
365088327
365000030
364752169
364689465
364593111
364531255
364505599
364117294
363539098
363418798
362931195
362738385
362717847
362140018
362113649
361721340
361710467
361567051
361502447
359630138
359356292
358594507
358506118
358502098
358108712
357377863
357373331
357103992
355756970
354969803
354822496
354446599
354382029
353573516
353332832
353131155
353013680
352455428
352043300
351879641
351697645
351582014
351008721
350474841
350350313
350264917
350085199
349941189
349869619
349190206
349104646
348938315
348850526
348777279
348086557
347909635
347414088
347071443
346880883
346749201
346564958
345807037
345664020
345530619
343648636
343221673
343185432
343012020
342964314
342601304
342344901
341386752
341160365
339997225
339808726
339478779
338889323
338184258
337955588
337399118
337132849
336123446
335067812
334923826
334831852
334289313
333855152
333677221
333565439
333444371
333207238
333199626
332815180
332784146
332555888
332159746
331642575
331397784
330128861
329872277
329766578
328814331
328799733
328783167
328299868
328132302
328041011
327590662
327146502
326905056
326783455
326623432
326230524
326124335
326117062
326009761
325367473
324741229
324739825
324087589
324022267
323714394
323188439
322512997
322309323
321626188
320034475
319994499
319832580
319515654
319351540
319086241
318475980
318061899
317972886
317745271
317132000
316883062
316128448
315963555
315814079
315789336
315765202
315573287
315096152
314920659
314553031
313968948
313489407
313411673
312868936
312549506
312477359
311723060
311559971
311478579
311385653
311242813
311194221
310263023
310016600
309713893
307429219
307253856
307159423
307136023
306883193
306559766
306530183
306364522
305963828
305724865
305593317
305510112
304761891
304611812
304366657
304321644
304286726
303875683
303038156
302791576
302530598
301588714
301578113
300546772
299964230
299951233
299791193
299666778
298056357
297600876
297577591
296905290
296530888
296039036
296017576
295967097
295857421
295410436
294596615
293997348
293800016
293707374
293133932
293131799
293026831
292846438
292118259
291364675
290693384
290667025
290456436
290371138
290271073
289827250
289635111
288266266
288260297
287562030
287419152
285913045
285745149
285621067
285008230
284588236
283697492
283324241
282858172
282372199
282278903
282223237
282068897
281662299
281311549
281165651
281155387
281023429
280091527
280070953
279954185
279181023
279174267
279077935
279047590
278108762
277740101
276868798
276750239
275998264
275959186
275910123
275696897
275602566
275276825
274279763
274242598
274177017
273768272
273721876
273343432
273099795
273075562
272849232
272693959
272645057
272619172
271992468
271825949
271233854
270725080
270471379
270202581
270180753
270178287
269786588
269328249
269324087
269263495
269250749
269094266
269037399
268897432
268841160
267759527
267523115
267185349
266824504
266126971
266097367
265847070
265540930
264957823
262582163
262354408
262328759
262280285
261849673
261439905
261170414
260771251
260693824
260466728
260049249
259476176
259466618
259260487
258571417
258411623
258115041
258043949
257957661
257704578
257672910
257611505
257552775
257267937
256702754
255161757
254992799
254459108
254151050
252594085
251930838
251806404
251579917
251008563
250461035
249784866
249748150
249255094
249033221
248786079
247855657
247515735
247323612
247235159
247196086
247111696
247096222
246673855
246534942
246504674
246099114
245808888
245796818
245321469
244911131
244670703
244442286
244285818
243894357
243802827
243213758
243097720
242246490
242102735
241940830
241420263
241407830
241109962
239824195
239402644
239117503
238979625
238512481
237974364
237885441
237834769
237759214
236605068
236559000
236484534
236418169
236310644
236208591
236208450
235711871
235652947
235243621
235141828
234585751
234517190
234215809
233691443
233494784
232121313
231962723
231763718
231720333
231446335
230308572
230297633
230139033
230067784
229573126
228836457
228239672
227489353
227374290
226291952
226279685
225559140
225523493
224273784
224063609
223978029
223916150
223586294
223471797
223167671
223140760
223031907
222949528
222827327
222814166
222728184
222252192
221740531
221674238
221641574
221516234
221501810
221496263
221275157
220434337
220112134
219811359
218585153
217813054
217216993
217176169
217101427
216978454
216842260
216824015
216019877
215994814
215338899
214609582
214539150
213799953
213730299
213462072
212881123
212449175
212314964
212127005
211517231
211112712
210975315
209912052
209629091
209573299
209023605
209011385
207974437
207931472
207913877
207835706
207725304
207387243
207119372
207071169
205903132
205867848
205619405
205588541
205006848
204592223
204011909
202596864
201471996
201281393
201241536
200231917
199999517
199567631
199331938
199171478
198104667
197500107
197110456
197079760
196915740
196795937
196611287
195941814
194717849
194650547
193589665
192957690
192803517
192204257
191842099
191779169
191263900
190366969
190003033
189504107
188842196
188738989
187270499
186684736
186524692
185350290
185210713
185146311
185006678
183584264
182823762
182763428
182685911
182676240
182516781
182471107
182287847
181998956
181880477
181445983
181375990
181077932
180869229
179752376
179642445
179639918
179294805
178485284
178014355
177539604
177531118
176792847
175219351
174533698
174496095
174414357
174096003
173829985
173793155
173583043
173007434
172600895
172400101
171292621
170962916
170618940
170414562
170263079
169658279
169630597
168895351
168829473
168125400
168073439
167945321
167830780
167601863
166047858
165541269
164498715
164410870
163828483
163482354
163479134
163359556
163023046
162961012
162823775
162740918
162442917
162424787
162221811
161618545
161167769
161058993
160904775
160873047
160420394
160061832
158586136
158409861
157955134
157329947
157220015
157140837
157137745
156863483
155947313
154880648
154736787
154548479
154428204
153861944
153784356
153754941
153657679
153403809
153228285
152156445
152073696
151796339
151643093
151616991
151422767
151380597
151112578
151074517
150248312
149805027
148108495
148086109
147538316
146841035
145540803
145228034
145057061
144858217
144552761
144532847
144422708
143852430
143764246
143357167
142934615
142863868
142829737
142110598
141883037
141415804
141222104
140705310
140287322
140101272
139897395
139704261
138509346
136771164
136209576
135751039
135577420
135025521
134734769
134636370
134597942
134373819
132398314
132223049
131904149
131763079
131515415
131233405
131128627
129753597
128922112
127974961
127853307
127646202
127524579
127165833
126724276
125852444
124889223
124576474
123846624
123538130
123350092
122853386
122629057
122587455
122529901
122356096
122041723
121636800
121489146
121235376
120351312
120182328
119868013
118781298
118115367
118066915
117893055
117769943
117649268
117586614
117334407
117150690
116917907
116843009
116360637
116246407
116109514
115599716
114973857
113847957
113775910
113322503
113311769
113195270
112748269
112442797
111932468
110969633
110903117
110886263
110884579
110782337
110638864
110399890
110262933
109850432
109434500
109201773
109197480
108962704
108895553
108801329
108105998
107321014
107102359
107073243
106637964
106578165
106190935
106170271
105224294
105021550
104914751
104779214
104774613
104750808
104606159
104005537
103049815
102858171
102522836
101985661
101514689
101041790
100591536
99983969
99971619
99418812
99213148
97890295
97723146
97723112
97459398
96553652
95907668
95731104
95606237
93984883
93782597
93742883
93437776
92445511
92051975
91872274
91573237
91043377
90781283
90727875
90656721
90538511
90465982
90464072
89976382
89840335
89568455
89518231
89368169
88793559
88722785
88347449
88060343
87880132
87817123
87530599
87444792
87161177
86741358
86697993
86497661
85375242
85005875
84783143
83606115
83309441
83293273
83269179
83091666
82537212
82500332
82457101
81884693
81773462
81767232
81396793
81391170
81270498
80912049
80513321
80438024
80279914
80190196
80088901
80055764
79901101
79679556
79383735
79348092
78821365
78741696
77809948
77317287
76958527
76892681
75966225
75897865
75891643
75799801
75768297
75746438
74113148
73871634
73265849
73262503
73227285
72744581
72134395
72008550
70980122
69901603
69429548
69024294
68721508
68577984
68342206
68034618
67941841
67786195
67725885
67152849
66737801
66576515
66238606
65822073
65697379
65531947
65067324
64963580
64956131
64585628
64197846
63554596
62316938
61733932
59857181
59330101
59269574
58957193
58859819
57536206
56634400
56315178
56048397
55028177
54808316
54803870
54103844
53627483
53596870
53571977
53118559
52538156
52378351
52248070
51645324
51636516
51571757
51330201
50630366
49560608
49478466
47348615
46750257
46138757
46086220
45859271
45512380
45434494
45298306
45173388
44915406
44225283
43961125
43625071
42869166
42650724
42198728
42007420
42003052
41908641
41841464
41812596
41790386
41006916
40665142
40511431
39985397
39870275
39823672
39564070
39533191
38325558
37783170
36311495
35335649
34953069
34923697
32466059
32407110
32402256
31715357
31429729
31335258
30009494
29880258
29854862
29782612
29371918
29280329
29074184
28425167
28171221
27171463
26853675
26666824
26655941
26429532
26417241
25849106
25307647
25264939
25213556
25020586
24830856
24550327
24087243
23916801
23560645
23500562
22882641
22816582
22531086
22357436
22236900
22014522
22002634
21949963
21460025
21105642
21083258
20979449
20900368
20017135
19815652
19666028
19157514
19010498
18631730
18312202
18026518
17920986
17517466
17200322
17163388
17156391
15974000
15455878
15019745
13849875
13462700
12685042
12392644
12166167
11943670
11673746
11047473
10929720
10428601
10089934
9839587
8545153
7791123
7158699
7052690
6833400
6816720
6641311
5049758
4881824
4827595
4710611
4363042
4351461
3304659
2652556
2026889
1649109
1326488
1276764
542084
263241
143840
42297
