2147272637
2147244048
2147198776
2146966241
2146726173
2146056806
2145923278
2145558565
2144980596
2144526912
2143907967
2143798206
2143526605
2143365162
2143324456
2143288853
2143145628
2143000464
2142988390
2141945924
2141518945
2141114707
2140616631
2140359984
2140220198
2139839232
2139796825
2139580524
2138973460
2138690600
2138407731
2138303472
2137893221
2137490254
2137235153
2136739046
2136619452
2136554301
2136188450
2135843849
2135834041
2135697511
2135200611
2135060528
2134402699
2134353705
2134305615
2134250109
2133935116
2133810349
2133121967
2133079517
2132815116
2132554259
2132542159
2132490262
2132424289
2132377570
2132120311
2132053625
2131094204
2130876312
2130259803
2130212815
2129752599
2129549520
2129229488
2128961264
2128691877
2128280377
2127825985
2127821352
2127460823
2127459385
2127342015
2127304511
2127264287
2127257841
2127005985
2126447856
2126435035
2126253526
2126026113
2125940389
2125668864
2125652522
2125531876
2125217622
2125026198
2124923170
2124900349
2124859489
2124676981
2124436425
2123185282
2122906768
2122734672
2122681767
2122584880
2122568546
2122543714
2122291980
2121423388
2121228656
2120645172
2120606225
2120299177
2119896083
2119687941
2118909674
2118585738
2118121877
2118102505
2117971139
2117561624
2117545828
2117527160
2117026149
2116893187
2116649158
2116243501
2116065454
2116016304
2115965627
2115600336
2115548838
2115297557
2114925410
2114301896
2113786858
2113569705
2113426298
2113382808
2113291396
2113060082
2112859254
2111500707
2111457188
2111303149
2110985213
2110982088
2110960210
2110930930
2110860311
2110316415
2110063593
2108673759
2108512527
2108469116
2108218885
2107810160
2107674845
2106078369
2105852456
2105613521
2105494162
2105131281
2104793794
2104617038
2104462847
2104351137
2103816327
2103748882
2103417678
2103345918
2103301254
2102858240
2102680287
2102427004
2102214093
2102111291
2101851489
2101729475
2101670226
2101335725
2101327578
2101219514
2101090310
2101054655
2101022827
2100967584
2100835074
2099987530
2099808538
2099534568
2099524082
2098950761
2098886384
2098829084
2098780865
2098691616
2098671365
2098627189
2098182164
2098048182
2097643869
2097401302
2097060156
2096435558
2096142116
2095946242
2095897814
2095532533
2095370765
2095325776
2094816670
2094737810
2094565391
2094376546
2094060979
2093361039
2092977968
2092971633
2092620875
2092579240
2092380815
2091718549
2091521940
2091311024
2090590085
2090383155
2090331497
2089623159
2089058049
2088999501
2088792340
2088391573
2087928044
2087641184
2086915584
2086825586
2086653466
2085465277
2085033311
2084894886
2084379373
2084371549
2083929628
2083122882
2082859802
2082623278
2081633168
2080770768
2080309383
2079919923
2079014450
2078993982
2078936651
2078605961
2077788071
2077694354
2077455017
2077341355
2077149822
2076875725
2076697544
2076339175
2075942252
2075874451
2075700321
2074938465
2074617069
2074524035
2074287641
2074273955
2074179026
2073813547
2073700379
2073458088
2073237375
2073148570
2072284338
2071748670
2071557196
2071226327
2070269235
2070064671
2069977158
2069725322
2069296102
2068522779
2068101338
2067754489
2067234146
2067205798
2067079239
2066653856
2065684465
2065632963
2064291394
2064229212
2063885036
2063663868
2063414088
2062449326
2062406021
2061770474
2061306661
2060753858
2060576979
2059765621
2059492395
2059482699
2059414748
2059355306
2059042984
2059034285
2058004868
2058004620
2057833704
2057025232
2056041334
2055932075
2055670844
2054692450
2052914086
2052650590
2052458745
2052273205
2052035988
2051793776
2050986521
2050880291
2050165697
2049645188
2049603805
2048967621
2048923385
2048834958
2048489031
2048367316
2048349859
2048049759
2047915596
2047612338
2047603813
2047389798
2047151182
2046240096
2045818107
2045634585
2045352781
2044423687
2044363128
2044243797
2043773402
2043628607
2043143001
2042757210
2042093652
2042015738
2041810510
2041473796
2041164926
2041054398
2040739852
2040484351
2040474033
2039983707
2039426879
2039410306
2039368008
2039247895
2039131616
2039100473
2038928600
2037921158
2036671090
2036613902
2036370396
2036284108
2036250774
2035774805
2034748681
2034722615
2034665067
2034211005
2034179858
2033955670
2033749438
2033741028
2033513465
2033104568
2033053832
2032923332
2032913492
2032831470
2032800598
2032737574
2032449379
2031664436
2030810781
2030605282
2030406786
2030331755
2030192725
2029419081
2028944877
2028721776
2028435593
2028214361
2028008329
2026996250
2026502277
2026272595
2025812549
2025791705
2025447103
2025356271
2025246374
2025162194
2024631287
2024600477
2024496360
2024398768
2024161099
2024107602
2023347413
2022582915
2021834528
2021700677
2021237316
2020858273
2020649903
2020103284
2019987491
2019968715
2019220988
2019158392
2018449537
2017917420
2017802728
2016992618
2016696808
2016175687
2016088205
2016010871
2015960057
2014684279
2014177676
2013808925
2013703981
2013553175
2013052128
2012072969
2012040437
2011738792
2011439470
2010638557
2010363042
2010164432
2010152259
2008968297
2008968142
2008730318
2008318837
2008094822
2007930258
2007862578
2007701896
2006667266
2006136573
2006074608
2005670344
2005610827
2005561383
2005528515
2005523276
2005462047
2005388822
2004826691
2004713421
2004532722
2004338306
2004175394
2003956565
2003918096
2003716916
2003675519
2003608883
2002426900
2002352771
2001909498
2001696215
2001304038
2000941406
2000420040
1999818908
1999727276
1999417124
1999128930
1999003791
1998912366
1998531842
1998051879
1997725730
1997332712
1997295365
1996117108
1995397979
1995386924
1995301691
1994847759
1994751204
1994658230
1994601864
1994573508
1994510377
1994383704
1993554087
1992818808
1992533285
1991820397
1991416862
1991299753
1991082541
1991038037
1990958675
1990768601
1989760912
1988981392
1988784020
1988783162
1988490717
1988040254
1988037902
1988005706
1987896707
1987569657
1987559664
1986846339
1986767486
1986065540
1985971311
1985866017
1985619139
1985016261
1984276285
1983380083
1982943898
1982832704
1982550635
1982125523
1981355611
1981087722
1980405399
1980125537
1979792917
1979703911
1979210771
1979090212
1978585958
1978318030
1977429300
1977177307
1977051426
1976545366
1975709262
1975657798
1975648333
1975494020
1974956984
1974918813
1974812675
1974705034
1974125419
1973929026
1973792389
1973764077
1973695004
1973405038
1973224115
1973026059
1971977643
1971862713
1971745176
1971679691
1971640523
1971629082
1971446795
1971189748
1970574737
1970475987
1970096545
1969996522
1969626782
1969378793
1968933069
1968402894
1968279316
1967862800
1967440483
1967068967
1967059991
1966237835
1966160584
1965784322
1965407715
1965277982
1964967477
1964937352
1964877727
1963777363
1963761729
1963603619
1963085252
1962989953
1962674509
1962642227
1962587819
1962367652
1962056574
1961738083
1961720663
1961672449
1961323256
1960776380
1960363530
1959967560
1959885351
1959365950
1959351440
1959000673
1958727201
1958633639
1958591724
1958379455
1958093492
1957662001
1957309029
1956699564
1956419990
1956034552
1955976945
1955750312
1955729026
1955564077
1954674966
1954108684
1954000184
1953556482
1953279686
1953261719
1952493338
1952202188
1951914652
1951373407
1951062818
1951042699
1951026716
1950759343
1950709612
1950616299
1950560287
1950204943
1949088539
1949038834
1948578574
1948470231
1948237598
1947758392
1947475718
1947022695
1946970340
1946002188
1945980346
1945753598
1945689739
1945384513
1945171111
1944915684
1944892524
1944769092
1944588929
1944425379
1944406541
1944098444
1943993691
1943943287
1943643481
1943403311
1942844133
1942566353
1942175836
1941310661
1941083224
1940893263
1940070555
1939164940
1938483111
1938460287
1938433518
1937476636
1937309384
1936630991
1936554296
1936417870
1936405171
1936378421
1936324919
1935990693
1935864970
1935726753
1935497099
1935282199
1935183234
1935037057
1934538352
1934003124
1932941334
1932793763
1932721016
1932191782
1931621317
1931455306
1931297811
1931051718
1931008449
1930985261
1930948094
1930878078
1930840483
1930598189
1930563419
1930556268
1930110293
1930040414
1929982784
1929913341
1929309083
1928883311
1928676051
1928657207
1928233630
1928224106
1927430311
1926988505
1926886634
1926883543
1926810416
1926731789
1925929823
1925750020
1925696000
1925091444
1924974820
1924898429
1924796432
1924786316
1924329812
1924204165
1924078006
1924017092
1922981887
1922969791
1922956187
1922953918
1922616503
1922390371
1921974680
1921748392
1921702363
1921574943
1921023218
1920514222
1920078740
1920018985
1919112505
1918007444
1917778656
1917680463
1917497302
1917409780
1917406858
1917279706
1916363538
1916356687
1915884731
1915158684
1914961879
1914790706
1914623857
1914609805
1914423666
1914200789
1914061217
1913759916
1913207794
1912741988
1912195233
1911669019
1911549306
1910672145
1910550779
1909916325
1909261878
1909068565
1908853448
1908666520
1907490783
1906705182
1906516393
1905702002
1905662676
1905247479
1904721918
1904579829
1904528375
1904281056
1903621110
1903592458
1903475760
1902901678
1902655616
1902557768
1902109498
1902009233
1901795257
1901783740
1901263070
1901070222
1900666372
1900627379
1900415773
1899939330
1899377541
1898521806
1898243450
1898118787
1897791366
1897169571
1897086820
1897054869
1896138767
1895467387
1894622232
1893496873
1893477121
1893276213
1893182601
1893010410
1892881522
1892713924
1892634741
1892320567
1891964363
1891612594
1891453700
1891255162
1891084222
1890708087
1890352661
1889396904
1889150408
1889052555
1888994948
1888816482
1888682121
1888602601
1888392346
1887908293
1887092190
1886535973
1885896527
1885864649
1885129137
1885108897
1884913430
1884837428
1884514333
1884286295
1884179227
1883664657
1883111914
1882643594
1882263637
1881959225
1881792563
1881314376
1881211487
1881096724
1880547004
1880393997
1879948848
1879598669
1879521338
1877730905
1877620838
1877055620
1877018084
1876970284
1876537488
1876299292
1876212056
1875736900
1875700680
1875310259
1875088417
1874976244
1874600381
1874457330
1874377252
1872619122
1871954913
1871525639
1870938855
1870913105
1870890645
1870591979
1870580501
1870468036
1870117410
1869911488
1869688689
1869424499
1869338052
1869067528
1868821726
1867695089
1866956355
1866243713
1865979213
1865773997
1865602261
1865175096
1864937274
1864720403
1864409922
1864350244
1864007148
1863484875
1862466654
1861780615
1861579295
1861198764
1861196160
1861121108
1860753246
1860579932
1860251548
1860103720
1860090767
1859840672
1859832954
1859485884
1858856674
1858621363
1858482232
1858293874
1858257547
1858256517
1858127123
1858066551
1857817964
1857517298
1857400866
1857067257
1856926064
1856827389
1856519703
1854752270
1854557749
1854243165
1853778372
1853630386
1853602588
1853169683
1853101599
1852809828
1852248717
1852241371
1850555057
1850341286
1849595876
1848938274
1848880726
1848730344
1848456644
1848230547
1847886354
1847393626
1847045531
1846805975
1846589978
1846580754
1846483111
1846130461
1846035586
1845923264
1845682003
1845528832
1844682425
1844219125
1843334418
1841706789
1841375719
1839679009
1839483688
1839403969
1839280165
1838712010
1836943240
1836354282
1836320371
1835067380
1834851614
1834301673
1834084136
1833247184
1832911203
1832652250
1832437376
1832251275
1832149383
1831930628
1831707179
1831367193
1831115878
1830484432
1830376262
1829563849
1829540181
1829530800
1829338978
1829299154
1829248058
1829239060
1829202927
1828051183
1827480170
1827397699
1827349690
1827119519
1827055070
1826743479
1826400814
1825836520
1825609959
1825324939
1825217910
1825102381
1824915826
1824714464
1824246658
1824184939
1824181130
1823430624
1823258246
1822998811
1822652085
1822340370
1822287520
1822048480
1821344732
1820998228
1819967580
1819609678
1819470075
1818778098
1818670455
1818461230
1817736494
1817442219
1817319716
1817238893
1817177108
1817146687
1817134980
1816219502
1816137081
1815762432
1815638731
1814550740
1814447796
1814388879
1813873363
1813554770
1812733324
1812458701
1812200780
1812075029
1811974639
1811108355
1811036172
1810938128
1810300574
1810285820
1809665883
1809663458
1809564942
1809470662
1809420347
1809352755
1809187467
1809137900
1809106691
1808609973
1808241253
1808208544
1807292550
1806932027
1806907822
1806882636
1806646518
1806523100
1806095779
1806065737
1805828130
1805567028
1805469567
1805443181
1805057070
1804842043
1804837909
1804549182
1804505034
1804451008
1804330908
1804108429
1804064462
1803857215
1803626214
1803418819
1803100118
1802639239
1802294386
1802028082
1801933052
1801559367
1801461851
1801251187
1800904979
1800555799
1800327067
1800325239
1800010081
1799548051
1799457778
1799285979
1798737747
1797425779
1797285304
1797231656
1796446926
1796232729
1796161684
1796027290
1795793673
1795113618
1795003641
1794598871
1794560056
1794280213
1794249105
1794121209
1793910524
1793635902
1793625897
1793528548
1793415573
1792763336
1792413177
1792398170
1791970907
1791514251
1791393563
1791117716
1790761351
1790002161
1789947439
1789802676
1789539922
1788863273
1788771776
1788645387
1788272486
1787202717
1787031559
1786891710
1786587517
1786372122
1785942058
1785899704
1785647416
1784553184
1783351432
1783154145
1782595303
1782396532
1782329605
1782050831
1781751252
1781720704
1781634627
1781567289
1781440740
1781298095
1781087711
1780750208
1780667627
1780340799
1780152076
1779981892
1779767174
1778190933
1778085767
1778060340
1778038822
1777645567
1777452418
1777294341
1776650900
1776485950
1775230852
1774563190
1774150860
1774138654
1773895322
1773669440
1773114635
1773017701
1772997018
1771961570
1771798497
1771610328
1771571713
1771353520
1770929166
1769996297
1769180188
1769015869
1768927160
1768277229
1767747835
1767080504
1766818316
1766687056
1766130324
1766067157
1765942612
1765683227
1765636591
1764287529
1763084494
1763020291
1762299090
1762240981
1761644227
1761634076
1761331157
1761088242
1760543226
1760428378
1759910894
1759080097
1758857144
1758667426
1757796905
1757451221
1757234809
1756722421
1756590800
1756467735
1756235780
1755856568
1755423446
1755321152
1754851779
1754604941
1754226028
1753916000
1753563966
1753076634
1751907168
1751349353
1751004313
1750937155
1750556705
1750438161
1750425000
1750186231
1750125882
1749526922
1749353470
1749093088
1748711385
1748421760
1748345451
1748337356
1747742216
1747710335
1747077670
1747065026
1746928487
1746800277
1746429296
1746107274
1745911771
1745614614
1745323053
1744978242
1744821249
1744028646
1743975431
1743309797
1743304113
1743077557
1742873588
1742778208
1742576846
1742469943
1742171224
1741911088
1741616504
1741538566
1741470546
1740485900
1740230444
1740134980
1739379479
1738863042
1738638087
1738608727
1738253475
1737963795
1737660213
1737294005
1737065515
1736315316
1736084483
1736083395
1736070173
1735974529
1735894252
1735584011
1735464972
1734786695
1734379250
1734079995
1733791380
1733759915
1733704815
1733191169
1733173790
1732865816
1732815159
1732623427
1732536825
1732262598
1731945900
1731478971
1731409442
1730790345
1730594120
1730327257
1729262011
1728804246
1728502536
1728174083
1727959439
1727916459
1727706439
1727387017
1727158719
1727019450
1726844672
1725976851
1725918471
1725343328
1725144617
1724773473
1724480617
1724325562
1724295487
1724232677
1723089449
1722952121
1722817217
1722188251
1721770225
1721422702
1721307366
1721180231
1720192603
1719790273
1719309701
1719230808
1719087858
1718448270
1718219465
1718207769
1717960613
1717352098
1717087723
1716732118
1716581634
1714808263
1713857044
1713784526
1713779204
1713771257
1713545082
1713326786
1713184362
1712953767
1712546132
1712342440
1712141910
1711896797
1711694772
1710977368
1710554600
1710295490
1710057985
1709878448
1709867326
1709733956
1709655702
1709470252
1708236663
1708192645
1708023909
1707898697
1707885020
1707854400
1707471986
1706744113
1706306895
1705673391
1705508849
1705302393
1705178062
1705142049
1704931402
1704450713
1703700968
1703439889
1703019087
1702867996
1702858216
1701816328
1701658702
1701475416
1701083374
1700499388
1699676506
1697505771
1697466661
1697290555
1697057824
1697052906
1697043652
1696874567
1696749544
1696627710
1696575968
1696119462
1696003303
1695988340
1695021372
1694942258
1694897056
1694839932
1694791055
1694771319
1694708934
1694670678
1693957966
1693090011
1693047625
1692980569
1692665208
1692491985
1692373237
1692302935
1691398605
1691330980
1691244900
1691008069
1690782073
1690300945
1690167770
1689897661
1689861628
1689789399
1689441008
1689262191
1689140329
1688954523
1688810139
1687878564
1687351061
1686734564
1686101152
1686027863
1685114531
1684464967
1684179057
1683944089
1683856589
1683566461
1683540275
1682992553
1682914167
1682354895
1681610156
1681374982
1680877131
1680627083
1680151342
1679705531
1679400291
1679361735
1678943205
1678815768
1678280351
1678280227
1677740448
1677153971
1676541526
1676051140
1675983132
1675819677
1675808496
1675786553
1674897693
1674811445
1674202897
1673904883
1673636196
1673566525
1673265459
1673189118
1673009596
1672994624
1672768527
1672607879
1672080863
1671918008
1671834955
1671819217
1671743449
1671439238
1671094589
1669979833
1669386499
1669019368
1668162777
1667887303
1667519561
1667370845
1667138758
1666955822
1666875391
1666154514
1666076373
1666016069
1665567606
1665144330
1664958009
1664860119
1664676762
1664288202
1664280274
1664273615
1664121483
1664090289
1664018073
1663728667
1663216701
1662948574
1662733742
1662412674
1662229406
1661301325
1661089093
1660674427
1660195397
1660163083
1659930098
1659904890
1659875642
1659641139
1659171996
1658906147
1658811557
1657999526
1657899637
1657726759
1657181414
1657137511
1656978147
1656953472
1656675203
1656217275
1656140780
1656097914
1656035942
1655955842
1655562400
1655484111
1654996916
1654932380
1654705427
1654702402
1654560108
1654529430
1654197268
1654084751
1653641713
1653416975
1653255381
1653221462
1653055750
1652882170
1652713710
1651889109
1651838738
1650871615
1650011538
1649403640
1649007262
1648952785
1648813660
1647818207
1647476375
1647114765
1647095124
1647065626
1646808281
1646799825
1646725078
1646629098
1646519206
1646207899
1645977879
1645721279
1645401140
1645252286
1644330364
1644250120
1644211311
1643853758
1643219783
1643134688
1642714697
1642283587
1642131902
1641933144
1640999812
1640854746
1640831615
1640725400
1640633832
1640204320
1640081907
1639474624
1639061103
1638974774
1638959067
1638880075
1638394247
1637937981
1637725238
1637630921
1637618654
1637462806
1637357941
1637253430
1636764667
1636694302
1636656168
1636409895
1636390574
1635620168
1635426974
1635315531
1634419658
1633347762
1633184817
1632818550
1632353188
1632338313
1630467809
1630350965
1629074133
1629025587
1628510387
1626801905
1626437974
1626010831
1625315121
1625094728
1624800649
1624647798
1624355328
1624197259
1623498958
1623467418
1622885782
1622848528
1622601375
1621115903
1620190227
1620096442
1619635031
1618958439
1618366897
1617999223
1617900401
1617394082
1616590781
1616043211
1615820448
1615635814
1615629853
1614254548
1614005416
1613929345
1613915648
1613522865
1613411769
1612949640
1612840552
1612826015
1612753895
1612190236
1611981042
1611957504
1611194379
1609876146
1608793192
1608725522
1608690773
1608619826
1608264540
1607963453
1607339357
1607309924
1606262501
1606166726
1606137215
1605745861
1605470043
1605068828
1604348266
1604280808
1603201462
1603103913
1602945197
1602894954
1602528540
1602525939
1602467699
1602152966
1601806138
1600096740
1600024145
1599949626
1599639004
1599517993
1598445048
1597522467
1597475412
1597143339
1597040355
1597026329
1596625362
1596125678
1595946835
1595893607
1595837312
1595509873
1595314241
1595174330
1594784004
1594401185
1594168854
1593615990
1593500228
1593488786
1593355464
1593273842
1593271007
1593261977
1593186091
1593083334
1592975226
1592891272
1592370467
1592367608
1591573355
1590319660
1589369390
1588994001
1588850871
1588564318
1588485170
1588290394
1588186730
1587994278
1587712597
1587710054
1587329493
1587117019
1586857885
1586706051
1586457726
1586299525
1586269486
1586219462
1586209452
1585625360
1585160431
1585148853
1584775473
1584436066
1584119939
1584110491
1583756246
1583702379
1583530748
1583287192
1583241010
1583018539
1582458905
1582431075
1582415458
1582289795
1581546254
1581452747
1580615941
1580503554
1579516140
1579461837
1579455300
1579431805
1579372843
1579157454
1578666157
1578432946
1578209066
1578149687
1577854575
1577431919
1576655329
1576339148
1576167441
1575500629
1574840095
1574587256
1574508279
1574198120
1573584006
1573410763
1572656860
1572433476
1572290952
1571221481
1570813771
1569951411
1569849951
1569737214
1569466703
1569023528
1568145806
1567928427
1567649257
1566765716
1566434324
1566433551
1565706037
1565164125
1565001575
1564680251
1564190207
1562668691
1562527274
1562118604
1561952473
1561789359
1561341074
1561224184
1560822219
1560721104
1560440903
1560178413
1559813482
1559805476
1559772443
1559395585
1559174890
1558196950
1557594287
1556651492
1556114332
1555510348
1555225830
1554828954
1554265885
1554212279
1553751458
1552526562
1552202374
1552075527
1551918776
1551378560
1551370874
1550619182
1549998504
1549335168
1548926025
1548857657
1548855186
1548322117
1548211562
1547209089
1547171315
1547164638
1546798077
1546695518
1545308595
1545305117
1545065091
1544812087
1544485356
1543200405
1543083235
1542917567
1542647728
1542592363
1541999715
1541562311
1541477886
1541324244
1541196974
1541071718
1541025434
1540867124
1540509951
1540339512
1540339140
1540285749
1539305160
1538037158
1537396464
1536689696
1536508175
1536051511
1536022535
1535290148
1535196714
1535116496
1534912724
1534699896
1534648963
1534562864
1534496470
1533635427
1533568015
1533364189
1533223864
1533041547
1533002887
1531809609
1531519046
1531508398
1531477543
1530618072
1530491369
1530227507
1530161244
1530097139
1529306600
1529272330
1529239515
1529156756
1528274001
1527981204
1527611338
1527578237
1527280245
1527168313
1526443975
1526219033
1525635042
1525486771
1525421966
1525384088
1524899402
1524765013
1524563104
1524252259
1524072155
1524039766
1523778425
1523746097
1523553513
1523084232
1522858016
1522691231
1522557330
1522428108
1522214893
1521681092
1521648340
1520881496
1520527259
1520144738
1519246809
1517986163
1517813457
1517608430
1517491040
1516580343
1515987229
1515974195
1515956266
1515805718
1515666090
1515338674
1515137494
1514386851
1513879121
1512850253
1512245601
1511056110
1510868110
1510366905
1510119862
1509937478
1509547871
1509243982
1509026685
1508427926
1508405033
1508200799
1508076306
1507781702
1507768591
1506849938
1506603905
1506592163
1506548436
1505965777
1505783288
1505446821
1505211124
1505023465
1504132838
1504109851
1503953532
1503649742
1503048614
1501685014
1501327283
1501228241
1501149201
1501140557
1500641327
1500297596
1500237318
1499652293
1499133131
1498832792
1497928948
1497587636
1497011637
1496626256
1496138894
1495828083
1495621147
1494654545
1494622411
1494571505
1493669678
1492540103
1491737183
1491495469
1490920017
1489466100
1489375492
1489358728
1488428927
1488341078
1488138734
1487275540
1487026423
1486917133
1486678530
1486652499
1486516419
1485962598
1485957280
1485857077
1485805568
1485364363
1485079327
1484690993
1484511794
1484358118
1484270192
1483856535
1483733127
1483727920
1483697163
1482959778
1482555696
1481511835
1481276903
1480947614
1480493361
1480277536
1480272665
1480069512
1480044772
1480011088
1479835629
1479557072
1479549386
1479375321
1479138015
1478729316
1478712204
1478117292
1477774561
1477771209
1477757827
1477753305
1477352658
1476833107
1476575915
1476318145
1475791614
1474381238
1473813049
1473780544
1473537568
1472689004
1472660717
1472549659
1472354983
1471905016
1470716219
1470648277
1470435768
1470280402
1469976146
1469857329
1469856785
1469577821
1469403682
1469009197
1468548563
1468430344
1468326491
1467863184
1467208846
1466905190
1466753809
1466666273
1466625512
1466431689
1466394924
1466105953
1465458527
1465122458
1465067262
1465026734
1464616351
1464610984
1463880686
1462997597
1462402290
1462372929
1462332028
1461587953
1460759348
1460738464
1460655356
1460415311
1460403435
1459966251
1459913406
1459022451
1458980174
1458675816
1458035698
1457698755
1457578039
1457281354
1456594387
1456541530
1456429714
1455798663
1455660955
1455398201
1454953571
1454817024
1454628134
1454520879
1454380509
1453577423
1452950138
1452862301
1452197592
1452099225
1451691007
1451254374
1451145526
1450983414
1450232379
1449944421
1449719425
1449381132
1448735363
1448625936
1448576597
1448409880
1448368695
1448030060
1447466273
1447259449
1447189902
1447004954
1446860083
1446847635
1446250970
1445725372
1445328078
1445326724
1444646397
1444105087
1444043577
1443995822
1443231452
1442918067
1442547979
1442382249
1441692784
1441672883
1441646886
1441471184
1441421535
1441206171
1441099013
1440673744
1439829383
1439614450
1439550981
1439302762
1439166043
1439027121
1438829222
1438311299
1438062163
1437982351
1437819468
1437183449
1435962152
1435626323
1435505915
1435163516
1435108731
1434331883
1433943658
1433782989
1433752216
1433733549
1433436497
1433412822
1433026510
1432735902
1432212212
1431439940
1431301191
1431273748
1431071986
1430674853
1430524591
1430363501
1430321872
1430231005
1429997824
1429389279
1429152475
1428571627
1427624533
1427486583
1427097267
1427085096
1426958817
1426848928
1426769809
1426476410
1426397358
1425528248
1425279784
1424806580
1424637950
1424429468
1423652482
1423541556
1423356103
1423334608
1423105077
1422954767
1422888254
1422849348
1422815904
1422812356
1422590698
1422008705
1421818604
1420458267
1420336557
1420108962
1419737745
1419573003
1419557910
1418894187
1418502020
1418253352
1418143316
1418009423
1417853070
1417267163
1416807700
1416438067
1416411717
1416253563
1415949777
1415949710
1415862709
1415672760
1415600112
1415594420
1415427685
1415139922
1415062018
1415058660
1414983458
1414325275
1413434370
1412641936
1412573811
1412383459
1411629198
1411375580
1411121571
1411114258
1410636708
1410028203
1409509214
1408911563
1408848494
1408749137
1408581555
1408540060
1407500332
1407499675
1407450778
1407362054
1407252062
1407226165
1407117424
1406864055
1406743973
1405564941
1405407918
1404745410
1404490081
1404227571
1404180964
1403541575
1403503850
1403362634
1402420811
1402403439
1401939236
1401783630
1401769376
1401725621
1401393797
1401053715
1400993395
1400852120
1400829483
1400550476
1400477962
1400465166
1400346572
1399450748
1399033432
1398964227
1398930124
1398894144
1397567457
1397375430
1397278511
1396993179
1396704750
1396361990
1396221984
1396024089
1395969902
1395259830
1395040997
1394941996
1394789290
1393936560
1393896727
1393824277
1393337017
1392765190
1392670204
1392661934
1392584707
1392452678
1392266495
1391930766
1391561479
1391433701
1390971472
1389300381
1388785859
1387954989
1387856997
1387717153
1387643752
1387640077
1387250852
1386912930
1386697354
1386446484
1386241558
1385845866
1385639830
1385096557
1384972838
1384957190
1384640558
1384199635
1383909941
1383904623
1383365827
1382907935
1382314266
1381372502
1381365746
1381337034
1381220558
1380155029
1379835253
1379629410
1379599885
1379494856
1379394369
1379297906
1379051863
1378855873
1378682345
1378204178
1377973442
1377817044
1377743487
1377427658
1377341738
1376975510
1376723827
1376563557
1376351720
1375991081
1375612640
1375404688
1375150802
1374904326
1374410763
1374164960
1373402956
1373273103
1372850644
1372630475
1372496894
1371414669
1371338624
1371304089
1370732037
1370263199
1369850699
1369689315
1369657687
1368884037
1368279710
1368147233
1367576925
1367112377
1367108416
1366813516
1366731877
1366124301
1365727752
1365486846
1365328925
1364422464
1364404143
1364304126
1364117668
1364018709
1363846646
1363542946
1363312534
1363042479
1362936236
1362422707
1362251654
1361972020
1361964580
1361506914
1361448383
1361253171
1360723511
1360127347
1360033823
1359285426
1358486089
1358341388
1358247244
1358231971
1358097579
1357614132
1357601482
1357355996
1357273088
1357235456
1357206578
1357204793
1357108903
1357094978
1356962566
1356739723
1356646894
1355827379
1355177315
1354967252
1354403804
1354013379
1354006204
1353771750
1353502369
1352775454
1352535063
1352505737
1352364433
1352167798
1351961857
1350977855
1350673759
1350431092
1350004593
1349826357
1349322648
1349105451
1349006261
1348239205
1348108540
1347541122
1346954047
1346229431
1345872162
1345001443
1344999247
1344523501
1344382802
1344326672
1343503215
1343242929
1343145732
1342600701
1342559633
1342463216
1342353799
1342291405
1342045805
1341671728
1341532204
1341213119
1340731189
1339950570
1339929113
1339028446
1338524000
1338460264
1338245385
1338020716
1338012894
1337893455
1337823247
1337549268
1337100846
1337086647
1336873534
1336693088
1335603169
1335080721
1334827701
1334119084
1333962331
1333944271
1333907889
1333818820
1333400246
1333157969
1332871992
1332519781
1332133076
1331432589
1331113530
1329832828
1329777450
1329643748
1328981595
1328254548
1327909825
1327752646
1327559840
1326704245
1326689291
1326621594
1326338752
1326270983
1326267206
1325837721
1325747977
1325538374
1325460454
1325342758
1325170102
1325137427
1324511739
1324413869
1324350166
1324147794
1324037500
1323631814
1323499578
1323364926
1323348702
1323255024
1322749854
1322710589
1322357480
1321868829
1321647909
1320879720
1320240535
1320057119
1319921283
1319897935
1319773380
1319745139
1319554843
1319360922
1319315735
1318543855
1318441556
1317472591
1317315805
1316104163
1315705396
1315616426
1315298787
1314291474
1313901007
1313641547
1313485838
1312908309
1312777097
1312716509
1312064031
1311516343
1311311845
1311148320
1311116010
1310933967
1310917453
1310292037
1310279779
1309507838
1309208756
1308983879
1308631690
1308578573
1308203305
1308203202
1308056610
1307770736
1307535102
1307225839
1306013828
1305933454
1305721648
1304773143
1304137647
1303239983
1302507455
1302238852
1302063437
1301918973
1301623720
1301353613
1301246790
1301185045
1301121643
1301107702
1301107372
1301095918
1300067207
1298579580
1298272824
1297978301
1297200931
1296911145
1295966780
1295915990
1295564115
1295547389
1294668732
1294028275
1293500861
1293035085
1293017940
1292840115
1291574441
1291493476
1291378360
1290969789
1290852257
1290667464
1290576387
1290480848
1290286221
1289588633
1289426546
1287720148
1287691611
1287430006
1287409933
1287334440
1287326298
1286970729
1286750254
1286430801
1286162602
1285912413
1285783984
1285639375
1285021163
1284502671
1284225809
1283855974
1283737071
1283705024
1283336877
1283030460
1282968127
1282913015
1282673104
1282282162
1282221522
1281972694
1281611926
1280575810
1280387688
1280059687
1279782694
1279351684
1279332956
1278838787
1278788963
1278205689
1278138667
1277915079
1277642092
1276810813
1276452651
1276016725
1275775993
1274743629
1274708836
1274694357
1274546102
1274299798
1273920511
1273912679
1273762657
1273540270
1273511266
1273371417
1273210197
1273052993
1272609225
1272223946
1271945935
1271815488
1271144004
1270985350
1270968264
1270772683
1270744292
1270695035
1270486217
1270328767
1270097795
1269797291
1269439949
1269365304
1268808043
1268554017
1268171020
1268138446
1267944372
1266726379
1266662990
1266264149
1266230168
1265765205
1265517052
1264864064
1264443628
1264221473
1263813511
1263765321
1263712029
1263251441
1263017952
1262990902
1262790546
1262591253
1262588162
1262494750
1262449803
1261838140
1261502248
1260910436
1260038257
1259874716
1259451528
1259020396
1258309718
1258077522
1257300569
1257047267
1256870966
1256431058
1256356539
1256316149
1255791414
1255491070
1255373978
1255001598
1254956102
1254892487
1254828788
1254671980
1254346178
1253928151
1253617271
1253405116
1252489153
1252266402
1252093695
1251963255
1251876865
1251714877
1250827187
1250294539
1250116257
1249901780
1249723735
1249657730
1249637046
1249457517
1249351266
1249204002
1249105554
1248975113
1248770493
1248726115
1248432979
1248390658
1247539695
1247237062
1246852078
1244997314
1244591356
1244564099
1244541369
1244378895
1244115056
1244042600
1244020070
1243977885
1242910447
1242367555
1242361808
1241831469
1241786385
1241557225
1241425945
1241143599
1241004465
1240823270
1240567295
1240101886
1239827311
1239558255
1239395117
1239383236
1239204576
1238995186
1238875489
1238662584
1238152805
1238151575
1237990403
1237837229
1237734893
1237175977
1236579200
1236569558
1236416690
1236068360
1235859266
1235837191
1235701403
1235590280
1235471031
1235256772
1235174289
1234243685
1234069571
1233796451
1233023468
1232720493
1232684305
1232632316
1232589139
1232380801
1232368076
1232113113
1230929118
1230750032
1230290709
1229774788
1229259644
1229182107
1229070921
1228855818
1228747183
1228684565
1228632007
1228571035
1228560436
1228362617
1228112855
1228008206
1227874068
1227637586
1227587520
1227476409
1227424514
1227390088
1227212830
1227162076
1227082161
1226933368
1226877083
1226718690
1226380857
1226294394
1226222754
1225824548
1225750870
1225156425
1224974961
1224934056
1224636524
1224094708
1224088604
1224061006
1223921097
1223791346
1223760770
1223457009
1223376576
1223138511
1222857658
1222712060
1222654876
1222652080
1222425306
1222237089
1222030449
1221812117
1220277909
1220272082
1219842895
1219815179
1219738205
1219188028
1218899602
1218801331
1218575506
1218401385
1217889503
1217714252
1217676731
1217333426
1217260454
1217079540
1216854329
1216829499
1216543314
1216348756
1215994790
1215188090
1215013480
1214894701
1214865831
1214716839
1214548173
1214118603
1213996787
1213948742
1213327408
1213242473
1212724810
1212423436
1212243256
1212089194
1211854696
1211743871
1211740485
1210866922
1210809540
1210664744
1210524286
1210398472
1210260468
1210120474
1209763785
1209715822
1209546480
1209417633
1209386106
1209354896
1209318417
1208905718
1208830107
1208310700
1208195379
1207606516
1207337112
1207099054
1206800176
1206415229
1206271574
1205977418
1205941539
1205679895
1205326532
1205204492
1204734114
1204620501
1204411959
1204361201
1204331427
1204120413
1203990120
1203927345
1203404513
1202594275
1202300809
1201879706
1201762842
1201134133
1201056023
1200946814
1200875929
1200833678
1200825827
1200801670
1200086730
1199994739
1197571275
1197521750
1197185834
1197054101
1197011006
1196678650
1196587851
1196586419
1196145231
1193756174
1193713895
1193701907
1193550185
1193074706
1190918082
1190858252
1190778168
1190538731
1190533992
1190516115
1190443807
1190422862
1190391702
1190113673
1189881860
1189602163
1189479955
1188956322
1188949987
1188862024
1188860805
1188562886
1188515440
1188494479
1188370303
1187928340
1187830708
1187493614
1187448733
1186925368
1186668942
1186515208
1186246937
1186055522
1185734273
1185642492
1185118275
1185084027
1185050344
1184974576
1183750475
1183659800
1183332891
1183246461
1183217049
1183009109
1182852203
1182804210
1182506198
1181791908
1181707785
1181617615
1181508327
1181409203
1180863272
1180773816
1180538755
1180173456
1179855288
1179407446
1178659026
1178327206
1178276178
1177889671
1177488045
1177413024
1177317668
1177183820
1177001889
1176619122
1176187033
1176047516
1175782939
1175292781
1175235621
1175208406
1175154140
1174879423
1174610288
1173915816
1173100895
1172902389
1172325154
1172156005
1171549139
1171541913
1171084510
1170983357
1170453768
1170400758
1168799506
1168642462
1168413116
1168150591
1167756013
1167224938
1167203007
1167029899
1166945400
1166721991
1166160794
1165394365
1164693924
1164321442
1164224808
1164164328
1164087514
1163600344
1163073626
1162791028
1162747623
1162593284
1162478052
1161884380
1161843171
1161814475
1161784253
1161383251
1161224325
1160843586
1160547497
1160459523
1159579491
1159346299
1158713598
1158633285
1158570143
1158401500
1158383368
1157943067
1157822471
1157173526
1157155568
1156682139
1156379829
1156007980
1155931234
1155733429
1155719353
1155633264
1155252254
1155159745
1154638097
1154439377
1154250283
1154033927
1153030035
1152957852
1152824554
1152819879
1152741959
1152686383
1152003237
1151765959
1151392177
1151290477
1151193354
1151064160
1150731678
1150559356
1150261539
1149968397
1149818175
1149748612
1149424976
1149160188
1148730139
1148724836
1148491659
1148477921
1148424085
1148055735
1147016257
1146749818
1146133521
1145758525
1145506386
1145436229
1145266386
1145219290
1145089647
1144877028
1144720538
1144678324
1144152932
1144142810
1143846055
1143765996
1143467209
1143374822
1142604942
1141109917
1139710320
1139678659
1139605659
1139344686
1139275832
1138165802
1137966669
1137897674
1137455883
1137235942
1137054386
1136988905
1136863909
1136629317
1136505621
1135869260
1135649878
1135466968
1135436143
1134581379
1133769608
1133336695
1133010324
1132651015
1132430624
1132191897
1131794651
1131675298
1131620955
1130776491
1130728512
1130678167
1130179724
1129900449
1129789312
1128967307
1128344499
1127689573
1127534289
1127502699
1126973535
1126736515
1126591505
1125537794
1125473393
1125308099
1124850718
1124726678
1124600643
1124087623
1124037202
1123836299
1123673374
1123452703
1123436317
1123246120
1123030773
1122854100
1122739409
1122298856
1122047572
1121928724
1121331685
1121228562
1120920595
1120492892
1120355496
1120347236
1120341974
1120201198
1119936546
1119743102
1119603151
1117954263
1117136360
1117005649
1116867822
1116639273
1116078527
1116076968
1115710870
1115412155
1115398778
1115159696
1114814415
1114495376
1112523808
1112505627
1112434307
1112426890
1112052097
1111935578
1111846145
1111182240
1110651541
1109692111
1109211970
1109123199
1108959821
1108838754
1108790582
1108071799
1107702869
1107374771
1107276891
1107209039
1106691764
1106599609
1106291871
1106132438
1106123704
1105492079
1104127343
1103808473
1102334327
1102305031
1102060381
1101862010
1101696448
1101547200
1101504227
1101302062
1101270776
1100904151
1100670225
1100589663
1100521500
1100462882
1100198655
1100185645
1099732639
1099670945
1099474854
1099447936
1099289267
1098943374
1098896570
1098738004
1098524241
1098088393
1098048227
1097506020
1096837906
1096661171
1096494204
1096209929
1095638977
1095632003
1095566834
1095535135
1095439155
1095439075
1094867424
1094258349
1094213414
1093828510
1093817789
1093674941
1093473508
1093425013
1092484584
1091780990
1091622905
1091176880
1090835100
1090652007
1090462286
1089358654
1089346500
1089049285
1088965021
1088412946
1088372742
1088153178
1088135896
1088024453
1087988653
1087797273
1086948447
1086922055
1086859843
1086635087
1086428740
1086227089
1086205839
1086186213
1085914899
1085865611
1085851315
1085401242
1085259616
1085143122
1084188312
1084000610
1083852798
1083540741
1083429638
1083413636
1083259190
1082562594
1082435952
1082310561
1082007149
1081064680
1080806889
1080778746
1080217072
1079673987
1079431335
1079402016
1079188612
1078974046
1078860241
1078726471
1078182900
1077711873
1077608260
1077554082
1077438124
1076882276
1076768264
1076563681
1076164421
1074818867
1074766043
1073568248
1073562846
1072693046
1072558084
1072526805
1072457019
1071993182
1071796767
1070790559
1070547745
1069844508
1069089930
1068789581
1067921693
1067448157
1067086711
1066946683
1066662270
1065750584
1065659930
1065454627
1064820690
1064509244
1063893748
1063606898
1063560934
1063292193
1062799991
1062366550
1062078942
1062007672
1061693337
1061307729
1060954813
1060024444
1059532958
1059313029
1059174514
1058842682
1058801484
1058601525
1058332456
1058313646
1057869009
1057787806
1057612553
1057096316
1057030543
1056175188
1056150867
1055827337
1055700286
1055049106
1054899214
1054785670
1054772912
1054266816
1053772007
1053733151
1053466951
1053451187
1053207875
1053177310
1052979700
1052386971
1051839814
1051660828
1051592027
1051538739
1051290018
1049683271
1049210074
1048878428
1048450108
1048415750
1048080190
1047582118
1046668180
1046643710
1046222859
1046017131
1045960791
1045594308
1045474544
1045456473
1045212367
1045036642
1044860525
1044761660
1044446070
1044238251
1044029942
1043943024
1043524758
1043482339
1042991320
1042820010
1042714766
1042012925
1041608865
1041602081
1041539294
1041473301
1041322960
1041186693
1041025684
1041022137
1040618709
1040567133
1040476794
1040437286
1039528028
1039281566
1039123702
1038750923
1038280990
1037916179
1036526601
1036487402
1036436817
1036197434
1036186202
1035731476
1035729011
1034806075
1034495525
1034268692
1034068778
1033757670
1033459281
1033354225
1032909395
1032112165
1029977511
1029947727
1029720995
1029600553
1029174673
1029020021
1028627495
1028494393
1028435970
1028419911
1028328523
1027972306
1027505739
1027409553
1027408149
1027208841
1026372857
1026060516
1024670854
1024508404
1024431629
1024348365
1024250299
1023840734
1023575139
1023506216
1023248073
1023038109
1022310895
1022073369
1021968784
1021798252
1021243978
1021107032
1020650387
1020411911
1019815725
1019535421
1018873964
1018616783
1018380788
1018099052
1017810550
1017475321
1017233805
1016747506
1016647919
1016450534
1016370340
1015457460
1014817258
1014746885
1014736319
1014639417
1014333575
1014196274
1013386816
1013125784
1012813888
1012697814
1012514772
1012228176
1011655393
1011554833
1011441322
1010102415
1009741196
1009354484
1009198279
1009009501
1008134271
1007866600
1007530354
1007438598
1007235418
1007180196
1006969975
1006445798
1006087817
1006018920
1005593615
1005592033
1005508067
1005479913
1005453123
1003741544
1003509278
1003248913
1002954226
1002601646
1002076772
1001522576
1001158263
1001031338
1000850442
1000831106
1000791979
999962195
999953439
999838637
999326688
998799314
998656393
998648330
998503170
998211593
998119083
998101880
997678761
996898547
996033721
995822058
994769316
994316362
993262816
993144156
992999146
992304150
992145639
992080630
992034614
991576810
991106097
990345599
990224697
990093716
989228599
989110927
989043567
988621954
987443280
987044772
986794794
986791143
986710318
986519199
985418732
984781198
984393055
983941056
983670472
982442452
982105336
982089622
981794090
981763925
981620031
981596105
981593771
981532431
980796996
980607271
980229680
980151990
980146630
980013178
979814725
979163503
978944373
978887081
978578173
978465876
978308868
977673200
977366610
977126797
976785932
976559330
975940591
975871064
975555919
975299605
975089615
975052933
974872788
974687298
972366888
972291037
971173358
970886677
970817845
970783674
970587382
970255572
969993537
969942716
969807522
969664407
969553112
969353501
968284447
967768298
967465701
966665189
966411591
966041955
964415632
964173035
963999499
963560357
963169146
962910112
962841814
962712464
962616887
961656859
961375343
961087052
960535093
960343629
960186522
960131055
959946913
959719268
959467334
957982632
957329342
957307532
957148232
957063392
956745037
956744684
956593774
956417634
956312877
956288256
956174420
955863915
955630824
954909856
954815553
954802941
954800047
954304894
954288346
953977089
953520551
953309028
953026476
952503988
952271819
951973385
951819923
951554173
951232844
950584979
950037527
949430624
949374260
948692300
948580145
948087083
948050389
948043381
948035889
947894853
947467462
947276916
946881773
945681797
945447152
945375443
945304401
944851704
944489413
944041036
944004559
943709367
942881695
942273846
942085915
940909121
940859744
940811412
940187871
940129830
939921152
939398657
939341067
939244537
939201487
938846161
938701706
938669327
938611883
938490920
938138604
937586846
937416019
937233609
936706715
936212244
936131614
935581759
935574761
935535736
934743235
934675153
934402985
933962635
933303433
932592940
932571199
932166218
932145072
931236786
930263707
930037235
929577647
928912690
928844476
928736856
927627067
927597243
927030579
926999739
926685832
926152702
926030507
925898969
925686692
925541107
925405647
925396770
925249396
924707487
924605027
924566440
924125605
923845762
923338139
923201244
923068970
922974139
922531172
922504060
921367928
921067380
920849918
920330096
920139970
919848344
919752759
919152002
918805306
918108752
917697534
917449402
917432518
917422455
917110897
917088373
916697989
916610759
916179643
916103080
916073627
915909426
915668700
915517292
914088412
913614385
912923712
912781477
912076840
911653791
911552630
910942879
910921362
910727016
910463908
910177394
910017238
909885844
909849132
909774919
909406601
909373480
909176711
908801601
908768205
908212530
908202520
907921115
907883587
907676021
907458908
906227780
905353969
905198747
905125436
905108346
904594227
904254696
904214270
904086063
903933643
903703073
903671915
903361548
902602801
902248424
902122448
902090529
901820969
901238511
900918310
900320780
900315215
900057865
899916866
899784951
899755728
899692637
899526697
898110244
897689501
897521845
897257560
897236551
896293584
894732005
894536970
894528949
894219229
893537528
893086172
892757154
892270183
892189433
891429107
890596693
890053817
889966756
889287299
887990252
887904113
887755987
887634645
887241790
887232077
887221515
886968345
886700855
885668371
885232810
884989786
884907218
884879091
884224369
884221706
883882656
883682469
883371978
883124183
882460424
881676712
881514729
880909383
880861837
880419119
880024343
880017053
880001083
879404367
879190911
878979667
878629822
878514315
878112173
877577511
877244629
876922738
876130403
876004028
875914045
875534242
875284095
874272731
874063494
874050067
874020463
873698393
873664150
873544534
873403218
872814137
872725046
872292588
872264821
871995440
871635513
871376209
870723328
870430574
870161475
870081472
870044265
869245858
868628779
868569318
868562936
867704976
867415960
867247913
866772873
866756250
866471272
865956597
865924069
865597064
865426857
865128110
864562295
864364815
864311529
864071174
863770406
863748975
863692614
863335373
862872067
862802094
862195152
861813717
861710075
861650458
861442568
861314212
861219136
861208423
860515764
860512877
860249614
860225134
860154614
860013614
859934669
859696867
859585206
859525483
859133299
859007386
858987960
858881783
858794082
858696241
858582110
858350683
857866611
857619566
856550822
856381471
855352886
855331148
855223504
854605819
854425770
854272965
854169057
853877997
853286132
853212162
852484289
852393237
851550717
851416605
850815651
850097022
849138195
848105944
847835693
847473060
847354045
846181683
846038869
845957299
845094610
844548271
843970728
843827413
843759494
843483521
843151779
841827317
841743721
841503518
841493080
840711622
840551400
840450629
840208669
840021447
839839005
839684739
839665987
838684717
838485017
837558644
837522167
836650028
836412471
836303569
836194451
835892494
835786091
835746216
835644804
835589454
835377789
835170314
834930094
834929337
834230099
834017152
834015182
833991884
833900268
833530720
833473779
832482299
832462242
831988875
831533532
831397259
831201920
831083261
830007990
829053762
828786725
827785685
827618584
827269031
827141579
827045298
826767038
826690090
825852778
825777910
825735234
825707038
825571603
825506941
825128364
824771648
824373044
824090260
822747874
822678360
822565230
822520482
822384417
822235711
822035220
821976679
821885285
821495800
821457421
821429751
821393286
820892649
820666206
820614456
820574301
820443554
820342038
819790337
819681592
819510033
819386285
819283470
819149138
818805356
818485192
818424848
818311502
818207105
818110544
817978969
817343332
817323176
817284357
816765303
816656008
816618586
816190238
815738034
815606072
815388695
814685025
814396088
813554551
813524879
813489584
813397422
813231720
813097024
812487531
812451241
812427310
811713562
811435645
811278693
811199217
810550037
810458516
809514368
809115135
809113194
808762542
808691861
808651669
808645957
808534116
808465266
808444496
808383159
807980430
807653167
807333930
807185378
807085459
806983589
806487895
805840059
805643090
805365725
805281768
804953619
804194714
804132963
803383535
803132788
803112924
802628231
802469180
802431973
802255500
801927946
801783650
801341268
801290401
801268625
800826281
800750109
800225411
799250798
799100431
799014432
798989107
798977590
798848827
798280164
797609266
796864785
796688938
796574910
796548536
796222526
795881253
795375159
794863426
794638223
794534955
794294988
794290516
793825330
793745949
793352265
793303377
793158393
792947699
792495488
791931609
791231755
790037261
789965480
789586631
789502276
789468685
789020113
788819581
788683857
788059892
787759450
787619766
787557009
787398610
787248956
787168287
787093197
787023271
786623857
786405184
786237027
786194599
786056418
785737803
785037844
783484130
783226702
783104543
782999388
782653179
782199237
782034945
781687177
781238813
780250135
779972472
779903522
779724178
778960283
778636173
778572710
778486074
778465484
778317438
778253753
778061169
778047587
777660495
777332885
776574763
776056892
774644790
774502224
774368020
774314945
774041490
773780346
773659104
773591329
773407601
773402577
773238601
773038340
773034146
772923797
772852631
772824769
772474274
772172930
771115969
770849051
770639465
770513890
770437418
770190213
769740400
769573880
769262358
768985925
768966540
768436839
768211010
767987804
767763591
767535246
767444407
767364952
767070159
766943884
766649534
766369794
766368856
766142046
766029460
765843262
765635458
765554894
764779903
764637527
764632004
764607065
763712330
763466019
763375038
763024840
762940253
762907324
762465789
762393067
762195776
761389979
760972236
760894548
760597983
760157543
759629217
759412992
759179765
758961243
758571563
758549416
758360932
758335879
758088557
757833170
757666101
757556106
756733736
756554204
756302735
756028272
755600271
755433235
755396619
755027161
754977517
754812246
754737004
754420916
753047115
752360911
752255031
751472168
751049175
750980833
750700441
749908284
749653135
749597111
749314900
749226660
749149737
748445236
748350003
748235088
747888439
747639033
747371392
747288070
746846387
746304162
746130657
745533302
745321667
745072248
744977142
744889658
744834553
744811988
744696707
744520492
744476399
744072337
743877089
743876758
743857765
743651205
743282502
742697205
742558635
742462748
742378391
742240670
742097638
741919920
741758614
741502230
740872851
740862846
740715444
740406394
740401889
740155661
740039519
739420158
739083615
739041784
737817784
737067088
736939964
735938625
735915861
735677354
735204879
735200262
735074818
734974893
734900153
734462108
734421620
733245989
732818413
731830059
731458392
731090836
730552807
730529875
730468925
730066120
729899813
729800960
729761889
729622226
729346210
729287514
729211493
728845320
728794919
727174955
726793088
726161830
725846694
725626629
725597622
725572565
725342733
725299894
724815657
724552400
724157658
723741598
723559910
722925634
722849837
722540118
722212561
722027663
721847644
721249046
721137063
720850403
720514896
720058025
719951853
719879724
719606898
719529498
717403916
717043804
716751233
716638995
716381940
715862486
715831005
715691928
715106666
714831680
714735989
714170250
713993279
713324049
712487735
712406847
711129040
710856261
710696256
710653632
710607097
710437986
709222051
709211983
708915942
708772553
707409339
707166324
706939002
706899898
706897051
706845628
706244021
706146490
705890404
705407999
705171459
705056626
704357469
702861288
702856411
701734947
701460989
701004822
700701662
700052467
699794439
699779030
699006066
698883334
698480112
698117685
697947657
697945519
697766177
697678041
697593101
697440970
696857856
696418296
696169457
696093189
695971988
695264966
694889987
694850933
694594894
694432256
694423345
694354278
694199152
693094338
693078021
692965451
692625059
692426530
692343358
692070919
691821654
691614744
691556482
690770522
690672575
690525019
690247894
689716005
689327304
689220974
689051885
688980339
688896432
688846347
688653612
688197887
687898310
687873547
687549264
687407353
687201363
686063709
686055218
685721726
684974284
684811285
684764509
684291488
683944953
683222015
683101654
682766997
681980401
681748410
681586545
681492434
681139743
681089403
680902964
680713930
680632084
680219349
679644182
679538085
678440470
678300822
677680668
677648675
676980925
676957067
676875231
676481977
675944198
675886609
675837777
675828792
675799057
674744608
674639192
674494574
674307290
673029280
672693540
672492798
672327626
672291317
672282977
671123955
671123461
670689342
669950129
669477290
669316976
669039271
668819855
668581682
668068989
668009650
667935998
667815463
667116249
666488392
666267108
666154363
665790767
665515953
665513642
665109516
664932463
664704830
664487496
664465169
663969201
663893435
663666065
663260172
663173707
662805793
662803695
662671757
662061884
661522990
661311767
660844572
660146499
660069151
660000502
658916981
658848188
658157401
657434958
657058260
657052129
656692832
656686615
656482248
656419935
655996857
655992004
655965678
655798946
655705605
655623583
654885635
654624195
654383136
654112586
653740619
653428228
653427872
652966223
652585612
651914761
651404151
651374977
651296769
651005415
650996049
650810440
650758530
650712610
650647637
650395103
650323801
649599205
649533390
649333994
648668514
648532514
648508519
648262003
646989221
646316836
646077738
645971678
645646333
645640814
645452439
645166882
645026229
644548206
644494213
644405542
643932531
643809866
643313342
643115727
643055483
642724044
642537271
641740074
641572010
641416282
641073099
640588761
639551030
638889793
638673525
638609700
638356567
638315960
637584900
637376037
637250005
636931168
636589555
636172920
635854772
635030430
634754759
633859820
633779241
633762457
633515258
632771863
632636379
632351578
631677927
631674655
631309443
631284989
630803259
630696046
630471056
629270138
629222021
629064487
628650355
628575402
627470050
626981740
626857045
626729924
626641845
626596914
626422984
625749111
625625261
624936736
624922635
624809355
624475600
624182521
624052648
622518049
622365123
622050060
621576076
621200122
620900349
620338580
620207502
620046146
619772503
619052719
618888993
618625084
618282899
618255078
617927971
617840589
617835586
617485622
616382123
615959562
615936418
615907021
615792739
615611202
615538711
615380651
615350349
614954855
614256132
613667117
613647280
613215796
612898856
612896416
612830302
612630395
612595010
611472206
611071591
610687382
610237130
608841321
607675069
607426750
607399920
607399465
606050737
605443533
604950540
604615503
603556135
602882311
602524362
602456301
602394259
602327249
602190514
602099532
600520826
600138467
599281178
599257192
599195664
598413139
597201158
597051804
596938349
596530155
595791195
595649569
595553162
595344411
595259931
594858813
594706711
594702110
594649989
594322470
593431909
593101761
593088680
592837599
592562549
592424295
592288593
592029457
591143057
591054951
591005668
590726356
590529488
590057956
589715248
589460492
589344807
587973296
587917657
587589217
587587674
587216455
586834734
586483958
586226910
586128186
585825283
585627569
585427027
585263920
584817941
584359411
584328124
584069876
583248829
583099079
582931970
582886232
582593165
582224875
582111572
582102365
581588446
580972616
580695114
580117953
579877183
579506257
579451272
579183717
578850094
578700707
578549583
578415447
577922241
575331709
574982343
574824249
574503645
574365878
574225000
573620478
573271018
573118830
572334905
571817514
571512992
571479001
571398001
570923852
570767117
570503937
570228039
570038556
569782731
569772360
569453276
569258893
568008733
567873635
567739205
567576559
567568630
567011669
566680576
566672212
566551400
566182707
566080911
565834933
565557225
565352008
565148799
564385318
564232965
564015227
563920890
563391935
562834243
562711589
562605522
562578722
562471307
562249910
562195693
561684412
561545956
561260026
560938426
560865921
560818581
560618340
560484559
560303812
560085178
559839862
559832699
559212330
559071564
559040056
559029066
558534347
557755765
557641945
556672269
556334271
556227374
555861013
555856918
555587174
555569804
554902456
554791603
554344566
554243118
554004415
553415674
553302714
553267545
553202531
552713829
552525652
552492379
552380922
552345690
552182270
551945214
551859961
551303435
551080163
550979554
550767090
550291797
550274469
550192731
550085122
549978158
549687315
549486549
549062865
549002854
548249863
548200660
546979860
546910657
546901107
546687423
546606771
546564204
546456855
546303660
546147663
545994846
545903346
545775240
545058394
544968555
544837674
544561690
544519067
544435606
543811434
543575079
543568637
543014874
542395316
542391249
542070175
541479537
541136223
541094204
541062125
540895722
540642159
540483679
539722245
539678138
539550743
539340214
539265879
538264429
537822961
537237372
536744986
536586648
536570677
536417142
535047394
535017976
534880414
534802536
534309797
534108857
533750830
533415605
532527197
532262155
531814800
531684952
530835008
530639470
530504876
529808250
529785079
529370383
528994239
528046270
527984272
527803208
527718122
527689790
527641507
527171450
526106849
526036451
525558640
525168352
525071902
524759353
524538008
524515162
524507739
523666056
522173488
521984292
521789463
521138714
520758352
520650682
520631899
520596402
520215936
520149157
519926482
519718395
519607018
519300836
519151510
519075795
518840184
518656855
518600258
518180493
517733170
517589807
517303987
517140401
516968110
516806604
516303103
516224001
516195549
515987922
515403016
515305563
515303812
515073391
515018262
514450749
514175714
513976533
513605191
513416416
512156128
512125930
512099955
512071029
511559132
511316127
511100855
511081167
511068681
510923759
510918547
510610760
509842183
509839740
509740245
508676175
507833113
506994487
506908378
506717274
506482536
506291683
506254926
506163791
506141299
504794260
504584232
503963810
503544715
503419588
503365952
501649768
501472293
501296322
501142298
500994935
500854081
500511993
500201895
500159562
500020395
499477658
499307762
499278768
498998172
498806859
497688059
497666409
497457939
497247105
497212474
496069994
495610936
495541635
495285818
494774925
494726644
494585857
494500759
494161976
493443302
493217318
492317419
492054881
491656155
491610384
491364138
490855613
490786327
490687356
490224014
490189391
490027620
490018462
489211611
489169096
489124111
488817049
488779942
488162412
487311413
486258022
486188888
485675094
485391681
485263378
485031534
485005649
484900885
484638462
484250425
484232757
484204771
484152929
483498731
483090834
483081979
482729287
482704830
482169051
481361716
480736908
480607885
480288984
478829709
478204368
477781559
477377173
476919018
476248262
476197745
475981499
475828717
475677707
475588715
474477514
474396381
474313623
474130317
473836304
473711120
473260741
473129118
472860049
472684917
471807349
471630080
471289804
471282479
471209940
470125064
470026200
469607306
469252738
469143571
468123348
467778051
467473366
466643718
466536566
465930866
465485858
465336348
465176023
464799418
464607966
464473336
464415247
464262573
464140210
463969043
463613200
463130239
462948119
462645384
462263008
461898762
461462923
460909571
460802593
460460094
460300640
460169807
460114158
459972449
459794659
459677615
459581294
459574389
459527192
459334013
458930461
458255956
458016827
457642619
457128808
457064536
456608703
456514080
456382821
456196561
456125188
455857579
455777970
455590462
454806260
454756780
454289279
454258956
454220864
453977142
453619131
453314387
453256442
452874026
452247490
452177937
452159782
452113824
450674381
450277822
449781974
449040231
449001864
448822917
448789008
448736631
448716250
448476572
448326282
448135585
447835788
447762089
446306889
446225261
445545331
444861389
444790968
444632486
444585322
444253551
444101086
443670684
443167781
443127807
442822124
442763071
442301287
441886021
441860303
440899068
440449778
440187690
439858842
439702420
439398711
439324938
439240530
439019342
438851853
438709460
437220007
436825677
436619105
436571683
435903305
435493695
435339049
435259065
434619674
434583016
434363638
434351563
434151295
433661514
433310360
432769712
432737958
432661491
432593949
432242351
432112651
431983894
431980370
431549700
431217123
430092797
429887878
428987673
428626011
428445064
428408097
428295951
428189242
427895281
427605410
427326753
427211573
427189631
426938397
426438442
423986873
423917449
423773273
423599901
423462684
422098201
421860218
421078879
420548721
420527634
420038256
419892529
419865685
419657933
419575819
419194172
419147404
419027883
418989008
418826763
418610246
417941320
417913990
417721711
417557206
417168529
416742226
416437920
416362807
416168629
415975394
415962539
415773668
415360997
415348264
415340186
415285948
415254368
414642789
414543295
414531768
414034655
413589533
413558460
412752024
412662349
412206408
411958833
411943215
411784860
411608308
409758301
409426006
409398907
408711079
408631543
408351774
408217067
407787341
407687836
407510726
407187554
406342419
406142043
405771274
405630109
405540343
405106205
404794171
404700170
404441288
403611562
403546277
403514860
402806175
402689924
402366900
401658111
401517169
401401624
401335004
401219761
400347430
399844548
399787383
399271818
399205812
398806257
398290186
398169490
397888426
397619743
397327294
397243055
396886697
396874460
396087261
395956020
395187277
394995081
394622852
394301830
394268442
394218286
394094838
393720356
393704195
393302539
392986493
392966642
392593583
392514380
392332404
392290909
392036295
391994949
391831675
391559689
391159515
390820719
390217933
389712888
389669846
389494234
389472880
389193124
389145976
389070017
389037242
388853536
388580022
388379044
388314566
387626187
387457115
387070701
385975663
385754910
385699490
385563582
385180715
385153434
384756268
383573838
383535566
383429626
383022388
382544503
382457148
381926733
381788710
381692964
381644389
381029930
380289588
379162569
378108733
377937792
377601603
377291395
376980576
376423319
376214809
376127803
376049276
376045928
375985429
375880799
375696537
375430384
375402957
375222332
374978972
374839427
374636684
374610340
373938043
373644188
373583970
372966328
372629195
372201861
371688576
371642711
371407974
370999827
370746692
369792756
368854833
368472823
368341220
367939097
367899358
367854909
367707120
367690548
367543433
367477906
366786405
366145627
366089563
365636660
365057149
364669342
364663798
364585364
364494551
364098268
363958785
363884284
363554034
363384475
363208876
363044868
362818491
362267317
361878523
361813661
361670256
360320021
359271113
358752754
358623122
358522858
358012015
357791092
357668529
357577902
357152475
357118991
356963271
356434033
355370365
355308645
354930076
354302296
354014720
353744499
353614837
352579304
352463351
351932728
351775345
351325140
351318187
351273250
350215062
349570722
349126290
348415912
348056738
347899231
347831280
347654177
346998156
346751557
346186830
346153346
346087847
344799318
344638282
344517299
344184794
344133916
344048594
343762110
343410374
343036953
342890588
342628496
341621720
341303328
341229600
341117465
340492065
340400927
340059964
339443788
339438596
339341710
338862587
338804480
337887211
337883231
337860661
337820337
337331108
336890544
336570859
336072985
335954151
334896896
334610330
334533697
334165977
334073367
333836195
333773051
333632555
333357412
333188610
332796044
332575053
332407898
332067606
331986145
331331902
331242281
330883787
330659380
330618107
328067275
327909976
327809108
327721022
326862078
326621638
326487781
326376452
325778820
324074775
323813034
323656129
323637549
323318494
323003849
322800178
322662876
322506818
321959906
321500210
321163021
321121587
320807673
319592790
319458093
319430469
319383871
319318504
318759555
318637014
318077837
316895728
316531117
316393501
316241870
315904431
315853306
315193876
314350567
314313379
314150405
313815124
313780165
313687507
313470197
312297471
312286662
312104472
311793215
311717843
311488519
311121995
310701657
310238370
310228169
310142678
310054484
309359587
309218190
309098648
308263651
306897854
306871790
306386338
306330890
305893065
305418849
305408921
305258735
305119174
304562615
303979558
303390238
303077168
302992892
302780755
302220864
301867541
301797818
301443931
300173044
299753245
299584501
299312454
299271294
299241978
298922746
298736637
298595081
298403364
298352569
298269838
297252657
297005234
296871754
296602978
296555113
295461057
295090413
294638098
294115426
293479699
293387714
293226837
293052484
293041285
292955662
292758940
292375327
292226396
292220010
292200265
292061850
292027431
291970803
291956919
291619292
291335971
290767430
290174323
286237565
286053784
285529397
284600276
284071705
283391141
283219188
283116614
282799621
282646145
282429105
282196857
281648827
281538724
281508572
281221605
280722862
280425837
280423451
280019680
279261576
278909746
278854893
278606530
277444886
277341898
276960503
276916797
276880087
276813913
276753577
276259511
276125933
276071190
276009588
275932689
275073214
273473015
273387225
273251653
272288165
271861105
271711660
271454881
271366112
271065251
271060531
270912329
270755369
269930500
269713658
269694000
269649270
269017613
268242632
268179631
268176861
268147953
268123101
267296529
266069803
265787524
264792171
264592545
264065421
264060347
263898062
263403019
262894632
262359245
262136469
261905625
261823153
261211657
260981830
260933780
260783096
260781012
260746358
260317684
260085120
259452619
259375908
259064258
258781219
258722767
258415849
258328557
258201000
258028462
257913658
257848146
257086058
256916015
255785063
255668902
255287972
255234482
254443082
254346835
254187550
253949080
253877643
253693372
253356823
252861684
252762254
250865989
250510471
250303495
249962919
249923483
249822719
248910673
248660723
248529115
248247917
247925139
245596402
245258023
244770803
243984571
243886642
243462605
243333419
243207884
243189969
243183126
242908434
241818349
240978017
240728636
240678587
240629316
240397064
240366136
240338236
239373271
239345527
238600317
237962956
237958811
237879393
237622882
237007054
236966871
236247301
236182365
236025704
235891198
235661700
235371290
235298158
234989873
234975755
234731210
234372382
233175094
233155325
233104928
232987390
232650610
232607304
231830917
231466185
231405573
231165863
230797413
230589127
230476927
230185469
229879579
229680001
229423434
229278556
229066552
228872629
228629545
228586446
228275475
228200277
228178074
228168081
227662089
227507167
227192043
227014597
226418870
226149354
225537049
224641662
224515419
224389724
224192446
223956640
223898721
223615706
223532708
223100206
222612146
222511323
222395712
221894735
220349972
220296146
220233757
220013782
219567972
219465513
219444290
219050671
218601276
218410814
217682996
217151333
215497604
215385557
214622387
214604484
213987199
213617311
213494463
213452688
213311844
213134368
213100411
212983720
212865237
212682720
212580783
212208663
211413514
211358913
211206829
211177947
210933207
210859335
210638571
210592486
209906109
209764312
209326407
208926372
208896800
208625419
208018883
207911860
207450200
207428924
207374559
207010343
206925109
206613664
206328565
205677312
204933255
204913552
204733655
204614590
204495205
204370634
204348038
203896251
203803463
203684882
203664045
203573023
202804845
202087387
202081062
201664224
201526139
201145243
201109841
200802618
200797592
200588564
200266697
200029696
199944606
199597009
199499121
199478110
199329186
199175573
198463544
198299329
198192104
198078722
198064161
197971694
197876626
197660550
197659989
197076367
196473184
196392856
195930599
195905322
195660750
195550205
195382935
195281550
194782139
194410397
194405573
194339897
193776819
193542934
192835539
192790554
192679110
192461326
192242300
192082333
191271344
191224845
190944240
190925757
190222317
190143001
189911617
189882487
189749300
189530117
189095365
188940767
188431756
188214141
187935543
187589662
186977950
186597276
186331132
186197615
186174201
186113198
185625608
185581813
185505397
184710879
184569817
184541032
184539580
183870619
182704650
182143269
181941278
181535117
181293969
181246407
180410585
180228261
179883802
179712155
179630809
179505302
178509683
177801090
177788732
177583832
176915158
176657423
176396979
175696386
175444137
175162733
175043242
174867938
174866364
174757945
174251666
173808911
173742988
173432251
173157631
171540984
171302712
171298309
171000480
170785716
170767343
170505266
170358604
170122356
169605971
169497622
169414762
169268376
168818912
168089934
167764655
167382435
167219420
167162860
166723964
166667203
166567285
166385519
166310822
165735225
165599410
165532558
165335836
164947153
164754449
164084174
164031377
163123076
162742031
162724217
162609854
162287973
162279640
161930348
161902358
161850519
161549437
161300348
160444781
159434863
159320175
158631772
158419169
158367239
158169325
157260318
157100945
157010883
156570723
156549604
156080987
155531197
154798414
153987268
153562573
153514579
153467210
153452144
153138438
152969257
152948164
152877534
152588547
151916197
151845333
151752733
151661157
151126865
151084075
151029305
150396461
150145047
150034186
149856008
149439485
148297612
147808801
147481808
147471368
146875746
146583438
146541420
145508462
145496374
145430358
145292374
144901574
144720348
144461842
144309944
144241511
143633981
143435298
142559060
142258136
141971027
141937462
141604812
141523981
141415217
141268135
141152338
140757234
140537253
140531927
139963163
139119517
138818339
138669236
138507832
138470386
138192732
137900215
137589953
137298842
137235222
137180591
136973358
136943874
136889395
136430351
136333626
136278802
136066335
135081649
134386369
134103903
133898186
133894801
133877601
133683279
133594343
132909748
132775356
132456314
132037219
131973656
131155026
130384638
129234807
128857305
128362317
128187922
127382026
127354017
126977784
126734439
126519299
126222085
126117217
125952840
125810877
125385506
125202686
125107820
124797397
124530911
123538672
123291540
123222269
123004820
122658776
122138442
121669186
121205991
121034807
120963409
120688867
120578301
120573118
120360558
120214353
120120791
119793358
119466120
119337494
119307584
119153965
118869793
118520128
118412335
118128425
117919352
117641140
117202823
116592357
116515376
116139203
115287366
115014423
114415926
114260788
113978654
113603817
112620262
112550409
112540959
112499366
111694140
111460739
110803136
110773140
110549574
110260386
110050620
109862318
109046770
108668924
108587551
108379899
108268269
108211767
107959074
107945631
107858382
107854061
107437444
107232638
106968729
106349968
106120069
106006810
106006757
105533450
105302781
104932788
104888226
104825702
104785885
104496649
104227759
103733102
103565776
103489325
102977223
102899777
102601286
102595145
101951499
101886157
101314511
101129957
100957206
100585350
100376772
100240454
99970394
99699304
99570000
98696411
98670650
98196708
97525701
97408850
97108895
97051156
97038158
96476628
96471996
96202191
95902728
95631405
95036329
94885484
94413012
94103412
94087974
93770448
93470429
92261363
91956361
91909410
91149053
90875830
90780543
90427960
90018464
89489302
89088870
88900390
88417496
87784227
87585441
87578647
87185064
87183971
86403865
86309966
85961376
85663875
85502660
85332084
85187253
84892938
84803969
84037179
83979795
83374030
82711494
82565249
82374055
82108164
81643915
81440109
81429595
81008699
80662817
80141339
79520002
79105261
78933928
78423805
78389642
78325803
78281847
77833061
77749889
77544258
77427230
76905888
76489255
76438165
76435160
76193878
76031350
75809865
75536217
75365382
75016376
74842888
74345268
74336730
74051587
73448373
73383565
73382177
73332456
73181938
73030681
72972080
72951530
72594986
72365152
71290564
71250889
71129936
70942932
70567022
70343425
69549066
68321466
67825554
67630344
66686334
66051527
66044437
65521700
65486101
65444005
64902176
64815417
64671635
64656246
64621698
64594989
63036621
62753584
62726800
62711079
62545570
62301060
62191893
61692226
61388663
61190006
60931065
60842976
60364701
60313742
58292923
58003347
57390449
57201610
57192279
57162588
56999169
56837497
56611872
56513710
56503873
56281072
55923519
55153087
54845491
54360127
54120204
53539120
53149585
52746650
51626217
51102555
50374794
50254056
49895655
49712358
49572698
49433772
49214107
48708354
48084272
48013909
47777692
47749863
47596902
47555935
47308357
46882922
46694989
46305855
45899543
45203442
45085309
44017299
44013460
43956491
43746829
43345248
42745024
42660470
42621561
41585333
41491300
41284626
41092617
40940708
40587845
39856423
39278660
39023708
38990836
38733691
38545196
38270115
38204756
37129395
35058660
34550719
34184284
34037430
33634818
33024981
32631475
32504085
32439242
32220721
31850171
31609495
31508507
31474342
31245708
31236190
31087947
29328274
29231578
28807914
28429599
27893429
27375836
27212454
26665611
26495856
26445215
25549546
24956790
24847600
24348774
24166367
23920435
23266691
22727370
22484484
22471287
22223868
22194732
22112415
22020112
21356212
21205416
21019449
20825448
20824205
20349064
20247237
19620730
19612757
18926402
17925080
17831469
17385333
17218826
17195113
17119523
16532388
16389221
16350173
16050459
15975610
14723965
14302330
14253936
14173973
13762978
13662165
13265289
13124074
12489482
12461907
12111014
11744725
11683613
11341619
11173565
10765143
9927584
9883196
9877832
9578583
9536591
9391101
9348136
7966834
6957414
6665529
6233427
6218629
5921283
5900352
5641172
5195229
5048189
4358959
4318307
4087660
3836603
3770436
3540397
2637735
2537127
2318479
1740773
1578047
1566401
1316335
1255680
1131996
937465
661650
