2147180281
2147173688
2146197387
2145817709
2145787870
2145348436
2145011081
2144802585
2144277747
2144247091
2143708541
2143308220
2142575493
2142176413
2142112503
2142079722
2141843362
2141367528
2141350005
2141171330
2141052269
2141038228
2140898021
2140715473
2140564425
2140459399
2140080328
2139998401
2139849473
2138998308
2138959710
2138791299
2138739633
2138653568
2138620307
2138484206
2138476005
2138283257
2138093175
2137382798
2137334549
2137259920
2137164563
2136699599
2136318669
2135567080
2135320625
2135152268
2135011500
2134533916
2134305959
2134243366
2134232021
2134049303
2133972281
2133476396
2132974753
2132597637
2132592580
2132533950
2131935739
2131600730
2131483705
2131236370
2130857910
2130617861
2130607717
2130537861
2129969263
2129812168
2128520867
2128117192
2127607845
2126749094
2126612299
2125785407
2125750344
2125497307
2125347709
2125082723
2124681086
2124450942
2124407143
2124238499
2123912078
2123818216
2123665292
2123654776
2123531437
2123469566
2123400137
2123017891
2122952109
2122922920
2122676713
2122672581
2122144685
2122040180
2121731571
2121108753
2120336461
2120279517
2120244487
2120009680
2119514421
2118997384
2117512043
2117348280
2116895458
2116673626
2115660913
2115033960
2114748871
2114429970
2114185846
2114020513
2113883527
2113688421
2113549691
2113373881
2113282330
2113089465
2112874999
2112157520
2111743555
2111049605
2110938839
2110476780
2110463457
2110375021
2110217527
2109936361
2109818301
2109449717
2109342986
2109014202
2108822562
2108821643
2108771210
2108737311
2107833413
2107764872
2107681625
2107213454
2107132068
2106746427
2106535668
2106447905
2105580881
2105349823
2105284135
2105139357
2105059763
2105030789
2104882602
2104793347
2104544610
2104508906
2104261891
2103539110
2102956864
2101915989
2101880847
2101807633
2101493501
2101156161
2100630250
2100591801
2100455639
2098893141
2098434535
2098146511
2097537601
2097502457
2097351604
2097115356
2096665645
2096656878
2095686987
2095206170
2094569826
2094561781
2094548227
2094355779
2094108838
2094086508
2094064417
2094053734
2093984476
2093532244
2093428888
2092748690
2092160767
2091906839
2091502663
2091443419
2091296916
2091202105
2091101255
2090637542
2090631180
2090427237
2090418458
2090358396
2089914752
2089857540
2089570470
2088997393
2088547913
2088536462
2086447414
2086216835
2086069894
2085157980
2085141233
2084213200
2083430299
2082511914
2082116199
2081491425
2081248718
2081193266
2081144105
2080756822
2080413475
2080034286
2079977861
2079782932
2079693938
2079602490
2079362085
2079361208
2079055468
2078909686
2078579099
2078473339
2078385260
2077337730
2076791266
2076467310
2076069594
2075913231
2075621154
2075433036
2075124304
2074796597
2074534945
2074105263
2073867606
2073669892
2073568835
2073472716
2073308566
2073053749
2072820791
2072765135
2071956734
2071901892
2071095000
2070393433
2070210006
2069918809
2069724596
2069688739
2069249039
2069085513
2068976557
2068950611
2068488490
2068194949
2068083514
2067863541
2067547519
2067504572
2067481309
2067448059
2067115310
2066976247
2066902519
2066887025
2065587066
2065510377
2065436786
2065047041
2064929288
2064867625
2063926464
2063920922
2062691485
2062511227
2062485905
2061027484
2060990818
2060787364
2060062362
2060043778
2059982815
2059833781
2059734341
2059562531
2059180788
2058991362
2058842949
2058104102
2057617547
2057002050
2056894226
2056436489
2056243518
2056140219
2055686242
2055464845
2055361979
2055290649
2055055817
2054988634
2054882586
2054871497
2054747337
2054505579
2053856646
2053633163
2053619099
2053209263
2052575148
2052399583
2052277161
2052087308
2051944465
2051922683
2051915980
2051769193
2051733650
2050647598
2050519752
2050008370
2049902698
2049858739
2049715876
2049476972
2049327104
2049210541
2049196480
2048998504
2048937385
2048850804
2048787169
2048731994
2048605935
2048418119
2048413099
2048165546
2048153264
2047535170
2047343947
2047210300
2047002046
2046858699
2046810073
2046358623
2045478228
2045141252
2045114686
2044983104
2044777371
2044195728
2043583055
2042787927
2042566175
2042415471
2042316207
2042312377
2042240377
2042144430
2042046802
2042043738
2041977402
2041740599
2041138138
2040714741
2040701184
2040542558
2040275960
2040243827
2040137591
2040127660
2040093781
2039921991
2039907884
2039848279
2039633560
2039394052
2039343331
2038435341
2038389958
2038107938
2037919872
2037781945
2037443942
2036519794
2036247874
2034925778
2034568966
2034557674
2034319151
2034151718
2033857148
2033689699
2033564413
2033563047
2033444047
2033320811
2033313920
2032922613
2032462500
2032137383
2031936685
2031839115
2031592206
2031236318
2031148973
2031031751
2030869169
2030863529
2030515620
2030445315
2029730150
2029597131
2029469212
2029144668
2028709497
2028217734
2027920122
2027488420
2027339793
2026834587
2026768868
2026326922
2026324815
2026266486
2026194699
2025976942
2025909307
2025797985
2025527521
2025224899
2025117578
2024928654
2023997370
2023912104
2023697392
2023656819
2023559414
2023128698
2022967490
2022659746
2022357341
2021906617
2021511509
2020551614
2020115099
2019848727
2018869783
2018645181
2018642319
2018014479
2017546910
2017447978
2017337540
2016963774
2016899215
2016717969
2016542950
2016524763
2015898948
2015803683
2015585499
2015580200
2015502043
2015488469
2015487954
2015433798
2015355674
2015019840
2015011018
2014594901
2014197605
2014065563
2013851361
2013245984
2013112035
2013085939
2012954327
2012945346
2012473395
2012141872
2011631270
2010876889
2010811145
2010629758
2009600932
2009560830
2009514677
2009391070
2009212446
2008497080
2007925634
2007532823
2007470434
2007365271
2006902304
2006623254
2006620005
2006388869
2005885447
2005566288
2005371985
2005184726
2005046177
2004579064
2004299707
2004023345
2003699605
2003462448
2003107863
2002985847
2002735381
2002401479
2002362159
2002322744
2002103212
2001941204
2001906393
2001586845
2001304429
2001195504
2000862767
2000545951
2000373944
2000018770
1999848108
1999795725
1999525595
1999480058
1998945729
1998914786
1998789547
1998152813
1997286019
1996996405
1996771977
1996504186
1996261185
1996075340
1995686888
1995421894
1995390692
1995266138
1994668335
1994592749
1994537278
1994504752
1994213079
1994153099
1993721150
1993528793
1993482575
1992743563
1992716907
1992655273
1992509206
1992486975
1991896172
1990903110
1990400433
1990239586
1989741411
1989465900
1989185547
1989181199
1988253260
1988230869
1988139419
1987788165
1987609583
1987093368
1987073056
1986903620
1986840692
1986136115
1985919468
1985606559
1985558078
1985521473
1985487096
1984962900
1984645279
1983916029
1983733101
1982981498
1982449489
1982376314
1981975346
1981917552
1981864357
1981839317
1981727312
1981727166
1981672401
1981293086
1980986267
1980433944
1979858667
1979737051
1979552608
1979546575
1979181124
1979153798
1978674444
1978667739
1978624333
1978186638
1977934216
1977748881
1976981291
1976653218
1976534017
1976418963
1976336998
1975889482
1975497568
1974186879
1974167578
1973711837
1973615416
1972786895
1972690494
1972568674
1972434304
1972414279
1972234186
1971862432
1970596357
1970034351
1969844973
1969253334
1968765888
1968690014
1968432656
1968413105
1968286574
1967684035
1967342429
1967321475
1966783898
1966736142
1966576417
1966260354
1965742455
1965624209
1965098213
1965082090
1964988689
1964894017
1964369523
1964107660
1964072930
1964032565
1963641891
1963629342
1963598636
1963572321
1963449152
1962937920
1962635424
1962584058
1961921071
1961907677
1961867683
1961268029
1961229132
1961226198
1960981868
1960623564
1960183713
1960081267
1959694681
1959069415
1958742933
1958627990
1958288872
1957202972
1956684878
1956564923
1956011757
1955581961
1955286642
1955166428
1955027021
1954915777
1954781450
1954731817
1954229525
1954097200
1954006602
1953593753
1953541749
1953495686
1953380365
1952649789
1952248436
1952206776
1952055470
1951911105
1949815394
1949790843
1949522002
1949471718
1948989022
1948925632
1948703962
1948382008
1947773345
1947644821
1947483876
1947276558
1947031273
1946273698
1946072670
1945713961
1944944425
1944682448
1944659616
1944463920
1944448727
1944261074
1943792754
1943681535
1942928333
1942222004
1942067415
1941896870
1941749270
1941544789
1941476067
1941287130
1940963541
1940452745
1940251037
1939790665
1939081684
1938698908
1937758461
1937661469
1937611183
1937609570
1937441413
1936619040
1936559739
1936514375
1936250658
1935981109
1935659335
1935511138
1934889558
1934659960
1934636258
1934575414
1933576603
1933309120
1933248747
1932861924
1932648320
1932310286
1932143439
1932106700
1931588635
1931577417
1931538466
1931254710
1930100168
1929973840
1929395736
1929163879
1929008213
1928934099
1928741920
1928036008
1928021555
1927699571
1927619638
1927370140
1926527355
1926276292
1926095826
1924872184
1924797155
1924393253
1923693676
1923140361
1922945971
1922915568
1922141221
1921811363
1921490919
1921254588
1921109977
1920772767
1920470960
1920454551
1919437000
1918967812
1918811833
1918623168
1918385340
1918019106
1917971065
1917778671
1917772263
1917656566
1917475284
1917203552
1917104154
1916614112
1916344988
1915466280
1915187311
1915105797
1914825155
1914796708
1914361583
1914285860
1913644731
1913608308
1913555096
1913477521
1913360305
1913152280
1912618517
1912280946
1912187405
1912160911
1911991369
1911927934
1911619150
1911134558
1911082784
1910885349
1910805329
1910557195
1910457816
1910349363
1910065625
1909999768
1909428425
1909163605
1909038760
1908961236
1908420818
1908418528
1908382353
1908115944
1905665855
1905203087
1905028495
1904760351
1904759845
1904688539
1904489523
1904435434
1904411281
1904093163
1904066140
1903971549
1903742348
1903590734
1903589543
1902555632
1902215249
1902126872
1901688665
1901400429
1901143798
1901060139
1900845590
1899139115
1898730867
1898497924
1898143085
1897862454
1897705133
1897104161
1897064983
1897008830
1896868849
1896772134
1896660137
1896057508
1896048604
1895832128
1895565377
1894960620
1894704331
1894622495
1894350977
1894333403
1894203887
1893918795
1893839489
1893043372
1892960901
1892723435
1892496583
1892298685
1892290910
1892182224
1891969360
1891963006
1891933936
1891612130
1891536827
1891318324
1890872754
1890604173
1890233244
1889904098
1889833708
1889296389
1889246717
1888906499
1888865990
1888862969
1888380020
1888272773
1887995760
1887977312
1887562890
1887513014
1886564565
1886378374
1885986929
1885746929
1885310765
1885120016
1885057333
1884617619
1884005373
1883473272
1883426729
1883361013
1883303496
1883059949
1882411267
1881772309
1881208116
1880405479
1880046599
1879895346
1879649209
1879523512
1878731095
1878666608
1878135058
1877850219
1877406598
1877368238
1876978419
1876855543
1876187775
1875674689
1875285956
1875264981
1875047421
1874977999
1874973884
1874519678
1873878484
1873284958
1872584667
1872502297
1872337826
1872167553
1872020667
1871916329
1871819013
1870510154
1870452855
1869641230
1869525392
1869178568
1869019299
1869001210
1868658618
1868067805
1867866491
1867797606
1867691291
1867498852
1867220321
1867151482
1866812677
1866787683
1866684351
1866659761
1866391936
1865817843
1865736011
1865426242
1865302290
1864946138
1864287359
1864114199
1863205253
1863029339
1863022766
1862887761
1862793070
1862569597
1862205781
1862087730
1860317373
1860266956
1860215395
1860140626
1860085683
1860080333
1859815457
1859764077
1859664673
1859344189
1859336780
1858491346
1858470610
1858456906
1857882170
1857449603
1856353115
1855916076
1855751360
1855726182
1855541015
1855316353
1854862970
1854376143
1854311712
1854012579
1853483540
1853422745
1853319501
1852430366
1852400839
1852329269
1852218193
1852190971
1852028960
1851782534
1851409543
1851405881
1851394749
1851298732
1851279316
1851193712
1851161231
1851045181
1850975520
1849999043
1849669248
1849497481
1849465780
1849225350
1849063503
1849013553
1848730251
1848709789
1848442901
1848143813
1848082380
1846631069
1846602377
1846326817
1846116195
1846040618
1845980158
1845973533
1845926463
1845831031
1845661354
1845173338
1845140978
1845096817
1844955194
1844868848
1844831241
1844826753
1844488058
1844222398
1843844455
1843758451
1843643595
1843498944
1843426000
1843252034
1842169222
1841920386
1841436424
1839951462
1839746832
1838987573
1838902470
1838757032
1838662222
1838374047
1838060713
1838000388
1837358475
1837243111
1836849402
1836651896
1836577161
1836495625
1836409042
1836242738
1836073390
1835828260
1835520626
1835361159
1834537547
1834534696
1834321954
1834139243
1833815310
1833386637
1833248723
1832885288
1832806731
1832731474
1832571202
1832405886
1832322283
1832230690
1831380331
1831328590
1831242975
1831196605
1831096607
1830393945
1829319179
1829140185
1828166631
1827790310
1827742992
1827382790
1827361798
1827346265
1826880487
1826824517
1826373325
1826249267
1826075194
1826055028
1826030723
1825910648
1825345041
1824872117
1824724641
1824571321
1824274719
1824021030
1823966253
1823641499
1823411810
1823127045
1823093479
1822708663
1822669158
1821797215
1821563003
1821216173
1820730291
1820104941
1819960402
1819790911
1819675181
1818948645
1818735396
1818729705
1818196085
1818095847
1817101733
1816780812
1816697309
1816684749
1816626990
1816565182
1816228279
1816043882
1815658011
1815418538
1815205995
1815088208
1815017665
1814218991
1813728206
1813491654
1813354271
1813130910
1813023934
1812600316
1812039963
1811840206
1811792488
1811693961
1811557955
1811384437
1811141621
1811111115
1810837523
1810743319
1810722166
1810550509
1810392886
1810136100
1809977360
1809967231
1809336263
1808472549
1807951724
1807071701
1806748183
1805949186
1805402607
1805278229
1805029663
1804513727
1804386169
1803780699
1803388895
1803106887
1802899151
1802659966
1802423968
1802340611
1801896908
1801679625
1801481972
1801347577
1801306694
1801063580
1801000912
1800696446
1800394663
1800039986
1799980087
1799668100
1799660207
1799368203
1799194705
1798485681
1798121615
1798063815
1797765942
1797562698
1797137713
1797019617
1796857306
1796644569
1796284061
1796122426
1796083411
1795325788
1795100264
1794786043
1794732110
1794588518
1794299607
1793639438
1793513496
1793060439
1792610365
1792109632
1792054224
1791772212
1791550039
1791190501
1791081226
1791076642
1791019360
1790572498
1790394631
1790191742
1790017129
1789899135
1789851967
1789128175
1788925718
1788754140
1788232797
1787904830
1787662856
1786953812
1786403111
1786290458
1785971205
1785861730
1785399746
1785264440
1784952067
1784488921
1784472796
1784466747
1784316175
1784162147
1783721167
1783645907
1783531341
1783413657
1783381540
1783274784
1783251505
1782572995
1782384972
1782294085
1782061310
1781540195
1781446380
1781200611
1780708043
1780366376
1779949249
1779659638
1779036740
1778676463
1778480089
1778459506
1777607338
1777485236
1776861714
1776728801
1776360811
1776273979
1776254260
1776199642
1774399361
1774385135
1773984746
1773926949
1773922112
1773826040
1773748001
1773171202
1772644548
1772497341
1772466563
1772300388
1772188392
1771665553
1771340932
1771157816
1771081446
1771080910
1770808641
1770226483
1770173821
1769949416
1769834083
1769812614
1769386188
1769167784
1768991837
1768755960
1768740021
1768694621
1768446723
1768126652
1768072250
1768015662
1767750874
1767465383
1767158166
1766859580
1766359610
1766261487
1766252637
1766139939
1766134276
1765450736
1765041964
1764817430
1764095126
1763830488
1763551437
1763493280
1763447284
1762599924
1762563899
1762538227
1762523248
1761794803
1761259966
1761087094
1760406212
1760342777
1760338689
1760192001
1759591140
1759445005
1759412017
1759367728
1759235899
1759022242
1758819306
1758517859
1758516888
1758420792
1758384151
1758229041
1758140020
1757939980
1757927702
1757887754
1757875989
1757862743
1757839238
1757793854
1757703782
1757677524
1757639472
1757392798
1757040426
1756633805
1755784683
1755745677
1755744804
1755678571
1755475590
1755136840
1754819820
1754775661
1754769553
1754505795
1753654213
1753518944
1752755287
1751977596
1751719653
1751576537
1751514489
1751366661
1750767926
1750253758
1749930929
1749364923
1748722988
1748695014
1748351578
1748115245
1748104261
1747932749
1747904237
1747645986
1747566878
1747320138
1747033263
1747003833
1746975862
1746888974
1746809899
1746685004
1746621990
1746590786
1746216242
1745993460
1745846642
1744301604
1744101486
1743628256
1742726633
1742446184
1742235487
1742124937
1741621252
1741572471
1740983726
1740581146
1740079159
1739377724
1739138065
1739134233
1739056339
1738388141
1738053908
1737326448
1736971446
1736771612
1736182951
1735972396
1735692182
1735406703
1735398826
1735227473
1735148562
1735081914
1734784625
1734716576
1733176343
1732664172
1732657020
1732479644
1732442833
1732218577
1731898537
1731405212
1731269473
1730954149
1730935109
1730431517
1730404103
1730356548
1729550175
1729291295
1729094824
1728866665
1728307934
1727618482
1727444116
1727394451
1727394043
1727341650
1727237781
1727001431
1726990463
1726844896
1726332681
1725335519
1723474582
1723268389
1723094699
1723078607
1722949777
1722775123
1722743117
1722486153
1722340636
1722306678
1722262375
1721898875
1721843450
1721726723
1721009391
1720686144
1720398174
1719945779
1719785226
1719349342
1718978037
1718767410
1718638059
1718489038
1718170511
1718002304
1717693117
1717091806
1716977335
1716950897
1716896459
1716872677
1716520549
1716369749
1716348193
1716065655
1715097403
1714820735
1714565800
1714549869
1714281527
1713904476
1713639752
1713617607
1712687693
1712675739
1712507120
1711347703
1711229493
1710854149
1710806807
1709863571
1709377397
1708975529
1708896460
1708724189
1708466933
1708451693
1708353802
1708026713
1707842894
1707740138
1707512981
1707422382
1706601979
1706493114
1706393424
1706298669
1706222334
1705711523
1705669941
1705471307
1705409617
1705131671
1705055752
1704954176
1704931983
1704780589
1704531815
1704358155
1703670410
1703318541
1702930569
1702690785
1702001999
1701547227
1701503275
1701468222
1701455858
1701388554
1700819206
1700647600
1700568776
1700548048
1700288838
1700248877
1700184914
1700099384
1699536546
1699080244
1698969633
1698643027
1698461670
1698452058
1698057866
1697956886
1697943266
1697426451
1697418774
1697209640
1696575808
1696540758
1696324523
1696131861
1696104494
1695918542
1695765400
1695554926
1695538507
1695016165
1694613695
1694554636
1693982970
1693400987
1692909476
1692893206
1692885694
1692375806
1692370425
1691699252
1691385356
1690680289
1690670063
1690544956
1689927815
1689914268
1689672607
1689304703
1689115307
1689012556
1688735549
1688600248
1688525812
1688022578
1687802171
1687717250
1686579439
1686116139
1685840940
1685793535
1685622521
1685503181
1685459646
1685333423
1685238389
1685217864
1685209111
1684797311
1684443791
1684159994
1684085536
1683852533
1683684169
1683107672
1683069475
1682056668
1681583792
1681379349
1681367100
1681189465
1680755194
1680620628
1680481189
1680328356
1679981803
1679914226
1679275003
1679194125
1679151803
1678828490
1678775728
1678686594
1677962727
1677790321
1677479547
1677116777
1676919794
1676734860
1676711175
1675869172
1675832449
1675417900
1675417538
1674544217
1674216054
1674029844
1673406929
1672609341
1672408936
1671860160
1671809756
1671433019
1671139937
1671001926
1670667279
1670360486
1670157301
1670118735
1670024605
1669817851
1669705461
1669625642
1669613275
1669340487
1669131141
1669103222
1668045374
1667889381
1667678150
1667170651
1667097344
1666946699
1666884860
1666400925
1666372194
1666102152
1665353109
1665333371
1664839533
1664539013
1664087071
1663967716
1663777477
1663134813
1663075770
1663069694
1662955696
1662899289
1662869978
1662809727
1662799912
1662269962
1662099398
1661886510
1661550340
1661539164
1661489999
1661414540
1661368504
1660917149
1660846822
1660738986
1660575165
1660250725
1660234221
1659873665
1659224310
1659045826
1658808688
1658682800
1658621244
1658605642
1657882274
1657852827
1657493629
1657094026
1657067282
1656724367
1656427445
1656299447
1656197505
1656095976
1656078597
1655581906
1655257673
1655201877
1654528804
1654303748
1654288101
1653898777
1653761950
1653525848
1652934582
1652420592
1652385230
1652210730
1652060819
1651919882
1651900129
1651887887
1651665879
1651522249
1651520631
1651169465
1650896561
1650827744
1650208591
1650156601
1650084225
1649905449
1649877554
1649786281
1649715521
1649442714
1648967609
1648767625
1648553547
1648497823
1648457691
1648296335
1648233839
1647748428
1647594986
1647360133
1647215847
1647008274
1646821209
1646690472
1646687373
1646263166
1646229953
1646163299
1646116179
1645941847
1645500340
1645063092
1644862818
1644763792
1644644194
1644347086
1644230524
1643751179
1643436925
1643367294
1643292380
1643277063
1642746640
1642183574
1642174633
1642095296
1641730669
1641451004
1640633603
1640631366
1640630101
1640548209
1639314836
1638996490
1638178739
1638176281
1637622511
1637543108
1637397091
1637209833
1636629642
1636339066
1635478154
1635021930
1635021819
1634689571
1634210677
1634203781
1633704995
1633573722
1633326561
1633274879
1632691638
1632448498
1631900984
1631867168
1631685374
1631358011
1631133036
1631028851
1630854662
1630660194
1630441822
1630129471
1630118720
1630110673
1630093854
1629624813
1629562453
1629212264
1628621033
1628313489
1628151233
1628052286
1627731557
1627716064
1627323685
1627265151
1627244089
1627119623
1626044023
1625897457
1625862658
1625816930
1625801158
1625769642
1625010612
1624903068
1624882713
1624814772
1624354867
1623952110
1623922890
1623785956
1623366065
1623332764
1622914242
1622887382
1622767068
1622608556
1621641793
1620875558
1620193566
1620182952
1620158791
1619996656
1619694503
1619584227
1619418245
1619347554
1618892683
1618800541
1618562803
1617742759
1616593785
1616398822
1615655322
1615639275
1615603989
1615487900
1615480589
1615174382
1614804416
1614046777
1614007115
1613893234
1613826651
1613635768
1613441947
1613215648
1613142955
1612974606
1612624735
1612574621
1612073083
1611759480
1611698189
1611623308
1610388069
1610328595
1610091546
1610068063
1610005688
1609871711
1609821688
1609660193
1609617361
1609405514
1609309075
1609081211
1608888416
1608480645
1608241992
1607779014
1607668091
1607544615
1607493154
1607069879
1606528299
1606210013
1606038702
1605751030
1605466355
1605458181
1605155583
1604941326
1604264866
1604246898
1603913709
1603606879
1603342328
1603004851
1602474847
1602467921
1602198985
1601966146
1601785975
1601770147
1601497133
1601290490
1601105106
1600645037
1600148687
1599940507
1599824631
1599573233
1599390668
1599156403
1598778105
1598356475
1597927902
1597745613
1597680044
1597607444
1597501915
1597263623
1596883984
1596713762
1596625497
1596387442
1596323277
1596233849
1595729216
1595081942
1594971435
1594919883
1594875256
1594097470
1592644415
1592346058
1592211538
1592183861
1592013094
1591953429
1591737694
1591690784
1591539622
1591537127
1591272423
1591197487
1590804386
1590546276
1590445849
1590339939
1590015884
1589988339
1589560359
1588944635
1588700876
1588695109
1588373535
1588093062
1587689767
1586904737
1586901350
1586712702
1586492419
1586164275
1586113965
1585972687
1585919710
1585775417
1585648925
1585629772
1585320811
1585255896
1584932528
1584724430
1584678143
1584665703
1584063245
1583702579
1583266474
1583172718
1583158369
1582172351
1582152627
1581961883
1581761911
1581193704
1580965922
1580907547
1580808589
1580141704
1580002331
1579954984
1579783253
1579409818
1578961241
1578798175
1578633105
1578228070
1577741484
1577410491
1577336251
1577326203
1577295847
1577138575
1576606166
1576140736
1576029485
1576026383
1575993094
1575592066
1575503845
1574890040
1574643150
1574538481
1574060268
1573966031
1573860639
1573804386
1573345532
1573319837
1573316169
1572817325
1572360563
1572307357
1572199802
1571624272
1571352645
1571079561
1571047249
1570975733
1570949867
1570596784
1569889049
1569162745
1569124758
1569060082
1568363427
1568168776
1568155949
1567849588
1567762910
1567326718
1567266988
1566727904
1566526977
1566354148
1566297510
1566115480
1566060809
1565870391
1565693761
1565645770
1565554834
1565345997
1565319984
1565147120
1565056328
1564479269
1564369134
1564238040
1563901322
1563820397
1563686592
1563337691
1563174573
1563150665
1563010065
1562912713
1562734520
1562288609
1561979777
1561979523
1561897500
1561512689
1561417783
1561091987
1560765582
1560372267
1560321781
1560199208
1560062675
1559952123
1559907353
1558857171
1558494971
1558248681
1558055628
1558014039
1557671653
1557449833
1557348004
1557293739
1557272591
1556518870
1556224351
1556024121
1554881246
1554784506
1554773256
1554534072
1554201735
1553992579
1553948654
1553945222
1553859468
1553328601
1552435241
1552112860
1551414758
1551208063
1550808682
1550633994
1549811091
1549759740
1549540243
1549309447
1549238451
1547875361
1547872733
1547846812
1546352782
1546055817
1545165219
1545118633
1545116285
1544617362
1544528762
1544445592
1544442173
1544402295
1544074700
1544010552
1543873023
1543259344
1542954480
1542878005
1542750362
1542703812
1542630285
1542361441
1541486334
1541294519
1540528254
1540377463
1539984776
1539921798
1539911947
1539896749
1539773640
1539473382
1539383140
1539276806
1539059491
1538532016
1538111797
1537955130
1537766525
1537157537
1536927764
1536915727
1536902918
1536517904
1536476989
1536407454
1536221973
1535655903
1535563592
1535512111
1535333836
1535140996
1535086183
1535084449
1534783382
1534067220
1534022830
1533676010
1533607668
1533418533
1533379436
1533002043
1532868846
1532313727
1532156451
1531987048
1531830829
1531707166
1531656674
1530907427
1530646386
1530598068
1530400095
1530385603
1530185312
1530068710
1529843273
1529419510
1528465705
1528316965
1527263307
1526680969
1526661147
1526653663
1526159512
1525835069
1525325275
1525160205
1524970920
1524780284
1524457159
1523923515
1523737592
1523335449
1523284223
1523060831
1522847236
1522796378
1522793512
1522702374
1522399506
1521977197
1521935161
1521787117
1521609526
1521117055
1521063728
1520984483
1520683912
1520457885
1520305807
1520024064
1519795678
1519393720
1519366791
1519104658
1519069191
1518622961
1518489001
1518078073
1517787360
1516421274
1516384230
1515848544
1515631800
1515394717
1514953021
1514785082
1513733684
1513653004
1513273403
1513005993
1512885912
1512864851
1512773303
1512408037
1512041757
1512017367
1511886724
1511764779
1511319944
1511174476
1511071355
1511022906
1510995514
1510982560
1510750866
1510020357
1509862596
1509503010
1509210937
1508387326
1507916513
1506810275
1506549179
1506109209
1506050548
1505698407
1505539061
1505351463
1505140288
1505057046
1504986346
1504976046
1504557559
1503294411
1502688738
1502678018
1502490878
1502373097
1502301026
1502243354
1500886607
1500664827
1500467300
1500275113
1500174459
1500038116
1500032964
1499837578
1499531050
1499454971
1498120179
1497894026
1497758334
1497543923
1497504979
1496984642
1496968669
1496364890
1496258895
1495592488
1495563811
1495446484
1493959597
1493937026
1493620267
1492921789
1492868292
1492711251
1492671156
1492638554
1492607917
1492467020
1492235708
1491845303
1491832481
1491790297
1491504280
1491355496
1491169246
1491095980
1490996003
1490989366
1490028423
1489979874
1489722488
1489462077
1488550622
1488523368
1488079467
1488054552
1488041773
1487683308
1486528744
1485930619
1485770692
1485348241
1485255046
1485063591
1484882761
1484667048
1483657191
1483630866
1483184459
1482885560
1482511376
1482366174
1481779224
1481298403
1480802281
1480619090
1480172945
1480045913
1480035527
1479977083
1479628930
1479565760
1479420132
1479331976
1479222250
1479115908
1478854520
1478071985
1477542851
1477142219
1476825309
1476652394
1476622218
1476162945
1476104059
1476022801
1475902936
1475835324
1475676441
1475091851
1474853614
1474844805
1474811221
1474628263
1474477887
1474109902
1473879786
1473825163
1473775408
1473636555
1473364466
1472972162
1472880697
1472115332
1471909261
1471503736
1471426974
1471289283
1471187038
1471170351
1470819411
1469799896
1468985190
1468852884
1468780770
1468683277
1468524166
1468412578
1468248150
1467766347
1467689468
1467402833
1466967903
1466419398
1466328557
1465301947
1464972007
1464646091
1464588914
1463983008
1463896436
1463461593
1463103286
1463045373
1462821767
1462596767
1462509165
1462437105
1462435621
1462238943
1462139841
1461667482
1461266082
1460623485
1460047022
1459916482
1459809139
1459270554
1458998649
1458802679
1458695867
1458503417
1458073704
1457752906
1457734736
1457102558
1457017682
1456506678
1456191206
1455966604
1455711482
1455632858
1455564155
1455075809
1455061967
1455051667
1454958915
1454571857
1454551511
1454464077
1454428006
1453860048
1453140589
1452898343
1452881579
1452467114
1452374628
1452097085
1452011388
1451874649
1451759521
1451721559
1450337939
1449913126
1449876533
1449671501
1448891540
1448658006
1448513872
1448398106
1448245903
1448053116
1448042224
1447520445
1447346229
1445947102
1445534866
1445379633
1444782368
1444728056
1444695237
1444693992
1444259126
1444248771
1444205722
1443750365
1443697652
1442793280
1442685126
1442434690
1441947172
1441145111
1440695165
1440601677
1440561647
1440335913
1440266351
1439969034
1439676870
1438584359
1438265109
1438060903
1436587954
1436104009
1435426054
1435395874
1435318342
1435309862
1434977395
1434712476
1434471053
1434447380
1434397482
1434042239
1433562905
1433530099
1433518874
1433158660
1433123523
1432942857
1432728594
1432362864
1431654426
1431608153
1431542550
1431466029
1431213729
1430917073
1430693018
1430602318
1429179814
1428912646
1428885528
1428868810
1428602863
1428273079
1428032960
1427565734
1427555326
1427199166
1426981827
1426751948
1426583980
1426151148
1426125592
1425776316
1425685966
1425476469
1425277126
1424881059
1424686802
1424678108
1424653097
1424474793
1423669322
1423604873
1423456962
1423033424
1422464931
1422231505
1422045305
1422032298
1421450356
1421368275
1420858231
1420676632
1420095797
1419724862
1419651744
1419515389
1419229676
1418406261
1417365941
1417360576
1417348499
1417329716
1417208578
1417097107
1417059647
1416938415
1416912692
1416722324
1416712701
1416410773
1416001194
1414840015
1414795244
1414611963
1414572856
1413468986
1413288984
1413025087
1412852733
1412777209
1412431718
1412379144
1412236225
1412226916
1412147332
1412121746
1411059303
1410868173
1410549768
1409469861
1409415753
1409232441
1409056999
1408355157
1408197124
1407745304
1407721765
1407522757
1407446745
1407355814
1407311549
1407233906
1406875573
1406091582
1406039715
1405955196
1405937437
1405790191
1405715046
1404938744
1404109334
1404007010
1403789023
1403604362
1402557484
1402516367
1402506737
1402348567
1402034945
1401973060
1401965189
1401961624
1401780065
1401757877
1400988338
1400949154
1399815013
1399716290
1399632025
1399337549
1399156909
1399134969
1397802598
1397518145
1396821631
1396801163
1396555932
1396379151
1396310642
1396091089
1395801262
1395568393
1395297467
1394622408
1394532392
1394495526
1394426718
1393765523
1393609732
1393386368
1393250706
1393230369
1392969642
1392691276
1392599515
1392464554
1392301262
1391469267
1391359226
1390997775
1390660969
1390076442
1389760927
1389699498
1389196361
1389074239
1388869181
1388683199
1388258267
1388077974
1387959376
1387859748
1387820463
1387481598
1387359052
1386873284
1386580967
1385938675
1385863742
1385739895
1385680176
1385342559
1385313277
1385258794
1384696776
1384481216
1384399883
1384085059
1383465766
1383392849
1383333863
1383209801
1382944189
1382941170
1382241710
1382180998
1382005782
1382001201
1381902599
1381539265
1381380703
1381308614
1381168081
1381164061
1380702440
1380584607
1380539084
1380501038
1379505388
1379372101
1379130954
1378648493
1378613541
1378581059
1378418495
1378198344
1378135085
1378065433
1376667392
1376164626
1375731770
1375500570
1375160193
1374909189
1374670666
1374624178
1374085513
1373968875
1373650849
1373502781
1373448005
1372644335
1372587635
1372403708
1371972240
1371872292
1370656527
1370439972
1369972869
1369586246
1369087368
1368041041
1367685016
1367339616
1367156105
1367063820
1366959803
1366704112
1366616680
1366445273
1366404512
1365846982
1365643784
1365570356
1365552253
1365095194
1364484956
1364396002
1364379436
1364058589
1364010486
1363266482
1363236835
1363068010
1362848735
1362578398
1362553692
1362489183
1362370220
1362355178
1361957073
1361835001
1361614553
1361006318
1360527619
1360488696
1359742339
1359388846
1359292846
1358891581
1358682355
1358602504
1358591484
1358539485
1357954357
1357616646
1357475315
1356611563
1356083260
1356065900
1356047156
1355595237
1355502012
1355435592
1355182337
1354788045
1354752257
1354702053
1354565232
1354468573
1354161221
1353999392
1353750482
1353677374
1353671921
1353635287
1352949201
1352768322
1352711486
1352629676
1352326885
1352231551
1352142439
1351912000
1351467223
1351309504
1350520867
1350071711
1350037493
1349947926
1349867817
1349345126
1349211034
1349177112
1348710663
1348493593
1348478209
1348201939
1347951836
1347837962
1347260333
1347130503
1347100755
1346550356
1345855281
1345737908
1345368306
1345327339
1344897376
1344734427
1344677426
1344622946
1344345696
1344117001
1344112260
1343487197
1343394935
1343281917
1343135844
1342701991
1342625175
1342394246
1342336003
1342106090
1341890594
1341781584
1341458145
1341090126
1340635066
1340610773
1340266456
1339870597
1339830755
1339645179
1339164772
1339132925
1338874372
1338742777
1338350532
1338244918
1336898275
1336694809
1336372756
1335978420
1335931402
1335600723
1335148114
1334956810
1334802865
1334657629
1334646210
1334600068
1334353088
1334083136
1333853099
1333458464
1333239452
1333234615
1333130041
1333006294
1332743742
1332673771
1332432176
1332050337
1331208635
1330927466
1330866425
1330493842
1330053799
1329905275
1329825155
1329528469
1329425687
1328677885
1328390772
1328293234
1327737670
1327581526
1327467311
1327458215
1327405474
1327124478
1327116974
1326721897
1326305003
1326224017
1325923296
1325724747
1325607119
1325488278
1325427288
1325423090
1325080457
1324565939
1324513106
1322784857
1322479654
1321908027
1321771383
1319830563
1319715083
1319260360
1318930235
1318086980
1317992723
1317450524
1317381208
1317312855
1316298602
1316111601
1315412248
1315276510
1315240093
1314570554
1314444935
1314248297
1314129082
1313653261
1313321047
1313007064
1312835608
1312795769
1312660102
1312414232
1312120167
1312101596
1311930114
1311820938
1311638477
1311013036
1310459471
1310164115
1309931957
1309384083
1308830322
1308650378
1308584995
1308566875
1308315039
1307967177
1307829425
1307748386
1307722354
1306929824
1306900677
1306888094
1306801083
1306682822
1306452781
1306363169
1305788502
1305429593
1305350001
1305332767
1305161772
1304823568
1304701060
1304250228
1304099951
1303854547
1303423661
1303420997
1303364000
1303339069
1303273824
1303090358
1303021802
1302840571
1302435179
1302330896
1302242953
1301994862
1301904429
1301788964
1301777755
1301723159
1301287316
1301118713
1300632711
1300483029
1300462010
1299383057
1298745081
1298323930
1298234932
1297954237
1297293291
1296020173
1295470967
1295429354
1294735106
1294207419
1294106393
1294052270
1292801355
1292657376
1292584560
1292351072
1291866279
1291784789
1291664929
1291605992
1291570864
1291292172
1291159344
1291116015
1291046093
1290905805
1290823052
1290801646
1290002347
1289775660
1289189585
1288998797
1288867481
1288749215
1288588627
1288567621
1287552300
1287330023
1287145004
1286974511
1286511511
1285783670
1285536878
1285363893
1284999410
1284981847
1284836609
1284703739
1284623016
1284440412
1284357604
1284195808
1283827135
1283054310
1283018046
1282170422
1281828971
1281801772
1281617172
1281526830
1281469955
1281145292
1280669899
1280497585
1280474918
1280471625
1279992531
1279333684
1279193066
1278637768
1278563083
1278473824
1278239469
1278139124
1278061950
1277794680
1277151446
1277034397
1276694926
1276567043
1276176125
1276120580
1275855238
1275819071
1275055906
1275054686
1275009545
1274940623
1274199251
1273231419
1273115960
1272851293
1272414738
1272157797
1272074175
1271914532
1271379476
1271372633
1271335127
1270439932
1269896943
1269702211
1269241447
1269125130
1269122945
1268932554
1268367936
1268305917
1267552528
1267138143
1266617989
1266375063
1266307746
1266232890
1266088993
1265857125
1265589687
1265437936
1265430390
1265204244
1265041930
1264288385
1264238560
1263669620
1263277983
1262919197
1262865057
1262805091
1262732466
1262512159
1262491978
1262447155
1262390932
1261852434
1261531849
1261244895
1260684724
1260162469
1259739843
1259018507
1258413008
1257234420
1257114429
1257038836
1256989352
1256874222
1256728964
1255403587
1254477996
1254067477
1254020365
1253493377
1252841239
1252827251
1252404976
1252323351
1251781478
1251148022
1250945350
1250839695
1250556082
1250423891
1250412644
1249915021
1249886767
1249044572
1248819717
1248395488
1248361380
1247811338
1247137431
1246725586
1246669104
1246578037
1246559476
1245943909
1245899562
1245596802
1245138210
1244199062
1244197538
1243824559
1243395991
1242354425
1242304089
1241341207
1241182593
1240772955
1240391654
1239968312
1238899594
1238847066
1238642893
1238617769
1238553188
1238314455
1238172929
1238073915
1238050171
1237969596
1237890768
1237687193
1237178453
1236904346
1236484968
1236274630
1236243513
1235253826
1234387050
1234020681
1233727947
1233525279
1233478456
1233449453
1233284779
1233269813
1232644853
1232542105
1232540645
1232244733
1232132456
1231658273
1230724113
1230624855
1230563039
1230467208
1229841994
1229519754
1229069174
1229052742
1228745736
1228675914
1228526649
1228076210
1227596118
1227386864
1227176943
1226789166
1226249182
1226086712
1225945704
1225624939
1224895770
1224377635
1224167247
1224139525
1223777909
1223584466
1222995494
1222731058
1222167822
1222105902
1222057998
1222025895
1221663403
1221333483
1221226438
1220359217
1220179856
1220030993
1219568436
1219533733
1219406863
1219039651
1218972233
1218892843
1218822346
1218777536
1218652219
1218234702
1217773913
1217715527
1215853733
1215821695
1215790587
1215532816
1215245377
1213410925
1213292524
1212779023
1212613582
1212549495
1212408230
1212145245
1212038130
1211704678
1211581566
1211356068
1211346372
1210884433
1210342849
1209940602
1209754667
1209753398
1209648712
1209622429
1209541975
1209490957
1209292153
1208708529
1208610159
1208540550
1208461993
1208142655
1207294552
1206788758
1206244008
1206187706
1206008916
1205996416
1205980535
1205550349
1205538334
1205401333
1205028376
1204537975
1204496509
1204423898
1204091632
1203567962
1203396852
1203389051
1202815153
1202774739
1202750031
1202389313
1202256316
1202032196
1201720834
1201563167
1201554856
1201483907
1201249310
1201224348
1200758552
1200720191
1200488081
1199638175
1199441786
1199431032
1199227069
1199107140
1198833836
1198565700
1198238366
1197948315
1197597464
1197307474
1195289884
1195232380
1195051618
1195050244
1194893646
1194870804
1194754905
1194718744
1194624349
1194409748
1194242261
1194198122
1194147480
1193797707
1193765440
1193500529
1193380170
1193091214
1193060161
1192866655
1192517831
1192516274
1192323470
1192146979
1191834756
1191276309
1191127686
1191100993
1190999823
1190526457
1190514359
1190328562
1190179472
1190085445
1190011584
1189639591
1189621976
1189582954
1189464971
1189360429
1189348652
1189290655
1189150448
1189045475
1187851781
1187774989
1187742085
1187460337
1186627158
1186591492
1186517032
1186486224
1185847346
1185646318
1185589784
1185309982
1185175547
1185162244
1184670733
1184649053
1184135662
1184067466
1184065597
1183907838
1183860766
1183818783
1183764067
1183223816
1182909833
1182864230
1182799091
1182534946
1181859868
1181856362
1181816932
1181758696
1181459665
1181160034
1181139396
1180563082
1180554244
1180391721
1180294974
1180096370
1179636132
1179534001
1179533822
1179205477
1178750289
1178570037
1178032526
1177955713
1177330246
1177138520
1176668569
1176536177
1176523723
1175694422
1175561214
1175363700
1175242209
1174986958
1174789581
1174614385
1174046788
1174022643
1173405826
1173329149
1173090289
1172656856
1172639019
1172626985
1172172808
1172077751
1171984214
1171182845
1171128788
1170657256
1170604974
1170303448
1169773946
1169639995
1168108373
1167748234
1167329064
1167286411
1167271241
1167254889
1167232695
1167187041
1167120279
1167100129
1167016315
1166598380
1166556716
1166556504
1166554817
1166274602
1166249387
1165684894
1165341962
1165311730
1164922713
1164808205
1164604387
1164482161
1164160400
1163831774
1163745528
1163324849
1163324067
1162883911
1161585627
1161346923
1161144016
1161103968
1160318952
1160166813
1159988986
1159153334
1158402990
1158033849
1157958832
1157865781
1157546393
1157342319
1157016761
1156723526
1156636760
1156568311
1156333692
1155967696
1155861621
1155625163
1155531060
1155409677
1155300097
1154782815
1154525334
1154449519
1154365472
1154163794
1153975341
1153959617
1153861639
1153675879
1153220860
1153156805
1152848896
1152603832
1152158761
1152037401
1151916784
1151835193
1151607699
1151515124
1150415553
1150372527
1148770623
1148723747
1148705772
1148267260
1147972011
1147361835
1147196558
1147139887
1146729070
1146505419
1146055338
1145641128
1145598113
1145510663
1145454053
1145167261
1145150198
1145026671
1144802872
1144778900
1144588897
1144576897
1144135015
1143536023
1143302593
1142960489
1142931663
1142661976
1142497941
1142142905
1142048152
1141491567
1141005773
1140657954
1140008422
1139623113
1139504250
1139286403
1139163118
1138637539
1138625837
1138616552
1138585133
1138485519
1138454742
1138263025
1138027082
1137687801
1137634452
1137130842
1136565325
1136504104
1136331688
1135876176
1135842698
1134773655
1134392109
1134280668
1134225955
1133757354
1133548745
1133435002
1133015653
1132880035
1132705039
1132357244
1131828335
1131534101
1131472160
1131255625
1131091254
1130557056
1130502477
1130343678
1130263229
1130223958
1130066212
1129542468
1129464002
1129410480
1128747444
1127909427
1127708949
1127462979
1127031513
1126674726
1126543450
1126427231
1126245719
1126054625
1125856596
1125600838
1125572898
1125262792
1125151812
1124910355
1124737941
1124328406
1123749663
1123683991
1123577872
1122224247
1122049885
1122015889
1121949561
1121174670
1120544553
1120508393
1120414345
1120250402
1120021582
1119927530
1119925535
1119651091
1119499742
1119248280
1118107668
1117691711
1117551346
1117268807
1117086474
1117050655
1116692497
1116136880
1116070631
1115913767
1115876439
1115854394
1115631368
1115272084
1114978806
1114863425
1114519259
1114275078
1113804588
1113749620
1113574851
1113119029
1113096966
1112311211
1112309522
1112189955
1111968781
1111790397
1111723801
1111436379
1111279269
1110475975
1110295089
1109907307
1109766188
1109058985
1108866356
1108765255
1108760609
1108512522
1108312221
1108245465
1108191326
1107801707
1107415425
1107122232
1106987663
1106818801
1106789101
1106722773
1106573621
1106298761
1105979704
1105767711
1105490033
1105396745
1105225503
1104355628
1104167043
1104166425
1103534146
1103151505
1103127159
1102903556
1102883793
1102439990
1102096116
1102009078
1101832940
1101752636
1101663953
1101647326
1101253142
1100935911
1100568250
1100524522
1100486298
1100387832
1099830502
1099459505
1098803887
1098524881
1098089596
1098052386
1097702201
1097599558
1097196400
1096384067
1096370995
1096268108
1095843089
1095821495
1095220301
1095049015
1095011507
1095011194
1094990489
1094971890
1094932273
1094922649
1094673475
1094142343
1093949689
1093653532
1093581284
1093566689
1093537260
1093413292
1093087376
1092808355
1092763947
1092689590
1092529463
1092215069
1092083689
1092028958
1091789295
1091646656
1091509420
1091279549
1091212308
1090958768
1090725486
1090485055
1090369951
1090361955
1089387260
1088857557
1088395748
1087997256
1087731110
1087467559
1087391335
1087317040
1087180448
1087074716
1086936644
1086858045
1086817689
1086784780
1086658013
1086645060
1086565049
1086375701
1085914322
1085449610
1085388820
1085277424
1085048370
1084601174
1084576662
1084191851
1083894279
1083053153
1082662703
1082576193
1082092272
1081319886
1081036736
1080654644
1080592221
1080255815
1080210611
1080178075
1079887396
1079863186
1079784845
1079426486
1079372044
1078920661
1078687582
1078609183
1078499798
1078198679
1077730620
1077727289
1077528207
1077367401
1077345793
1077294419
1076319081
1075687605
1075633616
1075322997
1075281517
1075184968
1074499027
1074158167
1073785452
1073383864
1073302022
1073070476
1072893074
1072682993
1071813356
1071493947
1071273222
1070726884
1070638533
1070600563
1070569618
1070103820
1069543529
1069489505
1069332967
1069296675
1069222468
1069188986
1069143794
1068786545
1068617889
1068598354
1068522542
1068132242
1068001448
1067717140
1067542767
1066884360
1066505893
1066084920
1065972350
1065904291
1065803309
1065549705
1065464927
1065325304
1064865823
1064135354
1063735403
1063469040
1062532498
1062404478
1061866713
1061719414
1061617262
1060893064
1060853685
1060663762
1060537539
1060296814
1059692145
1059322117
1059217839
1058878484
1058573817
1058493078
1058384633
1057798368
1057746567
1057638841
1057594753
1057492583
1057460814
1057238467
1056881409
1056846467
1056592564
1056311987
1056039675
1055755063
1055670712
1055410983
1055398232
1055267531
1055253614
1054954533
1054694316
1054593076
1054416694
1053900819
1053606395
1053399676
1053059856
1052449104
1052329886
1052286987
1052228984
1051859202
1050757304
1050428361
1049720251
1049132134
1049002497
1048761107
1048360881
1048180279
1047261430
1047228715
1047032780
1046046809
1045626653
1045556359
1045406729
1045281204
1045235748
1044804312
1044785713
1044634282
1044358871
1044095834
1044088402
1044025070
1043790555
1043714149
1043612024
1043477405
1043139889
1042664751
1042520366
1042365932
1042009196
1041839432
1041772409
1041309042
1040759905
1040580684
1039998926
1039676618
1039650318
1038868690
1038709810
1038587927
1038537749
1037815001
1036987691
1036849783
1036607483
1036555034
1035563817
1035285560
1034972159
1034503383
1033905410
1033461581
1033098356
1031557377
1031417025
1030574525
1030545694
1030041641
1029891614
1029712962
1029499131
1029473665
1029296639
1029059429
1028796943
1028065832
1028033957
1028011102
1027890075
1027726719
1026966625
1026730819
1026690038
1026340480
1026281471
1026193010
1026138482
1025917610
1025546494
1025138930
1024303495
1023981532
1023582020
1023378393
1022944767
1022253501
1022057370
1021914976
1020569639
1020316667
1020157667
1019933211
1019784987
1019278171
1019188705
1018353620
1018288415
1017829836
1017152442
1017086209
1016828515
1016765243
1016221621
1015800491
1015656607
1015506730
1015459512
1015377819
1015121773
1015056772
1014905775
1014566856
1013904866
1013836634
1013511345
1013156107
1013023326
1012818067
1012681201
1012621409
1012595374
1012594152
1012446615
1011770196
1010982050
1010682321
1010152378
1010014691
1009824616
1009754397
1009732136
1009303415
1008791501
1008285326
1008106278
1007995187
1007978929
1007778295
1007552458
1007155866
1007092308
1007067675
1006763310
1006733152
1006721892
1006654965
1006626366
1006589828
1006422348
1006180996
1005913564
1005580042
1005302520
1004786631
1004610016
1004427393
1003597371
1003299195
1003045799
1003027902
1003007029
1002914382
1002821104
1002096626
1002009974
1001943324
1001289133
1001152115
1000424380
1000376897
1000182344
999762331
999538250
999466957
999335049
998373300
998342298
998183709
997891830
997516019
997481249
997091131
996801189
996694608
996658485
996066087
995856754
995427278
995056918
995043549
994916148
994898613
994556833
994121590
994053147
994040685
993979701
993798734
993796138
993467602
993461481
993268112
993258478
993145316
992715382
992418429
992257093
992203686
992091530
991724548
991442468
991033528
990576119
990331832
990304435
990285879
990208540
989958207
989486999
988959132
988916065
988541004
988381693
988184531
987268545
987179804
986037036
985796056
985554109
985516850
985167752
984507296
984458760
984066046
983247474
982536061
982511824
982510301
982509485
982346781
982228008
982147300
980998218
980793952
980591322
980333374
980278688
978844083
978796653
978718797
978494786
977471124
976388035
975931458
974493101
974390309
974284972
974216160
974177168
973886644
973691606
973521691
972869102
972829198
972602923
972387062
972150282
971917719
971775257
971500834
971498015
971091036
970725683
970460762
970452961
969690401
969649323
969442199
969217683
969143541
968780716
968757246
968734695
968242773
967841899
967209790
967172177
967076841
966898488
966692246
965585572
964992191
964811986
964773119
964712278
964515129
963673241
963368680
962930022
961930456
961924293
960930619
960576554
960309219
959967455
959128549
958745645
958354002
957884033
957336685
956991630
956918934
956536222
956397533
956203289
956065102
955676104
954411240
953969080
953952928
953698687
953475750
953427223
953392787
953298176
952968891
952843929
952629835
952477077
952217005
951957049
951745198
951720841
951505180
951423199
951383476
950671914
950660127
950525237
950478209
950288629
950198812
949897156
949744617
949665839
949320920
949301726
949219557
949193809
948760825
948477097
948098090
947636473
947302544
947158209
946917396
946849470
946836874
946734817
946479283
946132824
946036377
945952155
945870720
945643363
945611141
945571082
945418934
944470415
944457514
944389607
944353309
944010991
943982077
943914544
943811406
943606846
943340231
943269791
942451154
942199229
941985947
941444982
941222493
941180239
941029364
940997410
940706090
940428900
940142326
940057942
939997762
939886767
939650419
939422778
939264800
939240625
939120631
939102123
939053072
938953672
938792904
938661507
938085072
938024955
937087248
936798078
935685848
935100582
935042390
934853933
934580556
934289874
933925446
933474255
933338881
933191864
933144232
931673292
931637568
931510253
931483333
931227181
930967533
930534803
930379956
930358809
930062791
929991089
929728695
929231220
929110953
929078484
929024669
928895361
928862967
928816388
928007969
927703829
927524508
926887330
926613963
926017989
925929218
925871135
925866895
925796693
925733348
925577977
925469043
924298166
923829560
923792369
923412264
922434037
922398179
922183912
921998851
921913805
921679029
921646615
921555288
920869839
920691963
920649563
920350351
919896792
919664709
919663974
919651452
919278812
919223761
919137766
918936676
917887519
917691745
917204589
916977046
916853967
916463132
916195329
915494157
914773493
914449057
913901379
913459375
913437158
913347721
913166004
912894837
912394323
911988520
911891121
911887446
911551750
911298773
910757106
910711971
910257190
910148392
909803790
908558887
908198563
908183065
908082417
907783497
907113590
907042465
906833632
906807857
906577095
906122803
905817790
905231113
905137851
904305404
904084601
903804297
903545670
903392483
903162157
902391133
902357359
902240464
901832231
901693369
901552289
901427856
901414389
901254034
900960996
900902746
900860823
900838716
900234442
900207455
900126310
899980291
899580945
899266712
898720578
898333400
898119521
897661400
897396892
897212354
897206709
897152468
896220455
895987452
895691599
895369217
894720784
894694755
894470264
894398972
894192572
893243567
893030451
892862583
892821043
892793086
892563164
891995432
891940819
891731692
891723250
891681196
891341302
891178986
890499074
890010124
889969991
889950007
889876838
889715367
889565943
889037507
888396497
888235649
887412710
887314173
887129807
887067119
886950357
886852375
886823853
886750891
886481712
886093147
885995625
885786862
885622637
885567873
885421564
885375029
885185425
884987876
884761771
884754405
884467812
884187306
884087308
884047825
884024136
883910985
883864218
883394592
882473947
882231830
881303935
881115147
880458388
879972136
879770143
878381097
878068819
877639429
877395474
876890050
876569168
876568651
876315506
876145128
876059936
875888646
875700471
875641311
875477654
875432391
875343949
874747762
874585584
874267393
874215779
874044591
873948162
873935142
873267346
873257109
873240224
873111126
873081875
872769687
872730637
872685820
872642256
872177368
872175843
871613615
871564323
870982947
870952609
870921880
870481569
870297114
870191463
869747937
869610671
869230739
869023941
868957183
868833327
868285698
868160579
867958823
867662396
867619237
867529029
867317532
867238891
867011600
866759937
866666460
866550262
866463150
866262653
866219270
866006381
865946205
865483379
865300585
865249970
865123188
864945185
864770423
864704254
864278633
863981198
863345316
863098252
862561970
862476506
862384617
862027237
861603931
861577636
861245559
860608782
860588597
860564121
860253984
860050904
859423366
859421353
859129721
858492453
858463268
858028362
857091973
856763068
856020604
855926157
855604851
855237929
855225759
854826296
854554406
854525934
853627088
853217492
852706426
852417565
852393490
852001397
851718000
851675319
851453830
851259618
850988057
850410210
850073265
849852318
849552216
849219941
849198493
849075989
848695762
848601068
848247485
847400899
847344852
847145358
846307374
845663469
845661586
845430508
845342909
845252386
844419425
844368647
843749578
843680817
843674125
843384004
843360361
842888459
842839623
842825102
842371025
842205061
841983439
841596115
841322493
840996274
840813403
840674697
840299632
840009939
839801968
839688149
838503138
838375184
838235385
837938665
836820013
836634494
836077921
835938666
835880367
835797207
835759247
835723060
835665126
835559600
835523174
835481804
834696966
834571630
834095227
833612443
833125751
832450917
832304439
831997556
831338718
831020186
830951384
830823540
830724633
830702659
830172699
829947258
829752371
829450695
829356390
828331945
828059574
827073108
827058594
826622138
825427186
825386280
825297628
825230104
825166580
824666864
824546616
824048334
822840199
822737185
822675961
822498505
822304857
822122815
821666144
821307789
821274955
821149323
820917107
820703774
819696351
819125243
818850731
818836922
818703521
818687964
818570446
818221108
817903744
817800193
817778779
816977799
816826288
816744709
816718022
816401298
816093530
815735030
815600060
815096891
814841508
814839844
814410189
814282532
813245740
813084704
812586320
812433472
810684410
810073092
809677704
809621319
809538451
809396437
808817826
808518750
808285763
808038693
807960346
807691861
807475865
807286291
807199840
807177175
807079488
806970256
806802812
806366918
805832720
805795699
805687522
805342761
804949949
804890784
804680955
804650590
804524615
804202019
803954278
803924735
803891759
803766936
803437922
802841004
802090118
801931073
801139200
801087313
800722512
800652788
800513599
800472285
800370046
799766269
799735581
799421057
799329892
799193363
797966942
797915570
797593789
797545867
797456475
797422769
796488256
796424151
796369712
795819019
795601826
795535573
795454271
795268012
795181214
795097814
794778846
794618200
794354263
794256255
794094408
793904663
793884096
793594656
792414687
791417943
791403507
791139517
791131007
790628913
790439792
790194548
789494974
789296099
789059847
788898624
788360862
788352904
788334287
788330270
788066643
786899689
786805489
786238123
785964911
785863697
785810404
785463257
785431143
784765954
784346878
784047015
783521104
783259774
782818030
782418777
782150380
781917579
781811321
781678525
781287227
781120940
780764264
780578586
780152166
779995101
779425584
779074047
778842488
778692443
778578875
778577126
778437663
778411464
778127652
777941087
777916811
777329332
777145531
776750518
776744260
776193736
775931374
775836570
774500430
774382615
774339409
774228943
774079577
773560844
773044213
772977354
772829399
772388513
772304277
772028339
771494211
770611138
770096033
770063443
769381029
769367307
768860772
768498144
768400375
768182990
767394592
767321895
767275432
767154416
767112565
766701011
766536156
765633752
765250348
764895134
764851812
764759304
764253860
764001678
763593364
763177925
763172906
762991850
762655486
762204853
761873296
761689761
761233590
760919351
760757363
760356554
760012066
759830943
759209359
759009827
758140604
757257903
757138382
756872662
756810421
756253649
756115909
755828200
755820294
755638628
755468519
755383402
755208474
754261673
753869199
753475169
753410200
753243087
753000773
752955127
752524670
752232816
751814948
751535697
751124421
751018306
750525563
749750438
749564696
749446930
749418863
749354617
748805176
748678783
748634210
748606575
748600453
747618129
747510713
747490577
747471338
747307926
747166791
746799849
746707794
746526336
746474915
746298270
746195531
745106818
744535880
744229621
743919351
743630670
743620665
743326883
743304221
743260766
743121022
743108629
743057652
742959543
742261721
742047634
742027002
741528871
741478283
740969390
740066094
739826743
739774365
739512896
739414140
738850128
738725495
738188142
737950963
737655854
737625669
737563749
737253615
736892404
736529210
736327718
735580533
735390888
735300163
735281310
735183524
735160852
734786494
734423672
734337754
733927702
733842686
733390520
732606289
732561581
732028177
731974160
731836838
731786121
730872137
730578030
730568483
729947193
729783335
729412574
729109970
728846099
728150630
728026010
727909132
727575678
727239744
726806608
726671292
725892214
725726572
725128528
725022841
724797924
724747288
724245943
724212212
724187719
723924595
723854780
723462472
723273334
723087263
722689572
722414108
722183190
722112070
721914071
721661967
721624656
721617791
721286041
721173328
720319511
719677633
719341732
719230003
718875965
718807631
718760672
718674167
718115845
717669343
717467658
717166194
716989060
716978448
716826502
716508600
715691453
715640928
715296337
715092300
715084590
714669482
714409786
714053816
714024999
714006044
713610047
713576268
713287975
713082747
713033700
713028580
712492870
712376495
712258098
712003836
711990735
711558598
711066424
710992198
710720627
710175354
709947832
709747556
709672960
709561751
709372303
709167773
709045601
708758068
708644921
706982540
706252721
706215259
705894812
705497479
705256255
705250356
704869452
704357193
704324720
704266228
704022859
703928891
703871893
703710332
703700778
703203337
702594367
702560719
702268321
701931418
701524545
701296354
701015300
700868787
700810027
700318214
700167719
700118474
700038439
699684682
699584792
699503109
699409909
699169805
698888340
698587556
698169126
697980190
697380745
697251064
697205792
697005647
696933878
696773920
696548832
696429069
695997231
694695244
694096950
693760398
693348999
692718690
692598460
692467047
692272531
691891488
691825081
691663126
690714100
690545255
690301697
690167547
689911427
689638022
689580247
689409697
689336597
689267086
689173968
688939950
688442749
687535138
687486254
687340291
687205106
687192704
686894907
686339106
686189512
686109843
685459322
685318049
684761998
684712868
684666093
684433793
683836975
683602977
683199157
682646141
682518697
681822067
681395826
681248246
681217206
680729587
680224677
679912649
679905031
679258889
679103054
678910643
678807708
678248606
677965691
677655412
677624780
677503393
677297394
677165412
677068312
676483017
676374914
676337951
676315427
675968810
675314395
675239921
674940979
674642431
674264083
674201695
673423498
673414331
672634901
672527901
672081455
671975837
671692466
671450392
671287704
671022589
670791680
670613410
670525410
670371825
670204025
670153372
669776613
669651232
669465031
669127542
669071179
668876821
668850456
668841572
668356543
668250489
668206660
668002239
667904808
667265071
666652307
666083845
666047178
666007214
666001752
665853497
665615209
665421345
665135116
665086558
665075417
664952306
664627499
664599959
664461767
664381446
663589382
663433290
662664907
661966406
661695473
661527339
661391391
660713615
660137549
660114246
660084369
659263781
658659635
658599106
657955312
657903104
657375364
657232192
657121130
657062814
656997657
656916714
656706036
656395919
655906224
655785418
655526625
655514494
654437353
654398363
654387700
653228721
652997683
652918774
652199398
651870817
651751906
651322354
650958386
650847530
650594265
650551282
650445761
649681663
649565808
648563260
648468127
648407963
647991609
647330311
646331949
646257448
645808819
645654870
645549761
645347397
644813334
644000576
643739368
643251389
643205880
642801009
642551015
642517033
642386042
641957537
641798053
641360740
641203701
640840407
640766788
640311354
639807067
639783669
639742858
639612736
639202345
638932376
638861175
638841232
638525808
638354957
638189909
638124784
637018140
636878772
636638960
636125484
636077998
635975836
635916213
635584001
635351125
635121748
635087295
634334277
633919409
633855197
633813916
633798487
633459160
633356563
632496264
632495805
632369889
632231181
632183680
632101390
631964713
631890191
631639851
631513656
631393436
631353987
631314036
631204764
630624414
630414472
630357030
629557976
629516392
629064824
628800456
628634438
628577390
628436981
628186358
628140712
627822950
627532375
627320580
627100914
626951557
626823944
626577710
626248697
626179483
625524062
624168209
623453612
622753078
622677180
622590974
622317449
621904092
621119991
621075765
620293249
620275379
620005196
619860251
619854240
619721888
619366206
619244293
619134403
618875961
618853241
618773822
618166626
618147602
617784137
617776185
617597673
617340614
617150323
616609934
616007135
615579062
615509622
615250882
614815699
614434863
614239414
613824213
613649124
613535442
613455839
612861801
612470423
612431208
612347484
611906890
611564028
611213778
610683921
610561552
610126963
610110118
609810373
609719160
609561599
609222815
609116335
608977112
608778934
608243371
608178628
607807051
607760963
607053708
606969447
606862008
606750745
606435701
606381605
606329436
606182278
605899296
605865490
605718482
605713860
605591150
605440360
604589735
604180002
604027446
603417869
603133073
603032917
602883861
602546297
602497778
602393839
601953504
601816014
601761412
601307230
601284335
600846386
600202200
599997572
599836217
599727485
599491413
599407634
598900194
598810784
598751411
598685739
597989972
596780150
596626091
596005874
594983966
594826143
594618978
593986244
593617920
593507082
593383905
593077738
592682431
592145079
592100955
591940553
591274837
591268499
591235690
590435185
590258793
589073825
587444888
587329925
586611721
586308735
585932393
585467025
585348604
585176854
584883075
584396907
584082698
583939068
583757181
583749482
583494159
583413767
583032836
583000898
582103681
582065717
581907847
581874236
581510198
581406945
581257899
581218721
580907455
580748166
580719238
580313849
579899797
579894001
579667486
579502723
579442335
578866250
578654250
578444812
578126064
577194911
576900142
576808547
576240748
575626017
575575936
575468190
575410088
575189566
574956167
574872467
574781635
574747973
574606567
574199724
574123289
574091745
574027615
573464425
573240622
573188005
573055433
572931948
572038782
571907804
571890777
571792445
570696325
570688083
570574980
570473635
570394916
569763191
569079364
569078206
568990193
568714963
568606472
568229672
568163174
567672329
566644094
566553410
566538353
565728392
565262774
565145271
565021091
564946815
564925524
564335418
564297029
564236936
564126766
563913273
563832302
563713808
563187280
563119947
562908547
562589449
562556546
562050120
562034023
561950625
561785880
561754731
561545722
561332201
561071901
560973831
560573930
560313437
559952006
559378222
559280071
558969282
558766714
558450861
558246310
557805799
557503109
557242028
556933004
556819750
556691542
556505987
556256206
556202118
555987341
555920375
555703111
555447701
555371242
554943068
554896642
554592381
554494760
554491285
554490131
554243671
553766416
553669644
553459173
553410902
552590132
552502381
552369338
552040172
551598518
551425830
551363400
550765734
550734617
550601369
550164600
550147274
549892433
549711548
549496825
549471906
548954303
548921937
548913172
548892365
548860144
548544652
548018118
547450280
547391150
546688877
546684644
546480726
546323968
546254514
546061332
545925342
545395588
545064513
545003527
544940827
544746848
544524344
544226628
544199745
543983344
543905427
543635954
543160377
543109401
542799654
542708894
542632964
542614491
542285080
542236207
541743030
541658409
541644531
541062678
540749539
539923898
539762712
538453263
538016914
537869170
537364212
537165741
537148309
536890917
536357684
536071040
535778682
535676293
535559301
535220512
534451299
533960213
533738948
533699312
533561930
532569825
532445250
532443657
532140264
532133653
531959899
531910576
531702286
531680653
531664965
531647704
531446873
531043557
531032590
530991495
530825073
530750468
530467256
530320825
530014610
529915635
529887257
529222026
528925686
528575399
528502957
528289567
528087266
528061992
527962755
527625387
527501089
527311276
527280895
527274450
527205078
526750838
526602519
525800357
525730082
525513180
525431896
524868017
524854817
524474229
524439432
523832276
523597744
523333450
523328287
523229512
522766807
522089005
522023294
521843430
521646537
521614253
521397134
520996170
520926921
520592695
520559567
519928516
519572605
519515947
519332015
519244850
518793791
518766696
518606543
518532998
518277104
518101884
518099472
518053679
517801270
517655361
517388970
517367694
517249371
516731047
515894474
515392016
514914358
514434467
514142160
513761313
513367049
513049854
512849175
512380363
512177665
511135931
510977600
510793198
510262608
510215740
509937943
509929927
509847395
509623001
509473939
509379376
508859774
508779961
508457825
508338933
508193866
507683991
507466189
507294827
505869617
505654253
505570713
505255352
504905589
504141603
503971495
503675849
503666971
503408286
503268451
502417866
502411255
502387369
502337240
501842138
501662992
501318844
501299154
501272383
500725230
500537536
500441545
500150457
500092245
499978595
499781697
499767907
499618586
499593112
499459910
498871497
498845403
498658664
498653944
498391632
498031084
497709255
497534220
497438422
497431293
497278454
496952484
496852087
496808056
496198820
496023778
495986570
495864534
495815289
495218645
495010356
494560554
494165308
493938095
493682350
493324073
492764937
492608624
492459072
492398787
492237738
492091912
492089190
491860690
491339351
491203379
490881823
490661882
490493801
490461743
490123228
489824225
489753511
489050630
489018661
488325765
488213265
487937841
486176730
486172801
485828011
485439184
485412573
485320677
485267359
485260819
485195967
484686250
484580600
484504037
484384075
484338471
484277427
484188104
484147700
483580995
483494428
482852939
482791153
482700304
482522187
482276837
481977667
481918558
481627222
481079253
480569159
479979138
479945517
479836283
479017677
478883020
478524506
478429892
478377510
477860752
477734069
477550226
477341952
477104987
476648101
476154406
476146695
476135859
476128068
476110730
475713672
475405137
474732455
474542291
474444182
474409808
474268461
474133298
473838284
473663120
473535531
473213787
473175405
473107600
473087571
472647794
472621692
472003776
471996166
470897850
470637840
470400091
469962022
468910995
468713904
468659013
468328300
468241027
467415322
467000846
466601571
466516579
466430180
466109448
465661718
465640298
465563078
464080703
464050268
463638790
463273870
462545018
462188101
462098337
461787862
460980139
460806203
460260326
460032011
459865615
459095595
459045851
459039996
458590468
458312675
457765453
457715675
457612830
457284152
457251339
455964463
455415135
455316474
455108604
455045832
454239010
453927949
453241255
453153074
453123403
452660509
452580867
452408854
452044659
452008353
451958316
451818210
451452952
451172495
451111495
450938368
450657696
450433904
450133044
449807310
449739730
449633104
449394377
448689081
448331119
448038454
447757782
447477765
447477408
447317683
446781258
446643124
446305066
446072849
445662795
445069438
444161855
444038035
443966411
441824051
441185761
441148702
440944032
440517759
440499630
439276476
439128383
438926818
438838739
438715633
438607684
438546771
438519307
438391879
438100341
437565272
436814112
436805492
436691306
435821638
435582968
434191649
433701573
433670233
433597318
433440228
433274037
433177895
432891493
432343441
432335468
432148305
431991966
431826828
431674648
431668344
431561117
431525006
431488812
431129342
431116693
431004592
430871217
430426037
430088892
430086983
429696759
429614623
429332641
429261906
429204110
429125051
428824096
428781110
428504692
428364867
428044127
427928837
427650870
426889021
426760743
426364217
425806264
424990362
424853647
424182944
423979514
423788765
423462393
423365980
423326344
423287647
423225740
423020336
423019306
422522556
422486161
422325306
421672126
421619855
421267818
421225851
420906089
420706236
420573572
420014130
419991936
419528064
419127155
419103250
418965188
418933430
418630882
418484494
418055206
417964575
417789534
417259509
416487145
416363964
416063248
416041764
415846589
415403388
415346742
414996678
414932748
414382146
414317224
413944354
413858411
413378007
413359599
412726616
412662880
411685564
410600048
410192384
409731283
409039633
408940890
408934516
408728746
407436169
406932314
406818071
406797708
406675981
406579190
406254571
406147172
406070371
405978006
404578777
404399117
403941585
403438224
403142550
403044297
402876960
402840915
402512457
402052132
401877490
401862462
401613624
401519989
401468994
400912658
400276939
400182827
399661456
399660902
399656585
399164461
398333840
398229721
398127877
397443202
396530704
396120049
396002186
395994316
395947274
395722906
395557184
395422309
395327467
393874559
393736336
393539004
393428042
392119562
391741502
391251305
391195042
391156004
390822230
390788891
390779941
390317979
389965792
389349857
389314276
389128911
388866921
388853535
388500337
388091766
387875725
387473733
387366602
387155080
387124820
387077281
386793373
386558661
386470673
386374479
385913754
385533846
385483351
385226296
385201853
385133246
385020433
384526415
384240415
383516640
383276287
382314864
382073082
381649750
381584217
381403462
381367256
380357764
380219217
380097787
379989076
379692557
379116097
378950816
378943725
378080195
377950301
377878063
377473910
377225802
377117855
376940496
376707682
376514126
376450345
375734580
375655955
375534333
375120974
374213474
374036463
373970999
373753587
373673111
373661410
372887759
372252097
371733906
371709155
371702241
370998555
370335105
368972630
368769886
368559041
368482194
368187456
367954261
367894333
367774887
367282802
367006702
366764479
365778184
365551396
365314808
364868616
364225500
364213379
363990134
363807897
363613970
363046827
362899164
362716694
362707186
361568815
361059186
360621934
360492032
360359217
360220136
360018908
359712300
359646522
359098294
358982985
358780133
358203653
357909677
357864410
357785000
357395911
357202542
357187816
356419438
356319832
356065531
355650685
355043886
354698031
354429921
354272938
354247418
353960823
353832601
353626912
353206468
353065314
352808016
352758329
352351081
352244883
351667872
351474391
351098941
350906928
350705811
350613778
350158265
349988963
349914058
348684912
348232294
348055942
347466390
347067990
346642731
346573450
346465504
346397747
346249366
346023797
345959458
345935015
345522009
345435393
344631341
344577891
344524256
344193651
343939133
343938382
343876558
343803877
343709530
342774685
342701170
342382756
342070747
341345194
341299700
341236545
341145379
341033351
341009931
340295185
340231771
339738186
339582843
339485869
339212952
338870359
338428081
338317663
338280852
338211800
337884392
337883676
337880618
337446388
337383613
337342413
337053712
336404252
336201580
336120896
336074314
335918438
335905522
335693614
335576580
335240228
335238919
335236894
335207901
335148229
334879401
334846174
333927510
333766030
333730842
333338403
333239762
333009769
332487263
332444099
331355869
331069938
330988200
330959225
330549561
329531983
329143581
328746529
328691127
328069509
327937217
327580349
327500718
327365573
327328891
327272313
327023582
326792922
326632398
326590742
326561640
326263931
325784065
325581072
325501766
324887643
324761547
324460892
324034406
323576212
323503901
323454792
323447107
323428997
323260485
323202623
322752446
322620690
322276960
322008783
321935330
321869104
321276364
321230318
321202364
320406808
320391751
320307459
320258424
319890772
319456353
319217610
319098806
318812046
318749777
318573677
318100595
317875253
317380581
317301692
317227723
317032391
317024161
316927122
316831395
316630759
316491471
316102132
314654905
313960856
313863406
313610817
313473713
313303418
312327346
311688189
311534743
311231794
310439300
310362333
310179555
309886956
309623249
309515092
309412370
309039109
308604466
308001617
307582698
307528857
307426513
307190916
306941921
306908941
306837153
306706624
306157675
305776362
305615546
305067598
304826215
304691950
304430661
304399643
304270333
304105947
303944312
303923871
303543916
302667038
302335781
302312120
301946131
301380582
301094176
300423392
300318439
300298721
299963901
299078996
299050734
297888801
297853413
297815587
297499509
297206879
297108415
296977788
296738365
296473537
296264247
296255627
296196475
296047519
295412546
295156356
294903160
294589673
294216323
294062700
294002244
293764899
292473795
292446439
291517261
290864831
289962466
289404152
289373336
289197050
288959244
288265706
287631414
287622639
287334840
287296206
286688526
286613271
286509297
286200596
286101249
285785877
285467443
285182480
285171802
285152729
284855591
284575294
284508245
284399731
284316334
283924904
283907902
283541522
283369596
282671712
282612975
282516804
282132178
282053839
281917071
281842539
281799101
280904035
280764764
280759191
280758355
280573858
280483494
280462698
280139346
279293602
279177079
278516072
278418290
278414090
278070862
278037601
277910046
277827612
277698991
277317303
277146116
276886808
276624084
276581478
276368229
275976615
275744257
275356686
274514592
274353118
273464740
273301824
273118894
273043100
272771281
271690611
271563673
271149787
271089825
270992035
270559194
270219184
270133552
269940943
269348069
269297456
268715571
268525936
268320201
267990661
267790688
267672018
267623977
267433860
267045050
266967058
266931673
266784444
266311204
266210429
265886772
265462958
265196950
265061169
264586741
264491186
264402740
264249490
263389398
263349968
263118573
262373729
261859599
261776256
261082177
260610214
259606449
259532447
259526091
259317422
259265795
258805183
258801122
258711530
258394565
258241216
258033118
257841696
257469451
256447372
256130886
255856342
255305662
255278164
254852685
254761107
254644543
254301836
254209476
253490983
253186372
252983658
252911004
252638167
252379237
252245214
252182740
252106399
252015186
251993673
251831101
251648651
251531318
251505960
251185873
251010359
250854766
250771667
250732133
250711167
250659969
250616410
250572975
250553539
250532682
249638619
249483987
249312159
248949112
248887084
248383390
248178164
247754182
247743240
247502838
247481983
247153555
247084227
246672264
246535568
246089420
246012974
245627274
245000999
244788634
244372134
244063061
243492725
243215163
242845915
242545284
241946932
241603193
241551084
241249582
241132186
241119521
240985039
240981429
240808112
240005126
239686013
238961270
238936264
238818384
238391752
238353571
237970758
237938452
237868510
237741002
237501743
237332493
237212348
236895048
236585223
236356791
236248211
234813832
234514958
233473673
232821276
232619225
232268115
232192687
231730487
231712823
231550459
231491005
231384491
231204720
230767771
230434952
230280286
229081264
229054059
228900036
228672207
228549432
228452493
228405806
227370157
226724096
226662113
226461400
226340038
226077105
225770407
225361884
225094285
224959577
224934592
224797158
224481515
224368288
224214088
224207933
223974569
223887119
223748268
223306707
223020611
222897424
222719717
222404990
222295065
222132228
222119792
221942666
221907637
221637573
221549771
221296876
221281781
220978088
220483131
219372251
219332900
219162901
218908358
218711653
218450813
218319218
218043328
217994945
217251575
217041141
216722243
216544622
216493221
216050381
215906671
215833034
215782848
215644364
215498798
215181283
214260749
213773243
213471834
213015425
212837039
212631908
212494536
212466563
211654355
211357300
210929647
210737929
210453800
210168867
209430612
209288693
208956696
208717615
208575484
208377936
208112807
207878163
207828886
207092800
206721843
206685733
206468358
206137624
205483175
205078821
204714726
204550361
204218195
204155440
203872644
203341561
203065501
202868374
202789931
202780101
202746005
202638702
202425391
202327835
202162354
202047820
201930757
201915402
201346034
201116477
200270809
200040475
199840994
199552620
199253916
199121879
199115796
198911435
198873614
198737770
198438662
198137262
198064765
198025017
197632614
197123992
196820232
196386282
195805206
195640389
195585188
194695400
194182268
193888642
193446179
193423983
193374190
193340727
193311596
193276995
193222449
192707549
192225597
192215181
192075772
191704692
190446118
190443526
190069150
189967091
189962249
189418325
189240552
189138068
189133742
189130048
188526557
187981812
187899782
187225630
186928137
186686223
186456111
186311157
186063123
185787032
185612418
185436451
185337768
185022439
184670714
184612054
184485325
183892616
183700625
183456891
183420061
183309847
182822681
182780790
182188079
182068089
181983138
181930967
181881590
181783673
181458237
181433099
181092308
180658231
180341658
180093728
179896250
179191920
178697624
178361804
178217775
178132263
178044892
177200214
177102183
176798649
176761643
176706675
176560966
176161337
176025313
175326166
175273923
175230286
175224065
175156776
175147501
174891330
174754768
174566140
173933078
173910980
173621863
173263074
172771245
172389791
172358925
172030834
171513628
171346310
171263810
171150830
170893422
170879928
170856170
170729077
170636144
170617165
170562702
170292306
169836820
169529673
169354944
169217330
169078208
168479927
168473479
168328617
167473555
167206049
166520542
166465243
166010900
165979622
165556376
165525620
165234472
164354114
164250069
164160173
164113496
164051204
163896783
163863409
163293621
162321909
162129986
161865005
161754345
161662049
161438602
160101780
159689150
159674405
158289837
157885385
157734168
157033770
156859969
156650192
156571788
156352508
156280033
156269231
155929332
155917074
155873808
155683111
155542695
155340422
155199646
155198777
155093225
154852979
154636051
154565726
154434408
154366203
153981137
153960897
153511050
152928632
152674700
151977524
151720661
151408704
151048563
149774985
149545299
149498047
149411381
149018140
148510892
147710717
147702384
147489046
147257275
146712417
146422088
146101988
145960398
145953804
145613672
145337766
144819779
144803101
144633762
144287014
144061589
143513562
143375138
143229634
142816770
142776358
142459203
142431802
142043753
142008093
141996706
141738659
140612904
140446710
139961395
139728259
139285097
139191133
139146062
139045104
138869850
138853510
138811845
138689443
138377688
138230663
138079948
137517297
136913034
136819061
136724302
136397249
136297268
135584494
135023131
134931360
134920286
134838471
134771239
134669261
134613007
133987476
133829819
133685234
133617793
133397240
133235749
132876608
132377533
131824419
131679425
131482748
131209223
131188979
130905223
130771163
130274154
129814558
129767411
129246671
128809129
128028681
127746548
127175730
127071185
126796354
126652063
126433953
125924065
125893438
125408518
125329397
125037309
124907933
124718404
124516056
124212769
124015687
123865887
123854203
123780908
123408026
123288121
122607444
122467650
122404807
122212532
122012281
121976556
121889397
121410695
121327961
121227669
120938555
120883966
120703020
120554319
120536559
120016052
119611425
119535285
118462005
118429806
118380364
118180382
118002029
117934123
117615533
117194085
116699915
116148027
115296192
115270533
114961727
114744903
113855355
113751416
113677655
113142236
112796583
112704230
112474880
111972580
111213187
111092540
110808976
110600701
110157648
109876306
109751240
109633219
109358700
109344001
109117109
108731288
108569398
108483234
108410600
108208510
107303700
107062741
107054866
106802197
106717207
106708701
106276576
106084626
105636944
105429669
105037905
104915335
104619838
104187395
103889735
103532522
103308984
103201547
102892883
102154062
101997808
101770003
101405512
101215656
100950879
100887212
100578488
100242767
100103095
100032358
100002714
99318480
98947556
98487937
98442782
98156187
98072074
98023612
97982529
97640432
97333915
97273260
96818178
96651044
96634704
96445040
96408222
96206946
96086095
95925016
95795807
95498902
95051925
94565742
94433622
94324384
93974530
93951043
93862217
93640074
93514175
93508986
93416423
92290380
92103494
91918400
91781445
91185433
90984045
90971528
90311485
90235500
90004533
89995376
89933583
89794223
89643321
89310835
89287038
88650128
88208934
87471251
87467745
87192940
86628267
86511191
86361105
86291466
86103323
85746054
85652852
84796387
84658933
84402795
84245247
83724705
83492263
83313867
83208933
83002152
82765006
82565778
82247095
82219970
81628707
81371427
81325156
81050047
81037053
80971202
80922759
80653900
80614579
80362414
79791621
79777070
79758192
79513192
78997586
78932630
78847431
78542593
77987871
77962147
77790731
77662638
77437652
76484439
75822828
75720990
75655320
75610009
75513801
74595847
74397314
74317650
73308703
72733592
72477156
72417172
72366834
71957176
71846948
71752667
71571928
70999003
70334308
70242903
70096005
69891344
69847628
69701175
69666741
69328459
69160582
69133755
68949656
68924896
68838605
68818728
68730427
68646520
68616957
68188658
68089149
68083375
68042858
67970297
67548226
66412090
66356291
66078670
65637657
65540490
64983540
64779046
64713731
64434695
64429501
64232080
64114685
63842146
63841404
63334477
62918778
62460941
62142216
61915661
61898520
61586546
61406440
61144853
60782951
60769991
60468122
60279729
59638052
59200406
59091141
58974471
57966159
57564186
57537125
57263771
57113920
56780406
56697541
56696151
56509086
56386982
56368496
56000354
55875468
55495612
55260149
54270042
54112341
53745217
53114064
53056314
52871818
52651774
52421462
52404156
52390625
52273377
51747158
51169156
50747224
50134398
49911070
49673412
49429845
49359693
49287575
48808190
48777640
48408174
47630571
47402176
47124257
47113991
47098701
47067085
46982835
46696478
46656735
46584771
46233490
45969241
45831840
45724231
45588282
45560186
45329367
45084098
44935820
44307890
43929101
43561729
43521813
43225066
42537307
41467554
41185007
40484626
40332555
39805852
39651456
38816977
38690283
38554034
38465657
38450010
38359633
38268613
37410200
37383814
37327909
37276729
37089053
36959000
36865535
36113623
35819056
35766996
35716872
35598490
35593391
35270774
35015797
35011661
34666275
34348671
34144295
33918421
33659745
33304669
33206805
32595489
32412321
32298766
32223413
31973820
31959646
31468293
31314968
30914968
30863145
30861746
30423411
30401825
30257089
29386657
28980196
28211365
28082464
27750372
26896858
26516307
26427353
26273292
25909098
25271374
24944702
24818714
24594333
24487246
23905694
23633151
23027892
22927634
22793804
22003934
21261626
21216159
21022854
20985599
20897364
20748882
20231500
20128110
20050893
20040876
20034303
19750754
19390451
19369986
19345456
18504184
18271919
17639393
17491501
17372784
17132000
16727853
16589887
16393321
16363283
16246099
15781846
15601777
15520764
15510799
15187404
15097101
14739787
14486138
13665345
13546924
13268762
12405458
11882196
11630843
11207797
11206976
11004045
10648095
10111197
10026986
9978259
9957028
9936116
9778484
9483658
9388794
9257742
9036735
8796913
8586696
8507675
7934414
7873075
7754578
7610837
7170177
7090161
6821227
6719693
6084921
5989450
5982163
5944829
5831500
5801982
5507677
5343197
5001921
4729217
4565207
4482398
4310354
4285734
4077302
2387044
2386504
2184826
2172184
2097743
1509157
1087856
1076679
270146
210487
199232
