2147006109
2146966066
2146704440
2146157839
2146044798
2145946242
2145579390
2145066687
2145049305
2145028956
2144413250
2144365569
2143937575
2143933137
2143809356
2143696963
2143695980
2143689946
2143182709
2143100524
2142905150
2142662207
2142548885
2142118737
2141816946
2141545433
2141385925
2141176419
2140999105
2140835955
2140735150
2140636840
2140452187
2140451096
2140356549
2139794692
2139773986
2139571350
2139396717
2139301463
2138904696
2138789592
2138017586
2137278831
2137133180
2135705671
2135428969
2135385498
2134671390
2134277964
2134016743
2133981477
2133930383
2133843057
2133803985
2133252333
2133043655
2132843240
2132375358
2132267851
2132083616
2132001958
2131881443
2131831114
2131776605
2131213453
2131182105
2131043558
2130769174
2130657082
2130184180
2130172515
2130154390
2129910303
2129679445
2129248246
2129139462
2128974833
2128585275
2128388413
2128360992
2128067799
2127896441
2127599283
2127359880
2127274025
2127100519
2126824562
2126256722
2125708787
2125507997
2125412130
2125250979
2125192495
2125185700
2125148333
2125037533
2124499980
2124463132
2122987712
2122896050
2122889045
2122795802
2122418332
2122082646
2121851525
2121752424
2121496294
2121395100
2121173462
2120840347
2120672921
2120642724
2120582292
2120535413
2120172513
2119715056
2119551407
2119479727
2119267894
2118878711
2118803698
2118380797
2118001614
2117690664
2117347143
2117342291
2117335843
2117228631
2116887020
2116077018
2115911715
2115736515
2115636862
2115275376
2115094336
2115053578
2114447230
2114207920
2113995414
2113931271
2113196950
2112891782
2112584315
2112434434
2112333652
2112301586
2111389656
2111374355
2110361375
2110319667
2110107992
2109741024
2109647787
2109539281
2109269891
2109193796
2109120191
2108380224
2108254799
2107270532
2107050164
2106703770
2106505611
2106147428
2105978414
2105789224
2105739576
2105730108
2105373235
2105272190
2104753807
2104661553
2104345691
2104237695
2104018877
2103747716
2103721331
2103179194
2102881094
2102811080
2102680232
2102513376
2102229426
2102131134
2101938888
2101770033
2101354390
2101205288
2101137310
2101025756
2100925697
2100508732
2100293243
2100222261
2100209758
2099959522
2099823564
2099537259
2099411226
2099338059
2098963002
2098929064
2098920128
2098583956
2098526067
2098000633
2097139207
2096839718
2096640632
2096572276
2096287602
2095480587
2095394137
2095227991
2094758594
2094728704
2094613934
2094442478
2094104287
2094036368
2093501978
2093456125
2093357051
2093035635
2093033444
2093025874
2092864100
2092819863
2092720625
2092311616
2092303282
2092105390
2092104977
2091699252
2091364687
2091296014
2091250536
2091169021
2091082036
2090888059
2090814500
2089776057
2089739309
2089735029
2089561253
2089411522
2089328007
2089171781
2089061302
2088918587
2088804959
2088653382
2088150787
2087766176
2087610571
2087419064
2087206639
2086708878
2086097426
2085956369
2085570059
2085457211
2085416407
2084854546
2084172584
2083472246
2082937324
2082828883
2082181411
2082169720
2081856006
2081359835
2081112940
2081074099
2081007040
2080921997
2080806076
2080785002
2080761936
2080696658
2079962981
2079808375
2079730186
2079250522
2078789926
2078773868
2078645177
2078234700
2077600525
2077417710
2077280784
2077022692
2076837329
2076718618
2076445413
2076373941
2075623378
2075568612
2074758956
2074657693
2074622133
2074589990
2074436510
2074311178
2074259049
2074234278
2073990440
2073173191
2073088481
2072884511
2072853260
2072750956
2072444019
2072150027
2072130064
2071973887
2071958523
2070500502
2069723528
2069713091
2069474028
2069447181
2069356987
2068838012
2068491941
2068364449
2068225426
2068026666
2067689569
2067682838
2067503975
2067375921
2067214179
2066986507
2066733756
2066663037
2066555879
2066496235
2066302423
2065974067
2065261983
2065221807
2064980399
2064919555
2064748959
2064725225
2064285249
2063624074
2063079418
2062921590
2062627571
2062303300
2062193441
2061936454
2061822108
2060654081
2060265612
2060029515
2059301689
2059184152
2058984588
2058801716
2058672750
2058105855
2057538653
2056738013
2056708704
2056497626
2056274112
2056225183
2056149243
2056127045
2056026465
2055461115
2055415451
2055199794
2055191425
2054664145
2054282469
2054271492
2054187584
2054030560
2053902018
2053829318
2053498161
2053459420
2053358805
2053324334
2052939358
2052928078
2052908528
2052735684
2052600564
2052510480
2052230582
2051952825
2051784890
2051040173
2050948944
2050816181
2050812941
2050708294
2050661133
2050584057
2050222547
2050205714
2050019390
2049934738
2049457148
2049332463
2049265146
2049135926
2048976071
2048911841
2048847971
2048788749
2048349707
2048240093
2048117973
2047939708
2047714237
2047459390
2047214919
2046841326
2046737589
2046575822
2046009083
2045871833
2045845642
2045546743
2045533121
2045422840
2045227805
2045078029
2044904040
2044673712
2044281197
2043988000
2043735079
2043626258
2043229188
2042518328
2042404058
2042344675
2042187909
2041982354
2041805162
2041752262
2041517182
2041489086
2040654970
2040518842
2040330149
2040307297
2039980969
2039320286
2039203137
2039106067
2038693241
2038531852
2038408056
2038039666
2037823695
2037781798
2037745630
2037663813
2037480562
2037056400
2036351582
2036205052
2035579927
2035084668
2034844672
2034472453
2034371392
2034165513
2033848122
2033706292
2033341917
2032761480
2032743725
2032497916
2032381110
2032272375
2031506569
2031465797
2030792482
2030480499
2030179117
2030035540
2029886471
2029610292
2029129196
2028990928
2028637791
2028589089
2028228625
2027999832
2027951930
2027924687
2027911222
2027847646
2026436190
2026321054
2026295099
2026167184
2025997694
2025709383
2024811315
2024526650
2024456050
2024199847
2024021055
2023797377
2023728904
2023590329
2023389300
2023169325
2022926492
2022299429
2022238519
2021932838
2021614881
2021555952
2021166200
2021018510
2021007739
2020653381
2020450844
2020433558
2020390883
2019977689
2019968878
2019554187
2019389499
2019289975
2019237796
2018117492
2017962032
2017922595
2017867997
2017697443
2017685809
2017619895
2017572889
2017465489
2017232224
2017119585
2016313071
2015933437
2015825902
2015739828
2015378459
2015267042
2015136443
2015126210
2014667809
2014599736
2014235738
2014215583
2014153338
2013271870
2013132106
2012616712
2012314611
2011733034
2011681742
2010915495
2010856032
2010811623
2010623604
2010605830
2010486240
2010276233
2010187865
2010119862
2010054366
2009833220
2009818426
2009776492
2009732619
2009254479
2009223152
2008969269
2008836215
2008723515
2008539360
2008304624
2008262552
2008159719
2008129673
2008042884
2007187557
2007010906
2006922783
2006911564
2006786504
2006684249
2006671708
2006387664
2006082067
2005569143
2005498177
2005460709
2005015027
2004879918
2004520581
2004151274
2004044218
2003934513
2003826726
2003531196
2003267605
2003054153
2002266303
2002009220
2001211739
2001067823
2000977875
2000538761
2000524491
2000315510
2000302770
2000148407
1999987506
1999590699
1999159790
1998857214
1998711243
1998583049
1998460834
1998405481
1998269534
1998245786
1998133277
1996826009
1996453788
1996410715
1996220264
1996035335
1995991211
1995982044
1995788689
1995542712
1995108551
1995087486
1993392265
1993077586
1992952370
1992290232
1992125222
1991344691
1991210273
1990852623
1990618296
1990593776
1990322085
1990303386
1990164151
1990139106
1989883360
1989813446
1989567757
1989101049
1988526525
1987823113
1986926208
1986748454
1986483691
1986428253
1986186660
1986037552
1985834511
1985808204
1985713493
1985698138
1985436966
1985039814
1984898657
1984871529
1984368093
1984238536
1984208666
1984131026
1983856448
1983690337
1983197448
1982820482
1982020127
1981271984
1981208703
1980814161
1980450242
1980270809
1980033972
1980016546
1979892674
1978832092
1978725318
1978472651
1978161567
1978028745
1977911260
1977740535
1977536723
1977224927
1976937255
1976781512
1976529279
1976353347
1975957266
1975780714
1975610841
1975513531
1974593793
1974183884
1974131429
1973079767
1971965051
1971475753
1971431017
1971387654
1970839919
1970559416
1970445468
1970411932
1970402780
1970399775
1970242715
1969772724
1969703816
1969529531
1969443632
1969417796
1969402084
1969391407
1969205900
1969197633
1969001709
1968749993
1968273723
1968090746
1967977104
1967591615
1967231679
1966729382
1965804050
1965755794
1965364975
1965284572
1964784529
1964456147
1964385064
1964378529
1964269276
1964155587
1963566956
1963475232
1963342831
1963218987
1962351921
1962185298
1962114646
1962077962
1961586841
1960842476
1960778625
1960606495
1960445340
1959706172
1959256120
1959158316
1959093287
1958698765
1958400501
1958345120
1958186659
1958096080
1957980291
1957529660
1957481582
1957433540
1956814151
1956727477
1956296409
1956252101
1956178707
1956089929
1956039958
1955976781
1955939765
1955919760
1955917265
1955147363
1954884883
1954821204
1954807924
1954767475
1954616171
1954505186
1954300004
1954293259
1954263330
1953868401
1953747966
1953269762
1953176293
1952998931
1952960689
1952619170
1952431226
1952358279
1952268306
1951795635
1951285843
1950974433
1950682591
1950645220
1950537529
1950464439
1949604232
1949127196
1948801304
1948395647
1948033817
1947369432
1947277543
1947153478
1947033511
1946738814
1946525221
1946401899
1946354745
1946279439
1946236792
1946024823
1945953241
1945844119
1945835650
1945620309
1945411581
1945281283
1945172287
1945166067
1944950956
1944895121
1944698470
1944658368
1944623235
1944521494
1943872898
1943512342
1943217815
1942880702
1942821625
1942774008
1942752082
1942350673
1942137793
1942092200
1941928273
1941851545
1941813691
1941643282
1941272593
1941239865
1940905990
1940099929
1939930674
1939335587
1939317929
1939099312
1938260081
1938259288
1938156144
1937674958
1937491390
1937112387
1937012467
1936134290
1935715511
1935670605
1934853369
1934805074
1934523322
1934449865
1934141384
1934082508
1933679257
1933593074
1932885622
1932667130
1932402163
1931960824
1931833607
1931811132
1931794120
1931700805
1931687085
1930547566
1930429713
1930376172
1929119229
1928919813
1928904462
1928900241
1928278124
1928252317
1928234908
1928203670
1927950380
1927520513
1927445144
1927338372
1927210983
1926761480
1926651151
1926644935
1926550192
1926145860
1926119027
1925998779
1925887190
1925825630
1925700724
1925661439
1925605999
1925383531
1925357616
1924997662
1924967427
1924349605
1924152762
1923499229
1923176540
1922877162
1922756718
1922531286
1922524583
1922374052
1922037242
1921970425
1921921502
1921125423
1921076503
1921066564
1920965659
1920925227
1920669383
1920611646
1920491808
1919638329
1919177288
1918816950
1918775504
1918694965
1918660278
1918205889
1917918607
1917401148
1917343636
1917212430
1917182826
1916864770
1916507652
1916472669
1916382250
1916236012
1916108471
1915771190
1915613910
1915387281
1915374530
1915214750
1915203359
1914872976
1914509411
1914271170
1914248938
1914164432
1914086291
1913562033
1913553844
1913518615
1913483311
1913332536
1913221446
1913053476
1912127649
1912118800
1912023202
1911839155
1911672061
1911423507
1911371638
1911244122
1911024871
1910719819
1909837476
1909688098
1909481259
1909302991
1909263816
1909027733
1908990726
1908967827
1908869421
1908686660
1908654391
1908530960
1908343629
1908234962
1908199790
1907969126
1907827644
1906998511
1906720120
1906635539
1906626566
1906600073
1906370873
1906336331
1905658309
1905615706
1905274047
1904576282
1904388842
1903457146
1903325398
1902960016
1902877148
1902598507
1902099480
1901903025
1901893309
1901715354
1900886293
1900704008
1900536524
1900472809
1900166127
1899875573
1899487720
1899473403
1899342488
1899226910
1899135344
1898947322
1898933063
1898930376
1898722900
1898498859
1898360995
1898251225
1898196972
1897992940
1897674048
1897354594
1897108354
1896932754
1896761537
1896552474
1896276836
1896089337
1895791006
1895639703
1895437162
1895165201
1894733144
1894572404
1894472988
1894409174
1894342267
1893792357
1892922721
1892911022
1891877818
1891398318
1891357013
1891192806
1890972222
1890278817
1890212662
1889921077
1889518839
1889491078
1889345659
1888912948
1888797901
1888640650
1888563476
1888522535
1888494940
1888451103
1888268500
1888015841
1887964659
1887894648
1887788537
1887584775
1887323707
1887280791
1887266448
1886957582
1886856250
1886594815
1886107701
1885896908
1885713767
1885482847
1885404683
1885242337
1884975206
1884525578
1884423001
1884081308
1883770194
1883670119
1883616658
1883165825
1882968272
1882860968
1882681422
1882446307
1882189885
1881934540
1881570286
1881027611
1880984266
1880339333
1879710937
1879349679
1879266390
1878889527
1878884131
1878850862
1878699548
1878680486
1878665915
1878505783
1878211148
1878097272
1877902744
1877691274
1877605201
1877260169
1877224320
1876106717
1875830671
1875523279
1875376066
1875269880
1875011468
1874972972
1874896122
1874869747
1874736790
1874648033
1874528457
1874465460
1874340482
1874313086
1873971346
1873743938
1873708633
1873452134
1873420453
1873407019
1873311485
1873052223
1872707439
1872417106
1872279402
1872272389
1872129215
1871847776
1871748727
1871703080
1871703033
1870609850
1870535280
1870507454
1869895501
1869733335
1869604150
1869519077
1869284384
1869066753
1868612300
1868510292
1868427997
1868394695
1868107370
1868101416
1867323183
1867078886
1867072429
1866923267
1866563738
1866520074
1866516455
1865963838
1865884778
1865763704
1865355207
1864750954
1864258137
1864141328
1863731551
1863387643
1863159975
1862865106
1862718830
1862580972
1862452382
1862398671
1861851190
1861786095
1861507889
1860838991
1860658235
1860628263
1860309932
1859296212
1859266316
1858794660
1858709348
1858613505
1858366089
1858345714
1858284196
1858154162
1857967977
1857558769
1857558375
1857259329
1856819181
1856810374
1856795768
1856668824
1856521658
1856286372
1855940251
1855861457
1855797696
1855728349
1855609062
1855244789
1855184615
1855168437
1855103247
1855015766
1855002356
1854847468
1854546378
1854363799
1853941597
1853386364
1853162493
1853046671
1852784363
1852549673
1852521778
1852467843
1852139423
1851906418
1851836385
1851652974
1851493159
1850756013
1850755601
1850411065
1850110212
1849128921
1848908152
1848854767
1848624648
1848405548
1848297562
1848047153
1847737266
1847638819
1847429422
1847212208
1846920039
1846733972
1846699593
1846527988
1846510288
1846313743
1845726677
1844546022
1844204943
1844156667
1843611699
1843520219
1843395058
1842863624
1842536127
1842447197
1842393035
1842383048
1842088489
1841077052
1840679635
1840663008
1840634015
1840436436
1839965519
1839954054
1839598535
1839175321
1839099874
1838972571
1838873327
1838489894
1838435347
1838308908
1838267420
1838168243
1837993854
1836863515
1836594296
1836268331
1836177212
1836164524
1835724738
1835663432
1835529940
1835525127
1835161011
1834798056
1834533058
1834204023
1833978315
1833972037
1833488585
1833468893
1832874756
1832845936
1832597897
1832383965
1831816839
1831421943
1831060451
1831025486
1831024977
1830873915
1830583287
1830531204
1830510888
1830508044
1830408797
1830398413
1830171166
1830156468
1830047884
1829994678
1829799373
1829710096
1829609154
1829218589
1828939182
1828804236
1828457056
1828088540
1827856501
1827709466
1827593546
1827224419
1827102998
1826761855
1826737908
1826193562
1825908793
1825794855
1825693028
1824976208
1824836457
1824718134
1824633634
1824318482
1824074627
1823925851
1823273376
1823255798
1823153982
1822718061
1822249427
1822178506
1822079451
1821801352
1821767767
1821379981
1821239992
1820696649
1820662302
1820473824
1820186632
1820120652
1820026345
1819991740
1819124790
1818828244
1818667362
1818199770
1818179084
1817806070
1817631763
1817593783
1817559960
1817557721
1817167303
1817103266
1817083671
1816683027
1816641378
1816166388
1816060377
1816019621
1815964461
1815909461
1815784418
1815671803
1815494925
1815492589
1814916429
1814734925
1814206815
1814063487
1813888890
1813842098
1813768827
1813744760
1813549900
1813510598
1813272617
1813236750
1813100708
1812932847
1812629064
1812488647
1812463164
1812405353
1812371597
1812182133
1811969679
1811582011
1811251742
1811157265
1810812442
1810807947
1809958829
1809572798
1809111611
1808027362
1807894031
1807794809
1807563206
1807488881
1807450340
1807067589
1806921441
1806916090
1806876011
1806803807
1806094421
1806034055
1805948161
1805820622
1805441723
1805252791
1805004572
1804898668
1804753119
1804720864
1804418706
1804258639
1803739817
1803687295
1803149980
1803068245
1803057310
1802830224
1802690568
1802597333
1802505286
1801780648
1801603491
1801416549
1801379303
1801191920
1800997586
1800970507
1800916964
1800759586
1800641052
1800312119
1800305455
1800102402
1800051626
1799387859
1798431010
1798046068
1798018816
1797715124
1797370485
1797224508
1797026966
1796768139
1796587711
1796586753
1796139557
1796139224
1796054793
1795926721
1794573518
1794550738
1794246681
1793877413
1793739877
1793650657
1792803849
1791973109
1791716713
1791715484
1791570529
1791340483
1791258758
1791099195
1790827510
1790583890
1790131542
1789801204
1788857454
1788741284
1788688736
1788582569
1788251764
1788167937
1788076209
1788068621
1788050469
1787607159
1787552662
1787192402
1787075540
1786998557
1786901319
1786156906
1786092278
1785860949
1785595976
1785461379
1785329658
1785125572
1785114196
1785041463
1784631736
1784229386
1783907147
1783795727
1783764823
1783641781
1783099951
1782977613
1782696175
1782341934
1782279762
1781966258
1781927289
1781885369
1781851280
1781719065
1781497204
1781245495
1780441163
1780238366
1779793966
1779707773
1779692476
1779614195
1779507856
1779436939
1779293650
1779178482
1779012069
1778789141
1778359883
1778079400
1777801085
1777671365
1777496119
1777045046
1776823301
1776649842
1776474444
1776326914
1775571749
1775431112
1774897830
1774818754
1774803732
1774450515
1774171020
1773651276
1773532663
1773201682
1773066318
1772996910
1772659306
1772554405
1772263027
1771926547
1771644478
1771232540
1771216801
1771146956
1770778181
1770777803
1770177000
1770007629
1769834450
1769779117
1768426839
1768329657
1768121379
1768036826
1767964633
1767882177
1767831463
1767779125
1767225467
1766478991
1766439200
1766307924
1765853645
1765509727
1765271330
1765201383
1764974977
1764161280
1763573788
1763232518
1762834766
1762814459
1762494891
1761978357
1761958761
1761664850
1761118895
1761020770
1760658230
1760610245
1760509444
1759829498
1759446024
1759076556
1758715269
1758700200
1758640403
1758561580
1758237534
1758092700
1758092318
1757928777
1757460549
1757127619
1757039852
1756975182
1756804758
1756318016
1756276119
1755827104
1755744231
1755719766
1755646796
1755540159
1754843340
1754815918
1754756563
1754267207
1753903824
1753750996
1753739458
1753561762
1753553032
1753355976
1753325192
1752712442
1752531625
1752120538
1751155639
1751123124
1750864408
1750740391
1750664096
1750652251
1750549366
1750524502
1750379213
1750358258
1750092429
1749705126
1749301851
1749234990
1749107658
1748756500
1748345629
1748190680
1748028574
1747867062
1747693736
1747632867
1747495909
1747205799
1746851618
1746413836
1745979166
1745929105
1745869029
1745691372
1745537942
1745063516
1744910187
1744611726
1744132135
1744076926
1744016471
1743925670
1743762791
1743279450
1743221246
1743014036
1742904958
1742643823
1742263063
1742122612
1742041549
1742016219
1741223467
1740658296
1740294276
1739850462
1739800139
1739646617
1738962736
1738614581
1738584215
1738568325
1738373095
1738210525
1738087956
1738071162
1738021205
1737610709
1737431965
1737083834
1737049884
1736899157
1736825382
1736752298
1736405271
1736296297
1735671068
1735456870
1735422204
1735044555
1734924615
1734626296
1734570337
1733629341
1733215363
1733054267
1732739546
1732674070
1732555884
1732519916
1732378767
1732266529
1732240987
1732212835
1731287909
1731198417
1731151595
1730344734
1730025065
1729932421
1729364712
1728972687
1728902310
1728743215
1728619672
1727803699
1727612640
1727502894
1727497917
1727052788
1726855666
1726200144
1726174503
1726159957
1726130743
1725742327
1725330154
1725296661
1724763324
1724405002
1724352176
1724264147
1723962371
1723866989
1723215337
1723181951
1722947339
1722583335
1722052558
1721953000
1721476183
1721059376
1720685411
1720503713
1720404318
1720196992
1719989809
1719909998
1719864592
1719548124
1719512685
1719485011
1718136207
1717588289
1717544463
1717151895
1717110844
1716604163
1716369510
1716129804
1715834498
1715406078
1715238974
1715084662
1714765113
1714741429
1714666835
1714407203
1714406715
1714242631
1713948797
1712614656
1712392879
1711381916
1711093289
1710850143
1709940191
1709346653
1709150919
1708885837
1708180127
1707791406
1707536399
1707470043
1707372881
1707154072
1707148741
1707042348
1706997394
1706737952
1706529706
1706117165
1706058412
1705970014
1705937319
1705650239
1705543810
1705446412
1704897110
1704760964
1704440809
1704363292
1704347282
1703958117
1703944562
1703921154
1703851462
1703722872
1703712411
1703286603
1703224874
1703138994
1702983866
1702982272
1702945749
1702823893
1702619745
1701966693
1701485502
1701384233
1701368804
1701041245
1700763689
1700647296
1700596862
1700288829
1699661297
1699638686
1699412812
1698787274
1698346927
1698302455
1697637947
1697442459
1697425763
1696890488
1696690621
1696577443
1696414789
1695892121
1695422179
1695299384
1695135028
1694804968
1694756089
1694746148
1694718467
1693919494
1693558778
1693214384
1693197005
1692856228
1692628359
1692377852
1692102122
1691851854
1691837975
1689932750
1689816247
1689707572
1689235195
1688718756
1688201377
1688076573
1687952714
1687515441
1687430316
1687130392
1686884459
1686668996
1686538765
1686273819
1686196333
1685691322
1685659644
1685527114
1685141229
1685088926
1684979598
1684643287
1684497326
1683552850
1682909902
1682731685
1682415283
1681975919
1681833462
1681485864
1681472762
1681227248
1681194526
1681084586
1680877134
1680838716
1680722085
1680153933
1680010556
1679924374
1679234875
1679178698
1679057297
1678980746
1678820862
1678546188
1678332184
1677732257
1677408519
1677308578
1677126107
1676447984
1675681675
1675582614
1674905755
1674768652
1674730267
1674551842
1674047431
1673976690
1673620995
1672942348
1672722226
1672278945
1672225343
1672200801
1672102488
1672092276
1671987753
1671953807
1671850642
1671702307
1671401815
1671134674
1670997879
1670785391
1670135054
1669819986
1669502568
1669051695
1669031268
1668537930
1668215734
1667885038
1667624199
1667144708
1666531838
1666375912
1666343742
1666166145
1666072482
1665880975
1665748313
1665676894
1665340347
1664895725
1664889231
1664616993
1664585458
1664512002
1664232527
1664175696
1663863822
1663536427
1662967428
1662597623
1662287637
1662199014
1661831244
1661802676
1661363732
1661352340
1661072478
1660901589
1660733054
1660456551
1660126427
1660042636
1659904891
1659796258
1659494820
1659351434
1659208469
1659029200
1658586768
1658445256
1657966812
1657930639
1657813733
1657519772
1657418465
1657353902
1657179637
1656990450
1656582125
1656282035
1656163731
1655908852
1655293332
1655082282
1654978926
1654943339
1654861984
1654496682
1654468280
1654428905
1654276215
1653966061
1653871455
1653722973
1652852196
1652712029
1651880789
1651320633
1651255098
1651017546
1650782976
1650768191
1650604917
1650583867
1650312150
1649782055
1649767414
1649727711
1649574381
1649423596
1649419585
1649191932
1648826867
1648760510
1648687642
1648501742
1648246768
1647616317
1647543725
1647476942
1647456958
1647288977
1647255075
1647011210
1646875301
1646444454
1646236845
1645785203
1645403574
1645387522
1644941408
1644554239
1644325898
1644226731
1643963182
1643754916
1643737381
1643230908
1642875940
1642318696
1642168945
1641991240
1641456235
1641340334
1641209544
1640876253
1640484075
1640283000
1640236767
1640138650
1639459678
1639206724
1639002608
1638744388
1638351338
1638266053
1638128634
1638067157
1638034368
1638034015
1637998234
1637771726
1637740191
1636956454
1636863536
1636855723
1636536965
1636453239
1635873748
1635796500
1635632561
1635626518
1635448286
1634837332
1634729781
1634219526
1634152427
1634037371
1633064864
1632856118
1632499444
1632306448
1632288307
1632144941
1631968293
1631635351
1631294597
1630859700
1630785299
1630540862
1630507745
1630391677
1630169447
1630035686
1629890660
1629740837
1629474806
1629470258
1629441087
1629440122
1629429445
1629322119
1629172061
1628685262
1628551796
1628542086
1628422786
1628349939
1628128641
1628118229
1628097713
1627686770
1627658605
1627616441
1627307916
1627135199
1626833619
1626708172
1626703047
1626629016
1626363294
1625404046
1625247544
1625136462
1624612470
1624579828
1624435493
1624403068
1623291150
1623225740
1623126084
1622853345
1622725684
1622475641
1621985399
1621489732
1621388410
1621056790
1620528547
1619695125
1619610218
1618842229
1618247327
1618229406
1618168847
1618097891
1617949264
1617812999
1617529228
1617344457
1616345114
1616291472
1615855265
1615509230
1615429565
1615389775
1615331434
1614970627
1614929285
1614582063
1614444629
1614205930
1614119816
1614086399
1613774540
1613730278
1613664310
1613535110
1613353355
1613322286
1613204236
1613035020
1613012400
1612777040
1612754521
1612293568
1612199716
1612158078
1611563208
1611334962
1611297083
1610771078
1610652663
1610375355
1610290582
1609977256
1609899333
1609881744
1609459437
1609366810
1609124691
1608725920
1608139185
1608042592
1607557186
1607531760
1607405205
1607161724
1606737581
1606362694
1606179177
1606044115
1605877705
1605063250
1604601093
1604455992
1604421366
1604335512
1604087571
1604079068
1603929829
1603920135
1603906803
1603506292
1603465450
1603130519
1602968951
1602066044
1601542924
1600976134
1600924351
1600815695
1600512356
1600291013
1600178010
1599326833
1599129727
1599041739
1598744158
1598638819
1598460716
1598391883
1598282772
1598137634
1598074787
1597730200
1597305434
1596779625
1596730466
1596484320
1596477279
1596448261
1596197779
1596166610
1596024024
1595900370
1595708343
1595411323
1595365190
1595113856
1595069973
1594754489
1594432928
1593838038
1593442961
1593180445
1592826592
1592824271
1592587139
1592520097
1592518614
1592486124
1591129075
1590967660
1590643837
1590210464
1590084635
1589663426
1589436172
1589204136
1588829983
1588711114
1588468546
1588456205
1588126375
1588080444
1587977359
1587964806
1587934043
1587293497
1586989601
1586947350
1586925565
1586782200
1586778389
1586727187
1586466340
1586421293
1585904076
1585848973
1585781227
1585635649
1585047834
1584396756
1584009064
1583368912
1583264885
1583228405
1583146520
1582787049
1582431371
1582197580
1581935067
1581857937
1581795537
1581620339
1581599221
1581307175
1580575436
1580387497
1580067923
1579951883
1579531234
1579322970
1579080120
1579070637
1578730171
1577900721
1577849477
1577749506
1577591197
1577455264
1577437859
1576963857
1576545712
1576542408
1576498040
1576363867
1576281695
1576026066
1575860815
1575689760
1575523617
1575391716
1575347963
1575327890
1575266885
1574929854
1574743374
1574725387
1574609815
1574387638
1574378495
1573771623
1573560881
1572643385
1572297911
1572221271
1572105872
1572049671
1571864386
1571790410
1571759772
1571737894
1571639009
1570987436
1570830535
1570307899
1569858631
1569686164
1569498754
1569358324
1568815495
1568479358
1568377972
1567968876
1567934723
1567564867
1567381414
1567344777
1567252080
1566959821
1566417325
1566402041
1566284264
1566264959
1566208300
1566166629
1566144318
1565892815
1565822180
1565750178
1565659912
1565618753
1565383148
1565347112
1564966455
1564823023
1564569091
1564426675
1564367224
1563675178
1563589327
1563538489
1563384131
1563190533
1563007340
1562647722
1562624293
1562549938
1562370636
1562165229
1562099396
1561896113
1561746556
1561691328
1561672907
1561623939
1561326589
1561301782
1561138988
1560517229
1560460915
1559924727
1559773809
1559734851
1559186338
1558678040
1557968197
1557869148
1557809730
1557219900
1557066068
1556878890
1556740194
1556321187
1556028855
1555921217
1555790940
1555716859
1555690879
1555660916
1554520799
1554519134
1554277145
1554193209
1554120117
1553500211
1553013401
1552944617
1552750936
1552435984
1552101510
1551786918
1551635227
1551399607
1551379780
1550174907
1549824121
1549604408
1549596383
1549567155
1549336806
1549222366
1548704993
1548662461
1548647770
1548613644
1548016208
1547879455
1547691926
1547491597
1547081960
1546903076
1546805265
1546464482
1546339369
1545760191
1545722569
1545633432
1545593591
1545467986
1545446329
1545435086
1545367032
1545274588
1545078684
1544650070
1544613634
1544379228
1544296197
1544205272
1544083750
1543769831
1543659897
1543583940
1543411172
1542793025
1542582738
1542532685
1542475748
1542355989
1541877233
1541679752
1541397648
1541297440
1541171884
1541158302
1541102632
1541078308
1540747722
1540738805
1539653095
1539212325
1538892719
1538876418
1538640455
1538609538
1538208592
1538162732
1537987812
1537717987
1537667686
1537327567
1536970119
1536827257
1536777528
1536291554
1536133130
1535936934
1535498228
1535290205
1535263727
1534860634
1534777315
1534466290
1533894537
1533548744
1533525243
1533457145
1532943823
1532484917
1532472517
1532299836
1531621386
1531483173
1531212579
1531154693
1530995470
1530856755
1530741060
1530590168
1530390718
1529990553
1529958956
1529533993
1528524611
1527860348
1527687489
1527604323
1527544268
1527373079
1527343624
1526997457
1526727971
1526723123
1526419075
1526356753
1526197902
1526071854
1525881945
1525702974
1525353310
1524983179
1524938692
1524873955
1524468140
1524235073
1524144406
1524105113
1523983030
1523899888
1523631167
1523625463
1523506047
1523192267
1523000366
1522881010
1522846449
1522704908
1522449650
1522142456
1521574502
1521213828
1520824508
1520519020
1520344857
1520253301
1520059658
1519994670
1519708750
1518905059
1518750418
1518735839
1518486026
1518201918
1517246650
1516664245
1516622039
1516608918
1516537668
1516499977
1516262189
1516225313
1515230792
1515053271
1514975799
1514904362
1514560351
1514470107
1513971122
1513961477
1513647372
1513395597
1513063023
1513004350
1512267775
1512198865
1511947570
1511889857
1511866713
1511483060
1511420097
1511414310
1511340495
1511031134
1510825954
1510701731
1510555809
1509693574
1509588160
1509563906
1509483892
1509365322
1509095952
1508800221
1508764245
1508670237
1508606955
1508458512
1508388910
1508383604
1507924475
1507579647
1507217786
1505553349
1505271077
1505182048
1504253543
1504176243
1504101369
1503672720
1503347353
1503234404
1502942871
1502862927
1502819968
1502349572
1502287756
1501900167
1501870843
1501157557
1501085289
1500902105
1500901327
1500815391
1500506755
1500436609
1500261735
1500147158
1500024248
1499979740
1499824335
1499483991
1499173227
1498903025
1498848898
1496979190
1496928183
1496788001
1495894800
1495199117
1495058965
1494750008
1494747745
1494703947
1494545206
1494475731
1493944792
1493798619
1493325714
1493068381
1492695577
1492505268
1492051106
1492013379
1492001956
1491952146
1491819603
1491792124
1491745021
1491203642
1490891781
1490493813
1490302349
1490074923
1489963841
1489460702
1489433351
1489353201
1489193275
1489188070
1488188816
1488018645
1487836864
1487816827
1487351858
1487315756
1487087962
1487039034
1486080470
1485488056
1485401933
1484949009
1484927151
1484607243
1484266804
1484205792
1484190823
1483678377
1483510869
1483350017
1482803226
1482441890
1482346477
1482310669
1482263227
1481671955
1481541854
1480952250
1480652585
1480452068
1480410469
1480359605
1480321843
1480089189
1479978610
1478267787
1478209022
1478058667
1477652500
1477430381
1477191699
1476993230
1476750038
1476702099
1476623978
1476491683
1476097428
1476026792
1475989526
1475929076
1475457256
1475202171
1475078232
1474889686
1474729128
1474317011
1474076361
1473844223
1473827480
1473812666
1473774455
1473725491
1473710873
1472401211
1471949321
1471770125
1471646297
1471599620
1470804803
1470629049
1469924582
1469796659
1469696714
1469657509
1469493227
1469374541
1469320299
1469242649
1469053999
1468278958
1468214843
1468043293
1467645952
1467611933
1467276431
1467272113
1467202777
1466569549
1465973910
1465437266
1465402361
1465158871
1465119179
1465088555
1465067768
1465015504
1464326964
1464075394
1463974643
1463732927
1463479502
1463440049
1463394254
1463300606
1462918022
1462859603
1462696256
1462611049
1462545325
1462311230
1462190345
1462084697
1462021345
1461794776
1461489801
1460746588
1460592763
1460465784
1460415083
1460064808
1460039786
1459754012
1459477060
1459317886
1459133619
1459130130
1458725502
1458478290
1458454035
1458295268
1457627981
1457515085
1457364666
1456987592
1456966017
1456923347
1456628094
1456413066
1455866796
1455534072
1455271365
1455227454
1455158732
1454545375
1454470983
1454340892
1454231054
1454002042
1453369578
1453298017
1452593654
1451797100
1451610368
1451261884
1451002328
1450981283
1450963628
1450945644
1450832831
1450552431
1450493093
1450466808
1449928013
1449542134
1449456315
1449403129
1449351954
1449254689
1449147216
1449058410
1449043771
1448797973
1448626941
1448527274
1448410588
1448098225
1447775991
1447395874
1446905129
1446817173
1446787344
1446327437
1446207133
1446124173
1445859121
1445838473
1445650110
1445422071
1445211554
1445173132
1444764948
1444336445
1444264980
1444083753
1443903883
1443168896
1443077827
1443042386
1441784407
1441348413
1441302593
1441094965
1441027906
1441022117
1440939462
1440865194
1440355995
1439719644
1438326936
1437803802
1437783034
1437251050
1435907602
1435850283
1435818384
1435528693
1435411851
1435376069
1435312002
1434953902
1434905662
1434736782
1434691003
1434292175
1434020936
1433465746
1433046192
1432600987
1432510922
1432163543
1431747797
1431696678
1431618799
1431405616
1431251928
1431241238
1431035271
1430923976
1430712048
1430631334
1430480606
1430341808
1429911135
1429756917
1429450769
1429392711
1429184371
1428805112
1428367699
1428150048
1427757609
1427714720
1427375406
1427253831
1427069881
1427020674
1426551128
1426091475
1425772680
1425206478
1424840742
1424687619
1424523458
1424260186
1424175297
1424022718
1422895114
1422838454
1422697116
1422503300
1422383852
1422208170
1421573926
1421089355
1420952908
1420856610
1420196539
1420016516
1419882006
1419259045
1418902838
1418554034
1417899986
1417098691
1417063772
1416919405
1416443124
1416311863
1416209897
1416203547
1415683559
1415629322
1415506102
1415146744
1415010211
1414449530
1414154632
1414085965
1413416182
1413066060
1412848713
1412793868
1412267998
1412126925
1411405454
1411319149
1411255906
1411144414
1411013065
1410484883
1410437568
1410391341
1410038187
1409919698
1409852799
1409747284
1409544337
1409246579
1409239675
1409058064
1409007803
1408785963
1408372464
1407833483
1407820875
1407386957
1407368945
1407309018
1406936839
1406899246
1406873315
1406817803
1406736062
1406691383
1406497317
1406412597
1406277168
1405937552
1405897683
1405773062
1405397563
1405199105
1405022940
1404060602
1403648597
1403546367
1403484363
1403408712
1403103435
1403068223
1402629643
1402589807
1402345086
1402149669
1401738991
1401540280
1401139373
1400886240
1400427354
1400240203
1399789945
1399553740
1399490387
1399426837
1399175830
1399113379
1398973269
1398962177
1398745124
1398539386
1397748232
1397711564
1397437659
1397274010
1397143844
1396415363
1396220058
1396044952
1395873511
1395523029
1395500924
1395378930
1395005185
1394975105
1394835223
1394717057
1394418646
1394327943
1393554252
1392751275
1392537527
1392043373
1391972438
1391866819
1391260280
1391133874
1391114874
1391011287
1390246338
1390083649
1389721621
1389171088
1389140539
1389042455
1388672369
1388604203
1388378917
1388298271
1388266268
1388159968
1387560596
1387484192
1387050398
1386965506
1386291289
1386104150
1385700104
1385562441
1384953239
1384674638
1384162005
1383796935
1383737076
1383720373
1383432459
1383280097
1383201467
1382880960
1382563338
1381855189
1381705701
1381663676
1381401000
1380987180
1380493512
1380172027
1380079054
1379976784
1379897858
1379897685
1379111577
1378384672
1377845279
1377800341
1377540779
1377466461
1377125561
1376908411
1376686258
1376625600
1376232085
1376045029
1375913700
1375605243
1375553906
1375051547
1374956434
1374940127
1374797866
1374524107
1374451090
1373906677
1373777720
1373763300
1373672735
1373593597
1372895275
1372244820
1372243640
1371916801
1371549295
1371077847
1370122184
1369363176
1369311201
1369301856
1368978032
1368418752
1367955949
1367658936
1367644189
1367146865
1366865358
1366602782
1366379759
1366244230
1366056457
1365922817
1365884131
1365732198
1365411397
1365056179
1364927342
1364855423
1364850431
1364846404
1364519934
1364483215
1364423322
1364231837
1364140498
1363753784
1363589097
1363527054
1363101604
1362629610
1361533625
1361378701
1361375706
1361235008
1360600213
1360537138
1360183883
1359603415
1359431523
1359291834
1358997663
1358611537
1358441116
1358420218
1358189400
1357082204
1357060996
1356851234
1356690811
1356637078
1355934286
1355467973
1355327057
1354705987
1354565214
1354226971
1354068830
1353495664
1352854353
1352684850
1352266384
1352081965
1351881730
1351641602
1351414302
1351314464
1350958929
1350863663
1350541956
1350468234
1350439123
1350282576
1350078515
1349962161
1349584682
1349583279
1349096265
1349083565
1348966575
1348397351
1347962874
1347959023
1347888270
1347461158
1347324136
1347283226
1347061235
1346727855
1346380523
1346256861
1346233647
1345811436
1345764444
1345691048
1345611042
1345280741
1345157260
1345155369
1345071928
1344746473
1343818348
1343715172
1343133458
1343086141
1343057824
1342865876
1342689600
1342480359
1342463552
1342350395
1341823553
1341672594
1341435158
1341408951
1341323280
1341246013
1341021993
1340975958
1340703814
1340655137
1340624054
1340366764
1340129679
1339938951
1339885894
1339704977
1339474409
1339296353
1339156898
1339108841
1338937509
1338817500
1338741692
1338705708
1338620850
1338608746
1338185535
1337875307
1337509867
1337489795
1337412955
1337234814
1337087708
1337035213
1336663917
1336590223
1336306553
1336292687
1335672577
1335602068
1335381478
1335292653
1335278172
1335156196
1335059201
1334724691
1334692462
1334203907
1334110634
1333232931
1333105307
1332988228
1332926678
1330884781
1330792189
1330690224
1330643821
1330166788
1329842149
1329661648
1328556859
1327156693
1326699574
1326619133
1326461021
1326435079
1326171856
1325922239
1325700511
1325128595
1324813916
1324416612
1324165872
1323671239
1323554860
1323257015
1323246609
1322928200
1322783378
1322609802
1322232392
1322205746
1322170728
1321577623
1321391436
1321390513
1321132972
1321107689
1320897979
1319642304
1319627642
1319328825
1319117851
1319059959
1318916692
1318559453
1318432432
1318332904
1318005407
1317509375
1317254682
1317060409
1316913122
1316531964
1316470281
1315659008
1315425087
1314926180
1314660971
1314558078
1314495825
1314439736
1314007548
1313889173
1313640001
1313395889
1313353939
1313333302
1313209090
1312951430
1312438092
1312129225
1311923450
1311856621
1311570506
1311540255
1311393714
1311312001
1311308728
1311120033
1311102640
1310421705
1310141614
1310082498
1309970413
1309504763
1309421943
1309099753
1308795906
1308590727
1307627028
1307297775
1307040091
1306971881
1306919684
1306278648
1306258346
1305481176
1305274622
1305194641
1304692010
1304571324
1303877509
1303598257
1303562870
1303517227
1302843014
1302584858
1302577512
1302103051
1302102400
1302071160
1301379618
1301326475
1301013855
1300936969
1300928448
1300592308
1300532395
1300249732
1300233606
1299908060
1299674025
1299373627
1299149511
1299057579
1299021978
1298636072
1297839493
1297806277
1297554025
1297428418
1297023600
1296078177
1295665840
1295657532
1295411100
1295075783
1294735763
1294723889
1294308119
1294178672
1294147595
1294137402
1293743861
1293617400
1293349522
1293231061
1293171743
1293164650
1292538504
1292147566
1292036103
1291515873
1291067654
1290856500
1290747139
1290461236
1289979696
1289561244
1289118298
1289035302
1289017592
1288914478
1288478627
1288334775
1288245131
1287681532
1287176250
1286940820
1286652378
1286114020
1285827505
1285799534
1285578420
1285298674
1285248498
1284781093
1284325279
1284231605
1283704334
1283581585
1283389448
1283171671
1282960869
1282924438
1282742443
1282620863
1282228972
1281987487
1280572247
1280213700
1279722978
1279656357
1279478489
1279366950
1279335980
1279275919
1279178860
1279120180
1278802759
1278102891
1277809110
1277767827
1277575636
1277189679
1276932905
1276859493
1276664775
1276497532
1276441003
1276122043
1275972820
1275494066
1274903304
1274686633
1274533909
1274448059
1274405344
1274279114
1273955061
1273928783
1273079792
1273033201
1272761427
1272389083
1271824571
1271796028
1271723383
1271594917
1271504338
1271229721
1270731899
1270059926
1269597216
1269412011
1269242896
1269143353
1268520466
1267772594
1267769565
1267234138
1267097717
1266627731
1266298928
1265950516
1265717402
1265424885
1265311208
1263946201
1263559589
1263522903
1263374937
1263155365
1263092513
1262933041
1262627164
1261612620
1261515738
1261219931
1260877701
1260732112
1260718771
1260574973
1260530102
1260374252
1259119263
1258966461
1258414517
1258185668
1258181674
1257531698
1257239723
1256976520
1256921790
1256896033
1256837981
1256751253
1256503089
1256384228
1255941383
1255615158
1255047585
1255032237
1254877001
1254655035
1254520958
1254465925
1254079931
1253977538
1253904304
1253798217
1253645870
1253636186
1253448855
1252880412
1252760126
1252562055
1252550991
1252525331
1252247231
1252042256
1251872947
1250771477
1250620356
1250236478
1249681403
1249451495
1249175240
1249008980
1248723019
1248580498
1248428162
1248037479
1247888920
1247555716
1247135114
1246970259
1246801112
1246248370
1245939670
1245908594
1245727558
1245541283
1245434586
1245305619
1245301562
1245095086
1245037259
1244833803
1244798102
1244387702
1244243285
1244227523
1244196670
1242873014
1242854894
1242497631
1242486152
1242084464
1241968311
1241450121
1241262553
1240832325
1240133958
1240118609
1240084135
1240037247
1239720118
1239483139
1239373954
1239349057
1239180948
1239077330
1238582498
1238059534
1237995761
1237504867
1237494109
1237352092
1237247179
1237017799
1236880439
1236541258
1236391130
1235744272
1235711408
1235556156
1235534722
1235398886
1235217071
1235196396
1235182977
1235034493
1234844464
1234721803
1234499020
1234498581
1234112909
1233937995
1233653968
1233625388
1233180553
1232995640
1231689969
1231663223
1230515023
1230409484
1229756167
1229446745
1229251297
1229222601
1228903578
1228864271
1228689870
1228250196
1228216533
1227847793
1227794759
1227435103
1227330361
1227139392
1227082406
1227073303
1226702418
1226630725
1226510393
1225871137
1225703416
1225623342
1225558036
1225455665
1225374965
1225257045
1225134263
1224834763
1224742108
1224240935
1224186767
1224159519
1223322151
1223280688
1222897832
1222566381
1222227833
1222210594
1221778827
1221731031
1221566502
1221444429
1221396502
1221308035
1221147180
1220737091
1220387809
1220024916
1219999004
1219961325
1219019295
1218977164
1218394044
1217751774
1217740658
1217608206
1217236350
1217184302
1216654127
1216297395
1216224293
1216077885
1215783028
1215590105
1215364440
1215349572
1215325592
1215236981
1214848038
1214739215
1214601158
1214230301
1214149247
1214037356
1213895584
1213700534
1212893434
1212797557
1212261581
1212106490
1212047700
1211426908
1211173471
1209670693
1209273056
1209103049
1208896829
1208835987
1208183224
1207637743
1207394757
1207370967
1207284938
1207165291
1206403264
1205878592
1205754306
1205693097
1205669450
1205365738
1204555059
1204534445
1204454291
1204379579
1203758106
1203694287
1203468932
1203403928
1202994219
1202893880
1202851103
1201717184
1201639897
1201557195
1201410685
1201348024
1201310751
1201228359
1201014320
1200979120
1200203838
1199416716
1199346444
1199180147
1199172784
1199104216
1198462389
1198202076
1198150580
1197910929
1197799295
1197212107
1197165106
1197069786
1196323159
1195907604
1195617014
1195362055
1194474864
1194382940
1194029677
1192530958
1192141619
1191628165
1190594822
1190171509
1189961889
1189952518
1189828854
1189692455
1189663475
1189145219
1189108600
1188883434
1188787631
1188777257
1188630599
1188225514
1187939389
1187887886
1187824086
1187418018
1187300302
1186690899
1186604073
1186537675
1186343798
1186058238
1186038641
1185899837
1185284335
1185130368
1184800429
1184656074
1184089281
1183937811
1183929526
1183654249
1183428754
1183273369
1183055375
1182841219
1182761395
1182493841
1182382349
1181745207
1181731151
1181517102
1181160504
1180901394
1180338749
1180276134
1180209884
1179988248
1178943981
1178890282
1178650402
1178383781
1178059086
1177171435
1177163740
1176747276
1176719752
1175983062
1175982297
1175371739
1175324457
1174649639
1174432168
1174368619
1174253656
1172748738
1172618979
1172353743
1172055502
1171473655
1171134648
1170555060
1170550739
1169746850
1169665430
1169426340
1169375147
1168947700
1168940568
1168813299
1168666091
1168549298
1168539901
1168362113
1168064780
1167914304
1167902476
1167781954
1167699261
1167026483
1166479527
1166156936
1165978150
1165821635
1165609838
1165441954
1165351457
1165248270
1165165102
1164896589
1164497172
1164203831
1164143474
1163361427
1162940298
1162786493
1162348940
1162028703
1161739258
1161615504
1161301006
1161219038
1161059408
1161032520
1160966769
1160320859
1159193805
1159083993
1159017646
1158962668
1158848384
1158792380
1158364937
1158137283
1157951360
1157714762
1157440585
1157144851
1156490038
1156280104
1156173948
1156139613
1155667491
1155518626
1155251151
1155153114
1155074908
1154667162
1154395959
1154135350
1153878400
1153728316
1153596506
1153087240
1152985016
1152712434
1152581258
1152413222
1152307889
1152222824
1152208059
1152145968
1151998921
1151094127
1149887872
1149837458
1149598805
1149593307
1149503562
1149303397
1149076103
1149023890
1148701449
1148042892
1147503352
1147349782
1146873450
1146845640
1146778628
1146523475
1146315561
1145973001
1145870906
1145748474
1145669782
1145649262
1145618005
1145388488
1145381368
1145230991
1145175517
1145167088
1145143608
1144976624
1144895073
1144517653
1144209512
1144145684
1143005901
1142349078
1142328110
1142210273
1142171634
1141952273
1141552876
1141483287
1141227697
1141133375
1140451993
1140394086
1140204237
1139640250
1139502151
1139139321
1138878324
1138791520
1138657845
1138559082
1138273354
1138011001
1137830295
1137395734
1137377394
1137275742
1137183589
1135798607
1135614941
1135293263
1135198236
1135109506
1134817427
1134638841
1133473517
1133467470
1133030047
1132961765
1132958021
1132931923
1132820197
1131731417
1131316698
1130519694
1130380864
1130305953
1130005035
1129927620
1129730266
1129625168
1129614621
1129546561
1129534465
1128749837
1128722483
1128675591
1127475440
1127393509
1127254690
1127008646
1127005558
1126723827
1126355931
1125675316
1125537804
1125338129
1125148198
1125092217
1125006271
1124922193
1124726286
1124435309
1124397790
1124201108
1123747273
1123613087
1123348476
1123174564
1123137443
1122871282
1122835914
1122441077
1122149206
1122074704
1121758772
1121581062
1121527566
1121392893
1121350579
1121065581
1120586169
1120565343
1120488789
1119870658
1119364284
1118846551
1118486898
1118371815
1118344366
1118238120
1118143207
1118102161
1117796163
1117771407
1117367937
1116622064
1116546229
1116357157
1116313538
1115870780
1115795363
1115737456
1115700775
1115629614
1115134375
1114699001
1114671805
1114609677
1114599382
1114419609
1114213142
1113553507
1113472051
1113321672
1113277390
1112758020
1112606190
1112474719
1112464249
1112419853
1112333592
1112254962
1112248004
1112199945
1111785202
1111710415
1111229189
1109880415
1109642212
1109434913
1109367140
1109325724
1109270117
1109204081
1109034066
1108960049
1108781627
1108686789
1108504411
1107950600
1107449751
1107322950
1106819740
1106740296
1106468408
1106330327
1106032763
1105918916
1105507991
1105346974
1105328071
1105134195
1104816262
1104630093
1104622210
1104297708
1104007446
1103649387
1103443825
1103380872
1103079516
1102921391
1102524962
1101992598
1101990733
1101866414
1101400300
1101323393
1100965878
1100833084
1100687721
1100549714
1100086668
1099832651
1099815452
1099734536
1099384244
1099344786
1099311516
1099218805
1099206624
1098918498
1098786706
1098629156
1098610503
1098548815
1098468297
1098284695
1098230286
1098182442
1098170215
1098140318
1098079234
1097144012
1096820688
1096819016
1096809088
1096600350
1096512789
1096207627
1096137805
1096100526
1096079728
1095877443
1095861590
1095843710
1095340643
1094842974
1094705803
1094138554
1093606872
1093536864
1093018221
1092988654
1092986813
1092902363
1092740184
1092067659
1092030314
1091555569
1090857805
1090634912
1090504527
1090336299
1090270099
1090052255
1088974465
1088900432
1088810439
1088596369
1088568409
1088513349
1088074065
1086891819
1086671729
1086514517
1086328657
1085932300
1085798735
1085790567
1085229155
1084691807
1084578552
1084533811
1084343651
1084333740
1083620320
1083379922
1083223113
1082916857
1082800875
1082700579
1082663009
1082659056
1082173133
1082157404
1082019701
1081824489
1081336800
1081051689
1081035296
1079951728
1079660810
1079433511
1079170881
1078889773
1078742489
1077827648
1077794784
1077317831
1077281062
1077271155
1075897833
1075881261
1075731903
1075593340
1075346803
1074536417
1074330216
1073790200
1073490234
1073372568
1073344895
1073319800
1073217814
1073118282
1072810971
1072504094
1072146011
1071793826
1071759666
1071651374
1071299530
1070587926
1070522355
1070361814
1070333581
1070180091
1070057368
1069687522
1069442969
1069423479
1069119073
1068598364
1067600189
1067392434
1067336037
1067260180
1067193222
1067145805
1066972351
1066522376
1066515714
1066252901
1066237291
1066212640
1065974077
1065206860
1065022134
1064790157
1064326266
1062854785
1062737184
1062660408
1062094067
1062048547
1062010369
1061646194
1061369761
1061320417
1060736696
1060669172
1060565149
1060454806
1060287719
1060241654
1059221559
1059080943
1058954658
1058371866
1058243726
1058183154
1058166700
1057765872
1057730327
1056444068
1056391327
1055977373
1055920557
1055767257
1055574966
1055478463
1055108133
1054948819
1054909204
1054685615
1054345220
1054306590
1054232988
1053775650
1053457164
1053338179
1053327262
1053277006
1053063770
1052525825
1052263361
1052245805
1052113798
1051929015
1051912327
1051889364
1051851223
1051705415
1051435397
1051202559
1050957475
1050584333
1049764511
1049571864
1049146645
1049101076
1048942521
1048866697
1048718759
1048676649
1048585420
1048579250
1048450029
1048441017
1048245749
1048074060
1047986230
1047852544
1047718341
1047602233
1047340950
1047213148
1046888732
1046587375
1046141285
1045936242
1045734166
1045668623
1044821833
1044789659
1044630391
1044292802
1044173434
1043545382
1042153000
1041781612
1041774724
1041751751
1041342244
1041134870
1040795754
1040510734
1040471984
1040468131
1039892030
1039575492
1039510113
1039365890
1039215202
1038685083
1038626751
1038199559
1038172039
1037883966
1037665989
1037425324
1037362850
1037199318
1037020796
1036820875
1036584431
1036552907
1036477001
1036445696
1036298417
1035694954
1035086850
1034883762
1034811592
1034774740
1034657163
1034308479
1034274831
1034172912
1033999789
1033152933
1033003710
1032933280
1032652450
1032178895
1031775476
1031605910
1031580692
1031433628
1030728097
1030371629
1029717175
1029656848
1029609809
1029498689
1029058582
1028762030
1028738812
1028538083
1028325064
1027939992
1027574263
1027408650
1026810491
1026698428
1026298050
1025648047
1025531091
1024905727
1024554425
1024451059
1024238779
1024007600
1023513875
1023199708
1023151254
1023021083
1022997701
1022923188
1022908334
1022716115
1022551617
1022138322
1021414125
1021312349
1021119315
1020983764
1020922018
1020035047
1018990437
1018975310
1018919316
1018164236
1017701564
1017673264
1016876048
1016806498
1016712049
1016709903
1016296470
1015978183
1015382760
1015237248
1015128653
1014956652
1014483251
1014226616
1013893645
1013862458
1013818311
1013536909
1013415930
1013259596
1013222587
1012951612
1012454334
1012256770
1011930845
1011669282
1011654159
1011568449
1011499490
1011329600
1011270125
1011184809
1011135190
1011005284
1010883127
1010669558
1010411173
1010326615
1009723357
1009390968
1008929480
1008844630
1008645273
1008156643
1008075376
1008005439
1007909959
1007474265
1007416955
1007331708
1007292196
1007283811
1007201082
1007109105
1006938087
1006696520
1006616970
1006501766
1006480199
1006308494
1006260953
1006170183
1005907634
1005818562
1005649644
1004961083
1004876072
1004805695
1004515525
1004424472
1004318192
1004026800
1003965734
1003565004
1003457021
1003439722
1003305586
1003269420
1002927144
1002342687
1001848287
1001822031
1000995750
1000487125
1000470443
999961775
999855509
999692138
999599115
999379010
998600973
998523902
998433898
998153309
997103950
996883472
996847045
996792147
996652436
996051041
995751616
995740486
995576815
995117561
994775151
994608039
994490335
994449935
994281890
994127676
993900905
993887322
993709174
993588812
992976643
992825289
992781291
992779212
992730236
992263544
991912472
991317440
990737519
990412573
990252802
990144463
990076005
989918183
989386490
989229928
989154143
989111038
988744352
988683573
988370367
988298612
987810934
987214925
987189246
986983961
986932414
986488386
986373039
986366407
986121381
985951673
985731499
985060580
984883992
984723977
984526302
984507385
984326867
984196845
984145018
983676719
983494425
983368711
983240480
983224341
982929541
982325946
982290469
982003484
981649760
981159024
980910687
980907185
980667719
980229652
980218349
979975466
979947602
979934777
979243628
978962663
978790046
978589700
977966428
977661813
977392354
977292743
975911619
975780990
975675601
975601738
975588692
975558047
975465911
975431579
975334752
975305595
975091424
975026021
974996089
974834746
974648604
974390695
974124369
973332809
973209830
973105523
973020524
972987843
972868428
972569662
972119417
972062384
971934617
971775680
971651639
971534201
970527935
970461120
969268513
968950719
968942889
968829227
968645347
968547629
968454012
968437095
968340133
968207979
967630511
967226224
967111722
966948778
966792453
966731565
966399367
966277585
965964553
965917793
965666048
965516778
965338603
964533333
964279586
964096044
964027459
963839111
963633586
963435101
963425158
962902498
962847657
962767443
962686821
962640418
962571712
962229478
961829900
961442639
961184255
961165306
960484893
960372046
960281881
959718366
959175493
959018297
958913626
958262717
958157942
958033734
957952983
957662012
957470290
957331948
957123042
956644721
956544719
956077800
955741306
955710131
955346128
953814347
953808559
953632127
953414038
953065085
952894184
950543758
950447164
950235929
950076313
950006054
949800488
949722607
949436475
949312232
949305933
949119239
948963431
948561419
948049306
947905920
947821060
947612624
947405672
946836412
946286318
945716227
945708266
944598471
944453854
944273333
944140821
943906646
943638776
943539408
943438403
943389802
943243229
942652960
942532442
942505677
941786879
941433839
941106025
940718397
940448644
940252690
939754751
939606607
939567723
939277372
939047069
938711777
938538312
938386070
936928776
936781733
936696341
936553717
936506267
936049003
935715544
935657148
935449768
935188542
935134645
935000085
934387780
934268279
934007307
933991437
933875493
933468362
933278110
933055551
933055413
932841160
932598974
932087757
931332568
931220086
930430960
930185392
930108695
930075112
929745196
929699680
929379524
928768845
928635148
928634888
928505950
928369520
927986752
927406758
927318803
927078584
926681576
926371945
926136381
925812283
925717944
925688274
925415077
925060958
924284294
924111882
923543425
923187875
923186937
923071472
922833296
922781247
922300144
922121065
921966670
921737274
921644428
921637073
921397043
921387459
921210366
920696836
920505854
920499570
920373454
920162058
919851635
919490940
919466900
919454890
919260334
918971139
918862609
918490609
918232893
918036916
917837592
917527027
917441504
916351650
916164528
916098448
915980361
915907582
915581028
914946750
914466219
914244246
914198673
914135274
914015572
913710749
913609434
913501429
913275141
912994091
912909095
912877872
912551439
911753282
911651667
911612274
911500342
911215723
910272060
909716264
909334299
908488601
908483023
908444555
908427771
908264504
908141851
908132439
908132175
908001171
907968982
907671349
907587732
907447153
907273691
906839212
906743731
906718141
906187550
905934348
905719797
905595065
905304178
905287641
904937707
904679670
904606328
904291842
904121557
903431875
903303217
903244389
902936781
902885052
902368284
902148325
902123313
902077560
900408916
899373949
899306565
899241212
899212469
899078168
899067528
898898650
898853270
898707802
898588006
898523286
898058050
898050792
897958469
897721843
897477961
897125147
896370118
896299943
896013640
895506036
895058764
894915659
894862727
894779976
894659017
894344690
894268756
894236643
894173811
893610234
893594577
893570930
893394136
893120229
892959953
892853494
892251634
892063247
891629658
891620778
891589310
891224373
891195198
891156501
891054538
891026915
890811035
890563532
890449154
890051295
890049942
889750356
889528526
889300096
888928501
888781734
888724626
888454109
887823012
887767002
887714955
887706720
887207272
887105019
887021990
886956511
886913973
886811736
886779773
886554199
886500590
886387650
886327173
885993047
885824539
885673617
885628710
885592152
885545602
885508658
885379471
885221724
884767323
884459351
884427254
884308251
884297168
884257588
883956847
883881096
883515284
883409886
883163210
883023506
882929109
882676645
882093708
881415918
881096216
880996176
880829876
880703791
880512123
880297893
880196813
879720664
879707260
879467536
879336639
879228994
879091614
878701485
878486945
877982546
877138557
877137347
877110365
876974100
876899164
876467646
876338396
876287548
876205519
876178613
875897325
875723690
875465915
875235655
875073568
874612247
874053581
873611879
873610129
873197206
873117562
873095282
872979246
872890351
872887940
872784233
872695506
871969333
871345163
870865442
870497600
869746284
869630544
868122526
868087480
867393899
867370117
867293109
867243534
866468994
865732678
865601049
865342238
865217492
865050554
865024399
864932554
864506968
864489393
864141302
863892459
863586906
863320465
863207076
863136645
863017529
862314144
861905837
861726303
861711298
861247484
861153104
860823688
860725348
860355308
860018757
859446183
859109606
858601183
858403687
858320373
857420456
857203580
857097991
857039112
856548439
855805701
855725240
855582081
855443557
854995292
854605786
854470643
853868756
853766888
853538203
853448219
853203944
853020270
852939927
852723939
852699489
852677914
852353929
852325865
851860226
851822606
851209731
850907023
850539888
850197635
850040873
849943370
849274823
849133825
848996643
848776480
848754436
848710608
848569589
848275473
848036578
847803518
847646526
847629712
847500810
847479629
847336462
847135702
847092206
846788436
846652472
846626343
846503253
846496114
846366853
846029792
845862094
845695838
845504815
845423479
845351961
844619993
844200114
843809649
843793548
843701008
843524652
842958741
842488253
842396680
842276177
841771045
841538895
841440913
841430828
841344934
841312154
841077114
840380770
840045915
839794777
839778491
839758069
839719639
839683741
839528219
839275478
839183092
839083436
838050602
838039279
837947225
837882777
837730391
837675890
837643941
837400616
837228919
837197326
836430287
836414555
835898096
835856747
835804886
835369138
835306381
835149106
834985842
834749854
834447188
834326752
834149149
834119814
833717109
833693599
833688010
833282245
832656956
832339843
831969496
830773091
830509435
830401050
830144082
829906447
829778382
829308511
829263656
829149008
828808504
828504854
828489604
828005652
827748250
827669042
827657845
826154423
825998269
825976283
825520370
825502134
825164210
825073708
824305497
823942777
823779627
823710754
823704648
823382485
823184514
823184098
823157975
822861380
822533877
822468473
822382127
822305970
822165009
821972837
821919695
821742603
821453391
821359074
821208981
820535776
820431774
820378130
820286484
819366367
819138083
818952909
818946801
818906674
818683319
818194066
817769056
817751654
817704155
817682199
817570487
817561989
817288625
817285591
817112623
816987024
816905743
816857424
816231405
815529820
815333976
815160701
814974494
814567163
814455289
814368777
814192777
813811991
813474754
812754368
812628893
812623070
812161785
811942108
811872593
811564825
811399314
811112799
811102442
811041819
810947914
810944080
810890479
810719362
810523069
809797061
809722691
809483382
809050836
809023005
809014847
808731830
808305902
807945871
807487177
807263549
807193969
807091349
806975370
806922327
806884435
806859755
806749677
806622273
806586121
806528586
806420377
806272922
806190300
806122511
806070442
805578913
804954297
804871475
803848982
803165850
802493646
802344881
801899608
801703104
800913030
800791073
800607212
800241588
800070743
799809638
799752630
799672583
799651132
799650039
799527142
799515719
799476909
799220492
799149841
799115686
798754271
798657841
798603127
798270864
798017843
797887764
797669026
797345227
797329663
797002196
796764330
796478331
796257602
795363293
794853928
794827313
794718332
794684371
794488790
794029993
793902505
793556317
793547367
793424520
792917306
792876640
792783566
792577514
792231660
792176989
792068385
791832984
791814296
791135017
791068486
790733686
790428194
790238371
790113106
789936149
789886235
789235439
789174023
788600343
787881610
787776401
787674563
787070589
787011185
786687549
786665030
786649964
786552126
786549410
786491015
786412200
786321305
785210742
784776662
784674472
784154228
783924758
783416418
783376265
783203041
783202107
782908515
782852674
782632501
782615601
782502123
782206790
782179432
782142177
781746649
780825662
780734230
780292436
780269729
779625466
779071395
778857263
778787807
778672805
778430283
777708212
777245279
776786214
776774373
776645844
776569156
775332968
774824800
774611840
774191752
773947729
773930197
773589604
773567134
773482906
773098140
772972851
772858894
772693781
772673366
772570738
772363634
772346639
771803990
770779957
770519080
770493441
770315869
770187527
770177731
769912642
769678907
769561041
769410191
769359422
769056382
769021162
768803737
768795529
768540861
768372769
768262425
768258490
768050581
767869325
767766124
767699817
767584068
767518290
767070985
767025849
766817255
766491216
766467591
766318954
766185863
765714202
765449617
765350746
765133695
765050950
764981759
764948948
764935826
764880733
764581304
764299422
763221904
762829836
762770169
762254128
762101402
761952970
761788216
761405108
761206809
761141163
760736260
760626545
760380355
759957176
759836152
759528011
759099560
758978075
758788101
758585258
758107749
758106400
757645132
757568511
757372052
757010451
756235487
756207119
756149830
755949810
755789805
755631137
755364575
755127251
755096966
755060589
754910748
754817036
754746102
754668340
754526305
754136088
754074194
753793502
753741287
753661054
753587573
753245638
753045915
752788977
752641122
752632474
752582290
752574915
752206024
751892233
751812762
751368506
751333878
751195549
751055857
751029314
750484206
750155256
749638740
748981319
748559101
748494344
747876600
747519675
747216271
747173410
747135120
746919058
746888971
746814282
746369571
746130004
745760198
745647467
745369281
745062837
744938082
744818569
744571878
744172299
743701189
743474544
743420901
743397046
742594448
742577309
742554257
742409927
742292043
742045460
741926554
741848937
741609544
741214739
741033102
740917899
740888315
740436494
739887633
739731528
739684965
739283839
739088290
738708873
738572745
738443313
738308775
738134394
737277727
737222934
737121607
736993083
736980457
736933105
736814502
736572834
736414349
736231303
736149712
735278567
734712624
734510503
734119991
734050152
733728828
733698010
733527886
733184365
733115186
732716561
732499003
731946337
731649131
731444192
731369509
731030221
730704082
730536198
730451062
729915313
729578487
729223555
729123453
728963387
728800036
727930837
727881908
727839841
727636737
727400273
727085167
726985198
726860686
726759734
726093058
724908548
724846547
724750664
724598612
724165781
724124914
723989320
723399496
723311762
723304011
723215986
723092836
723079717
722576401
722504780
722440709
722097824
722080590
722053229
721924622
721556904
721353697
721312186
721238150
721159957
720951815
720877569
720837518
720461991
720097830
719658103
719447395
719303972
719240549
718814604
718730999
718561672
717523146
717206709
717044629
716959943
716609382
716527747
716491288
715995449
715584680
715036402
714868841
714806920
714792786
714622532
714543330
714438324
714254896
714218310
713399468
713356206
713000579
712546512
711560043
711499811
711398359
711200299
710974984
710782865
710529774
710396607
710361040
709572733
709327231
708884310
708327306
707870349
707079248
705971755
705540854
705480003
705368535
704916425
704627577
704494992
704492079
704441587
704436035
704375638
704272002
704172233
704075956
704019556
703935442
703804461
703598324
703129046
702987502
702512104
702214001
702053127
701670920
700988668
700451224
700295286
698903017
698326862
698285983
698031657
697970733
697746131
697738319
697450123
697427266
697215170
697091774
696866884
696705215
696182542
696078805
696056044
695892335
695854736
695830649
695784123
695594993
695100017
695057679
694734046
694163173
693760941
693679251
693589839
693301368
692932853
692729748
692634156
692498887
692361472
691706532
691479938
691459259
691451592
691007944
690932120
690751939
690278262
690166221
689931306
689693513
689509671
689404829
689079655
688932571
688529727
688350051
688243879
687339429
687091066
687068553
686974293
686432489
686017202
685861884
685553581
684920188
684891091
684736958
684282940
684185985
683993861
683394968
683141772
682630867
682448118
682423446
681717528
681436484
681327103
680852388
680641192
680548129
680156164
679930085
679690042
679686028
679065425
678649208
678640552
678617868
678258226
678237170
677648923
677073177
677049292
676866743
676582257
676422861
675913430
675845033
675780341
675584630
675528995
675219526
675109097
674904656
674444446
674339223
674086400
673492581
672996727
672891411
672742955
672045751
671695396
671271402
671188254
671037785
670645282
670332460
669596004
668914889
668773843
668347674
668204191
667361677
666989184
666974859
666202115
666175673
666072900
665452150
665407941
665323876
665039079
664780055
664735274
664541067
664382285
664346359
663609627
663585213
663265433
663234011
663169060
663122032
662983694
662768929
662764655
662367684
662173727
662154621
662012597
661871525
661519526
661450524
661301516
661262386
660456138
660191237
659652319
659599737
658912967
658869145
658798663
658557623
658444045
658317366
658064191
658052702
657548308
657506882
657292707
657067899
656926487
656462522
656075152
655885365
655498329
655358535
655220705
654776798
654737670
654534283
654108655
654008061
653548796
653391071
653031979
652947824
652852251
652720819
652641250
651955310
651945311
651640866
651536651
651501551
651070544
650947275
650866601
650692028
650060376
649873978
649558270
649485277
649253286
649168403
648928209
648721272
648706378
648701592
648583350
648441740
648296578
648196078
647509615
646968159
646416202
645831134
645728521
645224178
644769780
644618388
644545203
643898710
643712480
643543378
643219946
643170920
643166893
643119145
643087604
643059315
642962895
642870317
642857630
642272998
642116015
641978978
641367144
641082961
640901036
640480641
640349435
639958292
639943969
639890839
639117540
638987732
638755932
638577333
638563522
638516076
638241339
638201168
638012349
637832502
637709392
637654504
637495525
637436965
637363955
637116222
636941802
636855853
636571562
636350070
636225697
636058587
635681482
635670908
635596182
634951979
634498816
634173769
634015228
633755091
633563133
633218072
632610084
632548538
632051862
631904324
631608468
631381410
630977151
630861623
630387899
630207469
630005079
629777706
629714623
629702502
629309857
629272761
629108328
629042569
628957768
628848655
628825539
627943050
627640657
627555867
627533738
626685891
626359384
626180375
626161543
626081443
625842092
625736398
625469901
625425689
625386147
624715101
624685264
624519668
624145644
624077826
624068326
623925430
623876984
623392803
622404512
622147057
621998106
621731404
621627463
621609135
621585585
621384894
621113730
621040309
620941259
620677986
620641571
619059001
618567133
618156929
618013826
617926388
617806534
617334991
617286550
617248003
617161204
616871612
616341406
616225329
616061159
616029930
615594276
615301155
614419395
614353089
614264181
614177996
613912925
613548654
613209775
613203319
613133601
613079999
612869050
612504100
612177893
611754919
611661024
611461155
611130726
610910977
610687226
610635649
610459284
610219080
610211757
610139158
609972855
609949152
609863013
609729113
609003853
608897563
608761782
608526902
608418844
607500407
607476582
607467068
607356606
607313785
606800255
606627741
606476766
606318559
606212836
606164692
605877277
605781566
605733934
605384975
605250697
604196115
604009129
603672561
603518658
603516486
603487552
603336617
603123351
603017512
602926676
602883366
602878411
602461474
602365682
602314386
601900138
601868910
601522019
601406125
601358925
601250287
600929631
600790715
600776527
600423154
599920554
599808445
599584217
598985116
598945033
598780425
598502039
598417627
597980166
597958307
597714392
597292048
596768079
596693019
596660988
596554067
596465471
596197560
596090692
596012008
595497230
594677467
593753349
593249981
592882022
592784843
592073045
591958621
591138114
590946629
590900049
590812265
590464061
589742521
589159300
589143542
588883327
588878857
588729369
588449274
588395079
588011509
587924437
586915015
586275743
586254932
585750398
585655044
585534399
585369795
585034624
584370744
583665937
583612485
583514924
583492044
583222268
582902931
582777911
582600816
582422585
582356756
582299264
581989986
581938355
581885704
581528266
581370418
581185384
580744961
580558339
580454637
579771209
579696531
579187833
579016702
578999701
578871396
578511454
578145425
578073223
577948425
577880422
577496487
577234199
575517879
574937289
574802634
574589414
573888700
573794715
573704049
573572606
573389861
573369007
573000333
572985176
572922115
572612955
572539397
571994552
570395339
569311876
568793650
567944231
567911025
567836470
567499563
567136531
567054521
567037703
566980137
566707474
566700686
566685516
566436614
566401263
566265573
565776679
565769347
565731434
565682591
565506988
565332822
565188278
564775133
564712316
564615002
564583760
564214956
564151426
563908102
563716585
563622385
563067052
562520436
562367906
561699987
561583973
561292345
561253840
561063246
560819252
560675305
560511222
560214219
559952827
559598948
559592086
559216185
558827671
557026004
557009748
556939032
556758726
556547698
556207350
556088176
555475357
555439589
554981683
554944756
554900597
554459319
553988876
553407019
553383606
553254163
553236980
553149336
553057735
552601900
552585414
552442474
552395810
552235270
552088936
551814123
551807140
551751794
551565809
551510355
551415708
551405030
549943977
549488152
549427436
549350749
549207274
549023643
548803839
548535707
548477605
547639313
547615409
547347117
547324423
547271343
547243767
547224017
547099955
547076324
546801126
546745774
546685325
546646847
546540408
546501936
546471397
545982975
545118494
545070224
544975264
544804629
544613353
544530753
543591607
543523960
543109582
542673898
542561373
541734384
541648666
541560083
541519751
541517643
541390342
541356201
541206503
541204505
541125349
540823858
540555398
540270883
540001985
539047794
538915191
538711046
538447247
538142184
537959379
537161850
537050705
536904294
535935935
535916184
535712735
535604797
535410961
535223584
535153465
534934578
534901989
534871087
534870895
534567574
533942076
533762900
533075499
532819083
532688169
532454310
532035997
531894690
531447957
531367678
531253166
531232379
530644324
530571759
530214427
529721877
529574933
529236571
528629313
528475347
528283965
528243333
528161338
527855287
527574002
527163386
527048905
527023322
526902767
526695720
526673389
526535938
526460274
526266342
525750875
525503312
525294883
525218106
524936837
524809111
524505875
524262198
524161101
523547365
523479954
523291412
523023429
522880471
522810874
522794499
522556015
522341787
522080948
522017925
521739827
521646441
521147143
520937983
520915983
520167874
520167089
519531032
519304710
518852679
518808520
518412311
518168630
517489612
517235075
517180468
517091764
516915019
516603044
516394832
516256984
516227004
516147203
516063044
515445831
514972546
514423398
514165175
513938695
513478403
513366580
513111364
512302455
512046993
511941641
511853716
511841400
511715256
511632296
511378696
511193182
511140693
510824279
510387822
510339997
510212823
510076061
509919334
509835417
509636125
509455493
509149934
508914422
508813280
508793051
508761095
508584979
508486491
508196890
508047681
507567043
506907789
506877745
506789746
506761323
506048118
505980267
505858628
505794326
505651196
505286415
505162615
504684073
504548528
504537533
503727830
503570538
503560545
503345361
503341532
503268233
502905607
502569935
502212903
501794486
501748856
501563454
501511661
501318669
501147968
501138507
500920625
500799046
500457614
500446576
500419276
500368301
500353782
500234258
499681511
499358720
499016133
498213894
498022475
497050473
497050330
496898647
496531874
496473825
496199339
496056639
495676828
495442601
495172023
495001072
494591923
494364072
494334771
494148126
493915908
493724453
493626846
493471931
493405092
493176923
492995564
492894044
492827914
492724603
492367209
491216045
490696846
490196231
489972059
489082337
489012775
488733324
488378867
488228795
488183147
487752964
487574980
487216761
486666506
485803524
485759718
485649542
485649528
485551569
485117371
485000420
484968533
484812814
484726543
484702096
484660818
484405152
484340378
483297721
483259856
483239980
482929859
482926144
482885046
482733040
482720302
482437820
482401183
482372585
482221602
482016330
481422719
480936455
480593228
480586755
479933137
479821918
479514101
479173709
478184265
477333675
477306274
476230222
476021203
475992584
475924597
475848621
475485841
474991491
474871984
474611923
474382164
474213551
474143678
473985814
473304933
473054738
472285920
472206182
472159289
471733304
471721268
471444695
471342624
471023779
470907508
470892388
470754684
470676497
470383172
469792701
469778916
469269816
469245176
469052804
468804823
468784406
468454958
468357373
467813506
467797443
467089683
466922287
466918050
466877182
466847960
466411712
466258801
466110325
466002191
465279381
464601988
463855291
463568707
463387900
463365061
462795613
462787777
462661764
461523717
461372637
461229507
461023647
460933746
460834238
460116047
460050849
459625725
459452900
459430897
459393656
458874109
458798961
458663317
458611645
458015230
457648114
457494336
457476488
457472840
457350029
457030430
456867516
456664126
456516288
455969285
455962528
455467233
455380290
454868459
454496856
454221831
454079269
453897824
453836313
453595322
453417125
453282025
453188083
453098513
452951843
452854001
452847721
452688401
452298076
451964487
451914026
451861150
451846985
451776022
451677851
451552161
450763390
450633544
450554618
450477131
450432251
450082227
449810777
449698597
449505217
449353000
449243714
449084735
449036641
448601816
448236926
448191239
447827002
447646217
447360827
447093857
446753051
446289829
446056692
445761478
445389004
445292695
445200018
444994859
444870027
444652745
444418473
444300786
444275104
444173148
444168427
444127695
443983972
443916724
443895823
443807545
443678661
443585614
442768019
442564545
442380823
442132992
442058152
442008076
441830262
441829369
441412553
441329929
441164042
441083039
440755867
440456071
440439610
439853507
439502561
439232201
438203138
437779189
437693467
436694479
436664424
435778193
435406226
435161712
434503771
434033157
434027369
434002594
433907548
433872585
433792940
433526340
433306783
433117984
432782922
432650470
431955714
431685770
431579662
431353948
431243259
430899534
430570657
430544381
430472736
430362527
430247684
430138300
429687888
429575987
429560040
429545134
429297895
429055207
428857417
428846026
428841714
428573303
428572137
428358158
428168780
428121102
428116574
427946373
427728688
427661249
427463181
427314677
427311861
426826592
426658820
426582031
426537933
426162571
426158573
426154529
426044368
425969843
425703739
424709938
424643631
424231965
424173862
423829679
423766213
423330710
423263712
423219285
422606693
422464191
421652884
420512137
420170123
420135036
420106730
419985760
419964108
419224140
419051610
418905499
418593050
418368110
418229460
417955071
417946670
417779680
417719135
417718523
417563897
417559517
417555713
417416913
417364451
417194144
417127258
416986826
416847443
416657776
416438908
416327164
415907011
415217260
415047744
415015823
414717880
414200145
413697934
411911984
411453370
411228480
410876489
410056994
409840150
409685984
409663698
409475150
409433911
409282750
408834498
408697274
408649447
408330721
408006621
407671661
406592565
406518214
406053576
405838360
405726367
404997313
404863435
404679685
404234441
403944446
403745303
403315277
403259413
403218816
402639683
402346655
402325543
402166620
402111547
401981856
401606603
401229065
400984591
400944053
400766220
400516439
400469488
400280432
399945806
399811735
399673351
399558193
399506021
399498311
399224936
398220068
398086681
397102976
396627112
396316361
396287768
395897585
395849928
395848829
395592383
395458621
395141780
394369966
394218177
393584090
393452199
393430962
393093014
391065629
390420115
390355916
390137381
390041981
389973413
388916799
388609944
388562955
388469713
388328102
387950828
387706458
387409562
387224998
387191822
387143887
386721908
386534545
386189528
386044051
385521262
385238102
385054867
384938847
384889250
384858760
384027851
383559738
383375272
382945660
382792052
382784345
382568856
382560659
382301752
382078714
381926726
380708824
380420782
380250240
380127885
380109275
380027821
380010173
379676902
379460082
379400518
379164396
379146597
379018471
378991273
378655637
377836636
377579309
377513609
377461684
377408228
377243228
377141277
376468905
376394415
376052801
375937802
375492023
375419830
374989098
374650695
374544853
374510028
374310887
374192357
374181080
374041567
373621322
373521755
373456020
373096807
372812419
372702280
372668532
372605050
372453606
372349120
372294585
372248679
371923170
371872272
371478138
371229664
370991288
369827554
369705383
369671347
369648260
369310295
369088366
369058940
368767342
368678589
368592891
368374203
368126660
367859428
367652107
367637070
367531484
367522026
367092291
366475218
366387640
366376233
366329640
366320752
365890394
365447251
365379807
365167279
364026336
363990850
363504106
363421513
363383009
363213949
363202087
363047268
362968637
362789201
362593635
362428421
362214894
361993224
361471136
360831283
360273178
360178842
360118924
359881758
359776030
359239530
359236453
359220025
358842672
358403544
358351130
357346513
357113642
356909587
356846316
356754258
356754014
356563253
356484287
356119126
355950712
355477835
354376929
354160473
353924133
353809234
353605273
353592935
353443490
353429554
353192620
353173117
352841729
352578125
352572607
352096618
351991836
351794291
351401755
351379016
351202031
351176385
351171920
351112140
350828883
350647662
350292222
350008546
349949197
349852372
349736948
349440502
349434706
349378656
349364712
348593468
348511313
348354839
348233292
348170167
347895103
347720143
347283604
346941853
346673372
346645685
346574173
346251286
346233418
346163635
345715214
345370750
344736455
344202205
344177292
344006281
342908606
342904386
342691510
342652299
342644576
342602936
342145524
342101974
342057285
341873432
341017914
340898944
340198368
339381307
339349603
338386097
338122971
337480445
337346219
337301245
336903478
336718321
336686061
336382016
336369464
336304456
336286293
335985827
335542170
335472161
335193603
335079143
334951770
334914096
334706078
334572106
334406061
334198296
334093317
333865581
333671357
333654603
333559475
333112326
332963272
332894156
332276137
332269633
332245694
332174167
332094795
331509646
331486347
331320577
331162901
331121761
331049337
330944875
330828655
330728126
330689656
330630948
330351045
330301455
330288426
330173586
329875951
329840580
329712185
329649670
329443456
329222210
327504717
327494544
327462830
327305261
326760180
326378889
326349231
326277648
326156472
325809729
325805268
325406208
325337782
325304968
325162738
325117394
325031021
324876437
324610373
324478014
324280342
324266464
323926159
323864342
323563695
323534641
323294304
321963605
321946699
321892372
321848408
321814524
321776545
321663896
321479051
321396169
320954031
320587479
319581116
318928862
318873736
318724950
318417227
317866319
317592221
317315521
316961015
316902581
316856211
316166298
315989064
315351040
314629236
314545657
314215180
313883096
313614165
313567668
313254569
313156454
312596364
312535940
312513183
312358303
312010368
311691755
311612450
310869249
310866667
310437934
310194980
310187416
310180778
309942384
309863849
309686879
309446924
309100509
309068980
308849410
308402455
307720711
307497285
307490941
307411812
307287878
307046175
306795332
306783627
306756054
306697666
306155998
306147976
306128394
305987096
305959203
304966432
304949885
304783770
304776278
304669214
304459110
304383008
304163690
303937922
303844364
303823305
303815780
303790660
303602200
303571218
303370477
303282841
303014954
302068357
301899800
301839577
301604362
301603420
301438681
301354680
301050296
300854746
300796302
300572961
300490826
300339312
299788337
299627838
299475640
299460428
298952920
298673770
298464018
298169521
297400192
297292832
296843229
296662758
296551326
296370361
295864662
295370312
295222170
295037404
294904618
294534090
294500470
293961576
293911890
293482887
293200309
293132395
292706885
292646757
292465691
292337695
292312864
292295857
291896536
290799842
290564952
290339203
290334708
290263283
289970405
289851328
289184244
289125967
288857918
288668651
288144157
288047801
287902904
286834656
286647843
286537076
286122465
285898603
285838817
285836326
285650232
285453063
285198350
284547915
284028376
283942544
283668011
283465458
283265203
283100291
282467489
282302372
282301517
282166091
282115101
281912658
281544216
281416696
281393001
281317454
280877512
280697127
280481829
280260512
279538228
278900503
278590348
278234603
278105213
278060652
276687873
276398474
276220980
276099897
275207475
275160529
275154045
274902993
274877386
274812816
274495748
274413422
274365385
273684180
273379560
273351678
272989618
272849076
272682177
272534842
272188734
272186506
272175747
272099955
271976675
271853538
271849796
271665392
271569262
271275576
270982311
270907713
270608063
270423522
270361234
269956200
269905731
269582963
268885292
268777915
268287168
268023155
267751411
267692178
267589886
267543920
267047129
266465557
266311871
266137376
265970589
265531816
265224404
264455426
264208520
263882745
263435324
263349169
263237001
263204793
262887108
262521097
262392244
262388923
262223215
261703702
261650749
261610871
261372849
261361922
261266544
261124200
260479984
260414102
260039081
259546378
259528961
259439681
259281819
259190000
258386119
258261596
257894712
257887394
257731090
257424141
257422464
257244260
256965404
256943349
256811450
256809151
256489336
256020940
255858320
255791135
255756197
255552245
255344941
255295926
254692784
254656964
254175086
254013369
253571864
253248647
253088207
252971871
252460107
252330042
252235474
251858599
251526907
251335992
251173816
250683855
250512680
250508165
250307831
250254916
250158803
249964634
249675803
249643934
249279406
249029653
248911278
248814471
248700095
248492294
248174147
247592194
247571032
247103881
246480210
246055834
245914791
245844301
245782504
245678335
245493868
245489204
245413396
245005125
244877594
244832039
244699577
244500044
244146957
244042622
243395943
243258679
243083017
243059765
242347908
242324653
242043878
241561428
240896576
240869591
240754269
240406259
239884954
239360361
239174604
238740909
238705762
238520179
238175888
238153895
238143255
237145238
236652683
235866853
235834805
235708020
235228505
235032168
235025011
234968758
234684023
234599303
234314106
233942917
233936956
233842169
233640324
233625426
233611583
233259587
233180482
232825169
232709231
232246944
231883895
231309980
231277506
230872191
230743548
230598957
230453337
230246677
230227225
229882020
229642882
229611443
229537246
229501930
229426898
229125679
229079526
228803268
228738528
228125987
228034947
227470600
227278798
227255568
227253074
227008725
226505135
226139953
225830669
225649009
225355820
225113504
225038879
224909256
224767214
224736597
224635221
224527649
224368509
224007330
223904915
223600072
223489268
223461683
223206732
223129913
223098481
222845107
222559380
222510708
222314287
222251906
221870049
221824399
221591872
221246973
221150324
220756452
220718219
219958315
219912981
219540347
219378300
219264964
219206175
219193503
219183922
218953967
218787624
218682546
218308196
216748210
216505579
216139900
216131780
216012140
215627641
215589122
215381076
215244622
215233479
214977460
214968273
214810100
214778596
214747009
214598119
214261705
214211945
214112799
214040888
213889936
213531605
213124995
212267052
211885712
211644413
211411391
211390735
211338989
211270912
211104587
210940909
210199201
210159904
210110726
209836786
209806191
209605710
209174803
208920193
208524256
208489662
208375285
208369871
207563568
207531303
207281021
207237873
207215505
207057796
206930032
206705334
206617672
206570340
206551320
206288093
206233775
205974308
205821494
205778308
205474982
205047272
204676518
204543844
204419944
204312430
204209358
204071279
204012305
203258645
202611593
202379416
202095575
201171979
200843939
200748982
200629530
200604611
200019445
199902605
199320421
199282107
199096417
198866431
198772724
197896354
197885776
197061024
196529807
196179862
195875832
195867546
195728131
195210857
194840664
194758132
194652323
194591274
194581303
194509905
194027493
193862734
193648910
193630502
193624377
193562603
193439329
193196742
193094266
191928621
191896791
191550951
191471242
191378292
191361383
191258233
190785524
190748131
190367480
190353845
190071539
189610071
189432779
189363393
189114247
189025517
188821026
188724781
188665820
188236970
188068282
187965117
187905708
187837137
187639786
187554517
187504505
187393023
187327216
186925669
186854852
186670719
186205757
186070231
186033051
185704916
185689984
185055908
185025094
184951044
184893428
184324386
184135034
184008665
183550103
182582003
182144802
181740190
181487885
181311031
181060304
181000496
180884860
180647125
180481312
180327040
180052551
179937659
179934025
179512102
178854033
178620394
178252755
178109614
177753854
177663810
177568045
177487267
176935191
176859247
176807575
176265894
176056731
176009357
175895329
175772459
175433930
175322786
175233628
175212723
174805671
174600735
173912244
173371904
173153403
172523391
172438915
172357065
172120732
171961351
171418714
171325105
171108940
171086542
171050958
170829751
170686209
170653162
170494243
169712885
169573488
169563590
169361164
169196997
169112978
168590072
168576378
168498976
168291826
167915493
167750935
167689073
167473557
167431512
167405195
167336532
167172279
166801760
166616203
166450504
166349930
166116677
166113041
166087040
166081490
166017617
165960680
165874063
165743432
165219022
164870629
164757362
164742167
164508754
164454840
164095832
163600321
163511993
163313842
163285079
163257606
163245518
162813209
162447548
162105107
162073485
161781292
161703941
161606871
161247885
160824652
160686154
160550898
160488780
160479548
160026714
160023032
159692933
159437574
158851186
158552872
158346938
157765228
157153452
157081960
156118603
155858761
155631470
155548830
155406453
154490473
154224656
154089283
154004024
153807834
153661688
153534925
153421755
153306743
153227447
153110196
152521972
152424036
151877859
151496661
151142910
151120785
150722419
150334575
150074004
149894445
149853673
149669145
149660992
148992763
148980239
148730986
147642962
147609352
147539437
147517267
147506076
147286604
147221293
146908778
146735516
146213375
145933788
145760828
145576736
145544316
145166053
145165395
145016648
144801186
144797413
144792452
144792283
144783268
144579477
144490156
144410562
144360075
144288339
144189528
144125921
143606025
143527644
143248872
143051368
142996486
142677096
142507272
142381997
142273421
142158855
142149040
142023150
141796468
141791905
141656698
141617281
140248879
140246367
140182864
140170283
140072565
140008799
139985190
139945795
139922888
139895481
139296517
139263148
139219308
139183771
138870218
138841113
138825004
138147305
137862373
137485347
137352694
137266568
137196152
137133186
136940991
136436256
136295089
136069548
135565063
134537844
134513128
134262185
134141075
134033649
133847585
133755571
133664239
133471350
133471080
133065549
132570329
132514570
132477301
132251556
131981909
131922657
131869911
131663733
131561361
131250964
131118212
130936968
130678851
130598638
130381283
129017506
128699410
128545009
128446491
127648331
127594708
127564173
127159587
127093162
126574670
126467883
126391544
126150242
126132674
125971866
125893202
125273133
125222905
125060283
124870462
124486110
124282379
123967323
123589712
123524008
122919028
122152209
122141329
122084604
122059540
122050442
121491885
121410834
121352914
120873324
120705392
120442475
120407885
120339572
120212979
119953806
119896298
119293546
119236851
119204282
118377611
118050644
117718148
117382648
117046869
116988583
116655553
115925233
115532939
115083683
114959285
114864647
114580325
114405071
114092912
113734671
113605596
113131869
112621293
112435186
112269779
111903511
111407163
111208392
110896515
110617169
110609311
110149496
110062966
109980144
109856011
109689616
109678395
109604702
109513294
108235931
108181390
108090695
108050776
107874359
107759993
107521470
107326238
107065966
106997088
106553138
106519189
106464524
106046785
106041145
105988332
105397877
105387485
104963286
104834570
104631602
104352362
104295360
104185615
104156635
103766715
103416705
103045240
102666498
102652832
102016805
101527485
101220407
101152555
101065242
100895628
100844338
100815870
100550285
100392981
100281704
100245025
99767158
99689181
99448444
99191642
98974645
98929969
98409297
98370203
97300393
97155453
97079283
96484483
96348413
95272639
95269673
95079486
95029357
95011879
94517639
94419889
93682043
93422077
93350719
92784864
92722312
92710061
92402966
92275391
92113017
91893302
91690691
91556031
91454637
90627395
90221803
90037394
89900394
89871328
89810132
89783101
89724191
89231588
88918827
88735125
88440484
88384819
88284822
88265139
87972831
87915689
87700730
87529395
87296297
87190465
87169086
87078985
86970400
86709854
86524813
86493668
86189906
86148347
85684699
85312738
85252694
85167793
85145028
84749132
84715285
84698234
84557501
84511202
83956387
83123723
82768523
82643860
81612398
81591988
80994400
80547608
80324952
80231769
80195062
79979145
79931632
79892241
79691475
79545658
79325311
78997547
78562753
78319603
77897318
77744715
77731010
77579353
77332988
77021405
76886601
76642553
76473435
75928708
75789977
75327628
75321022
75313928
75132500
74934549
74920098
74558381
74401385
74048088
73999415
73818667
73370781
73201694
72825881
72295844
72150521
72070642
72067171
71317528
71150745
70893549
70870921
70836596
70787774
70637629
70499304
70059256
70030699
69438752
69141198
69119158
69089427
68696208
68636343
68580316
68565094
68532880
68075200
68014209
67750944
67330691
66998202
66882606
66877416
66801385
66528432
65940035
65381458
65107066
64323598
63688390
62444194
62355018
62295045
62258093
61974796
61914214
61889459
61749778
61027173
60863415
60836411
60733182
60709812
60583070
60416761
60247905
59800945
59097014
58912492
58416231
57930840
57540654
57209367
57112057
56914678
56844418
56525707
56478756
56209654
54898917
54080735
54069372
53332158
52484425
52346849
52203323
52021192
52011288
51864205
51842248
51680603
51558135
51453885
51240869
50970852
50849373
50739037
50497780
50228634
50210503
50111832
50100749
50037747
49897828
49747137
49336579
49240127
49236602
49208917
49112064
49046528
48872222
48488798
48452126
48374519
48315902
48314583
48094353
46828163
46685456
46218586
45938914
45913420
45295712
44983829
44486015
43995428
43973225
43707146
43388338
43289387
42769364
42611776
42464445
42303160
42216743
42090943
42061537
42035208
41631181
41483691
41412658
41057292
40321423
39815172
39057222
38807826
38623597
38518911
38410806
38392006
38243249
37909055
37846740
37845777
37718060
37646475
37597696
37556438
36930360
36709429
36704537
36594952
36485904
36116701
35665447
35619832
35297853
35218754
35124217
34828958
34782179
34732856
34405301
34335816
34247688
34186211
33740555
33506438
33024243
32988992
32721771
32256225
31851219
31686495
31625726
31506628
31413123
31392152
31364393
31221774
31163901
31022095
30984994
30801992
30248450
30210670
30160131
30083344
30030884
29647013
29527229
29269135
29064853
29037773
28654242
28205701
28144563
27759890
27646094
27316728
26388465
26316828
26003069
25939088
25934426
25812042
25312502
24883812
24656147
24484934
24091525
23945638
23863501
23703585
22881285
22819675
22354685
21933255
21887824
20906355
20709239
20562549
20487471
20478689
20036069
19932515
19924971
19178830
18817987
18662878
18299472
17658966
17632197
17175314
16834518
16793985
16728549
16352674
16253948
16009266
15933584
15784197
15655596
15317756
14725273
14371035
14110252
13781097
13145754
13044056
12905737
12448642
12425953
12249478
12236752
11998767
11969750
11119732
10789676
10374022
10276379
9888003
9662723
9641028
9463305
9099740
8736653
8484272
8475280
8436866
8411940
7958250
7739409
7642446
7175050
7154388
6909117
6816432
6522176
6183640
5727133
5339494
5221210
5029393
4968268
4703477
4338901
3960070
3732512
3531358
3411076
3142093
2634041
2618119
2465814
2459869
2431182
2053280
2045587
2030031
1683858
716711
424775
365733
195576
160784
5452
